{"schema_version": "v3", "run_id": "ext_brats2020__P5__s3000", "round": 0, "dataset": "ext_brats2020", "modality": "t1ce", "target": "necrotic", "dim": "3d", "query_unit": "slice", "seed": 3000, "round_seed": 3000, "component_seeds": {"model_init_seed": 4268717614, "loader_seed": 3761024140, "query_seed": 1653928250, "dropout_seed": 3551934248}, "total_rounds": 7, "budget_denominator": {"full_train_N": 15229, "requested_pool_cap": 5000, "actual_AL_pool_N": 2500, "budget_plan": [25, 50, 100, 176, 250, 375, 500], "fraction_of_AL_pool": 0.2, "fraction_of_full_train": 0.03283209665769256}, "policy_id": "P5", "policy_name": "EntropyCoreSet", "method_version": "1.0", "is_ablation": false, "policy_config": {}, "cumulative_budget": 25, "incremental_query_count": 25, "labeled_count": 25, "labeled_ratio": 0.01, "selected_ids": ["BraTS20_Training_054_s085", "BraTS20_Training_022_s130", "BraTS20_Training_333_s132", "BraTS20_Training_256_s093", "BraTS20_Training_313_s128", "BraTS20_Training_223_s102", "BraTS20_Training_045_s092", "BraTS20_Training_024_s139", "BraTS20_Training_121_s152", "BraTS20_Training_045_s108", "BraTS20_Training_023_s152", "BraTS20_Training_208_s149", "BraTS20_Training_232_s136", "BraTS20_Training_225_s081", "BraTS20_Training_143_s126", "BraTS20_Training_284_s088", "BraTS20_Training_256_s081", "BraTS20_Training_055_s134", "BraTS20_Training_062_s106", "BraTS20_Training_009_s088", "BraTS20_Training_334_s093", "BraTS20_Training_161_s111", "BraTS20_Training_318_s092", "BraTS20_Training_350_s089", "BraTS20_Training_364_s083"], "selected_scores": [0.0033722787629812956, 0.00333644007332623, 0.004376347176730633, 0.0039562443271279335, 0.004605298396199942, 0.0033464215230196714, 0.0035689817741513252, 0.003442654851824045, 0.0034313565120100975, 0.003373821033164859, 0.0033598551526665688, 0.0034596954938024282, 0.0032437117770314217, 0.003281361423432827, 0.0034164756070822477, 0.00352262775413692, 0.0035254275426268578, 0.0033075257670134306, 0.0035850044805556536, 0.0037827598862349987, 0.0033442778512835503, 0.003778160782530904, 0.0036394596099853516, 0.0033232877030968666, 0.003397558815777302], "selected_pred_fg_ratio": [0.02732086181640625, 0.054347991943359375, 0.06050872802734375, 0.056407928466796875, 0.0514678955078125, 0.051113128662109375, 0.042697906494140625, 0.02239990234375, 0.037464141845703125, 0.038265228271484375, 0.035800933837890625, 0.04067230224609375, 0.03653717041015625, 0.033336639404296875, 0.020233154296875, 0.018280029296875, 0.04245758056640625, 0.039478302001953125, 0.04450225830078125, 0.049488067626953125, 0.03717041015625, 0.042011260986328125, 0.041748046875, 0.05083465576171875, 0.04042816162109375], "selected_pred_class_dist": [[0.9726791381835938, 0.001537322998046875, 0.01403045654296875, 0.011753082275390625], [0.9456520080566406, 0.0052032470703125, 0.041378021240234375, 0.0077667236328125], [0.9394912719726562, 0.005084991455078125, 0.05309295654296875, 0.002330780029296875], [0.9435920715332031, 0.00127410888671875, 0.05457305908203125, 0.000560760498046875], [0.9485321044921875, 0.000804901123046875, 0.04850006103515625, 0.002162933349609375], [0.9488868713378906, 0.00632476806640625, 0.03887939453125, 0.005908966064453125], [0.9573020935058594, 0.001583099365234375, 0.02980804443359375, 0.0113067626953125], [0.97760009765625, 0.0009307861328125, 0.017200469970703125, 0.004268646240234375], [0.9625358581542969, 0.00646209716796875, 0.02587890625, 0.005123138427734375], [0.9617347717285156, 0.0036773681640625, 0.02130889892578125, 0.013278961181640625], [0.9641990661621094, 0.004268646240234375, 0.02240753173828125, 0.009124755859375], [0.9593276977539062, 0.00494384765625, 0.022853851318359375, 0.012874603271484375], [0.9634628295898438, 0.00064849853515625, 0.032032012939453125, 0.003856658935546875], [0.9666633605957031, 0.001087188720703125, 0.026889801025390625, 0.005359649658203125], [0.979766845703125, 9.918212890625e-05, 0.01970672607421875, 0.00042724609375], [0.981719970703125, 0.000522613525390625, 0.016880035400390625, 0.00087738037109375], [0.9575424194335938, 0.000614166259765625, 0.037967681884765625, 0.003875732421875], [0.9605216979980469, 0.001842498779296875, 0.033649444580078125, 0.003986358642578125], [0.9554977416992188, 0.006786346435546875, 0.028781890869140625, 0.00893402099609375], [0.9505119323730469, 0.00266265869140625, 0.0387420654296875, 0.008083343505859375], [0.96282958984375, 0.0009918212890625, 0.032360076904296875, 0.003818511962890625], [0.9579887390136719, 0.000766754150390625, 0.0363922119140625, 0.004852294921875], [0.958251953125, 0.0054473876953125, 0.036251068115234375, 4.9591064453125e-05], [0.9491653442382812, 0.003147125244140625, 0.0362091064453125, 0.011478424072265625], [0.9595718383789062, 0.00089263916015625, 0.03267669677734375, 0.00685882568359375]], "candidate_count": 2475, "candidate_scores_path": "/groups/echambe2/gmeng/MedAL-Agent/repo/code/runs/frozen_v5/candidate_scores/ext_brats2020__P5__s3000__r0.json", "predictions_path": "", "initial_labeled_path": "/groups/echambe2/gmeng/MedAL-Agent/repo/code/runs/frozen_v5/init_sets/ext_brats2020__s3000__n25.json", "initial_labeled_ids": ["BraTS20_Training_001_s103", "BraTS20_Training_006_s157", "BraTS20_Training_009_s069", "BraTS20_Training_019_s134", "BraTS20_Training_021_s146", "BraTS20_Training_022_s109", "BraTS20_Training_042_s147", "BraTS20_Training_042_s166", "BraTS20_Training_046_s152", "BraTS20_Training_058_s162", "BraTS20_Training_069_s094", "BraTS20_Training_091_s212", "BraTS20_Training_140_s171", "BraTS20_Training_184_s118", "BraTS20_Training_193_s115", "BraTS20_Training_203_s141", "BraTS20_Training_203_s177", "BraTS20_Training_237_s099", "BraTS20_Training_261_s147", "BraTS20_Training_276_s065", "BraTS20_Training_282_s116", "BraTS20_Training_290_s123", "BraTS20_Training_305_s127", "BraTS20_Training_321_s143", "BraTS20_Training_366_s159"], "selection_diagnostics": {}, "training": {"num_iters": 1000, "batch_size": 12, "lr": 0.001, "image_size": 512, "aspect_preserve": true, "resolution_policy": "longside_pad32", "preproc_cache": {"pool": "hit", "val": "hit"}, "train_runtime_sec": 567.116260766983, "query_runtime_sec": 52.646578311920166, "iters": 5000, "stop_iter": 5000, "mean_loss": 0.17025006315205246, "last_loss": 0.019778406247496605, "stop_reason": "plateau_max", "hit_max_iters": true, "final_smooth_loss": 0.019856594707816838, "best_smooth_loss": 0.021925493218004702, "diverged": false, "loss_curve": [[1000, 0.19230237916111947], [1100, 0.16798660159111023], [1200, 0.16776993677020072], [1300, 0.14855711787939072], [1400, 0.13815063677728176], [1500, 0.1345222956687212], [1600, 0.13104441434144973], [1700, 0.11751367196440697], [1800, 0.1172791674733162], [1900, 0.09942919164896011], [2000, 0.09425291620194912], [2100, 0.08978961780667305], [2200, 0.08709356509149074], [2300, 0.09041264444589615], [2400, 0.08634891867637634], [2500, 0.07960997074842453], [2600, 0.07211773306131362], [2700, 0.07282466523349285], [2800, 0.07278509467840194], [2900, 0.07116279650479555], [3000, 0.06450984846800566], [3100, 0.058901272006332876], [3200, 0.05663858961313963], [3300, 0.050868061035871506], [3400, 0.049401578791439534], [3500, 0.04496670227497816], [3600, 0.04282244997099042], [3700, 0.03983637023717165], [3800, 0.05038301970809698], [3900, 0.03579095054417849], [4000, 0.03457769563421607], [4100, 0.038301220797002315], [4200, 0.03172898504883051], [4300, 0.02867701567709446], [4400, 0.02760735969990492], [4500, 0.02482394378632307], [4600, 0.025302792750298977], [4700, 0.021925493218004702], [4800, 0.021053428892046214], [4900, 0.020345994839444756], [5000, 0.019856594707816838]]}, "ckpt_id": "ext_brats2020__P5__s3000__r0", "ckpt_path": "", "ckpt_hash": "5031c50a038ff31159743178259340e28336521be54f3fa0b1cceb544784d5df", "config_hash": "e4fae46d1c013eb7c36e2eeecfd787bd198e1e60b7f9bf7f044c146e0d2a9270", "feature_cache_keys": {"task_unet": "task_unet_bottleneck@5031c50a038f"}, "sam_model_type": "", "sam_checkpoint": "", "metrics": {"primary_metric": "mean_dsc_fg_case_macro", "metric_version": "v3_case_macro", "eval_scope": "case_retained_slices", "mean_dsc_fg_case_macro": 0.22573341336152067, "mean_dsc_fg": 0.22573341336152067, "mean_dsc_fg_pooled_diagnostic": 0.271285541579434, "dsc_per_class_pooled": [0.9875897307466933, 0.08766869332422658, 0.33013263271455145, 0.396055298699524], "dsc_per_class": [0.9875897307466933, 0.08766869332422658, 0.33013263271455145, 0.396055298699524], "n_cases": 31, "n_eval": 500, "structure_detection_rate": 1.0, "missed_structure_rate": 0.0}, "runtime_sec": {"train": 567.116260766983, "eval": 4.50286340713501, "select": 52.646578311920166}, "gpu_mem_mb": 9380.583936, "gpu_name": "NVIDIA H100 80GB HBM3", "gpu_total_mem_mb": 85294.972928, "foundation": {}, "notes": ""}
{"schema_version": "v3", "run_id": "ext_brats2020__P5__s3000", "round": 1, "dataset": "ext_brats2020", "modality": "t1ce", "target": "necrotic", "dim": "3d", "query_unit": "slice", "seed": 3000, "round_seed": 3001, "component_seeds": {"model_init_seed": 1368497401, "loader_seed": 724338150, "query_seed": 2939650167, "dropout_seed": 1283938365}, "total_rounds": 7, "budget_denominator": {"full_train_N": 15229, "requested_pool_cap": 5000, "actual_AL_pool_N": 2500, "budget_plan": [25, 50, 100, 176, 250, 375, 500], "fraction_of_AL_pool": 0.2, "fraction_of_full_train": 0.03283209665769256}, "policy_id": "P5", "policy_name": "EntropyCoreSet", "method_version": "1.0", "is_ablation": false, "policy_config": {}, "cumulative_budget": 50, "incremental_query_count": 50, "labeled_count": 50, "labeled_ratio": 0.02, "selected_ids": ["BraTS20_Training_001_s051", "BraTS20_Training_234_s134", "BraTS20_Training_244_s070", "BraTS20_Training_364_s068", "BraTS20_Training_345_s070", "BraTS20_Training_319_s081", "BraTS20_Training_273_s101", "BraTS20_Training_345_s091", "BraTS20_Training_163_s132", "BraTS20_Training_035_s085", "BraTS20_Training_131_s125", "BraTS20_Training_031_s119", "BraTS20_Training_349_s107", "BraTS20_Training_245_s116", "BraTS20_Training_225_s090", "BraTS20_Training_225_s120", "BraTS20_Training_113_s077", "BraTS20_Training_035_s072", "BraTS20_Training_307_s096", "BraTS20_Training_075_s124", "BraTS20_Training_149_s158", "BraTS20_Training_035_s096", "BraTS20_Training_026_s092", "BraTS20_Training_191_s100", "BraTS20_Training_258_s099", "BraTS20_Training_182_s166", "BraTS20_Training_180_s083", "BraTS20_Training_164_s119", "BraTS20_Training_235_s106", "BraTS20_Training_102_s121", "BraTS20_Training_313_s117", "BraTS20_Training_193_s091", "BraTS20_Training_069_s123", "BraTS20_Training_147_s156", "BraTS20_Training_365_s075", "BraTS20_Training_335_s157", "BraTS20_Training_256_s070", "BraTS20_Training_047_s104", "BraTS20_Training_014_s093", "BraTS20_Training_245_s140", "BraTS20_Training_075_s112", "BraTS20_Training_097_s096", "BraTS20_Training_261_s134", "BraTS20_Training_234_s122", "BraTS20_Training_218_s159", "BraTS20_Training_339_s120", "BraTS20_Training_176_s099", "BraTS20_Training_234_s112", "BraTS20_Training_254_s132", "BraTS20_Training_241_s123"], "selected_scores": [0.00802521500736475, 0.005629806779325008, 0.004319311585277319, 0.004774267785251141, 0.005173502955585718, 0.005571606568992138, 0.00544694671407342, 0.004879626911133528, 0.004590669646859169, 0.004827601835131645, 0.004375617019832134, 0.004550417885184288, 0.004607604816555977, 0.006443680729717016, 0.0057431780733168125, 0.004878885578364134, 0.004859025590121746, 0.004495885223150253, 0.0048715537413954735, 0.0043432400561869144, 0.005275693256407976, 0.007224981673061848, 0.004854636266827583, 0.00493186479434371, 0.004527355544269085, 0.00469245994463563, 0.0043914769776165485, 0.005824563093483448, 0.004837130196392536, 0.004769403021782637, 0.004378926008939743, 0.004319129977375269, 0.0051198313012719154, 0.005208052694797516, 0.004888765513896942, 0.004999001044780016, 0.004941502120345831, 0.004751355852931738, 0.004568380303680897, 0.0043592872098088264, 0.00463728467002511, 0.004467817489057779, 0.005919841583818197, 0.004431421868503094, 0.0046800547279417515, 0.0051036193035542965, 0.004429189953953028, 0.005223172716796398, 0.004422918427735567, 0.004408866632729769], "selected_pred_fg_ratio": [0.001712799072265625, 0.07210159301757812, 0.03308868408203125, 0.040164947509765625, 0.040454864501953125, 0.05960845947265625, 0.03668975830078125, 0.0264739990234375, 0.042606353759765625, 0.051219940185546875, 0.03998565673828125, 0.016109466552734375, 0.044910430908203125, 0.05400848388671875, 0.07143020629882812, 0.020229339599609375, 0.029998779296875, 0.03565216064453125, 0.049655914306640625, 0.034328460693359375, 0.03813934326171875, 0.04108428955078125, 0.07666778564453125, 0.058986663818359375, 0.034198760986328125, 0.0312652587890625, 0.061016082763671875, 0.034725189208984375, 0.060489654541015625, 0.03614044189453125, 0.05377197265625, 0.03963470458984375, 0.02648162841796875, 0.047863006591796875, 0.044902801513671875, 0.027454376220703125, 0.048999786376953125, 0.042118072509765625, 0.032779693603515625, 0.0566253662109375, 0.0371246337890625, 0.04346466064453125, 0.05921173095703125, 0.061702728271484375, 0.043285369873046875, 0.021877288818359375, 0.050201416015625, 0.07797622680664062, 0.0671844482421875, 0.032955169677734375], "selected_pred_class_dist": [[0.9982872009277344, 0.0006866455078125, 0.001026153564453125, 0.0], [0.9278984069824219, 0.0467681884765625, 0.02105712890625, 0.004276275634765625], [0.9669113159179688, 0.006626129150390625, 0.009723663330078125, 0.0167388916015625], [0.9598350524902344, 0.007328033447265625, 0.0217437744140625, 0.0110931396484375], [0.9595451354980469, 0.00879669189453125, 0.02288818359375, 0.008769989013671875], [0.9403915405273438, 0.0095672607421875, 0.03632354736328125, 0.0137176513671875], [0.9633102416992188, 0.011737823486328125, 0.0226898193359375, 0.002262115478515625], [0.9735260009765625, 0.004364013671875, 0.01964569091796875, 0.00246429443359375], [0.9573936462402344, 0.003231048583984375, 0.0239410400390625, 0.01543426513671875], [0.9487800598144531, 0.01447296142578125, 0.024066925048828125, 0.0126800537109375], [0.9600143432617188, 0.011775970458984375, 0.023151397705078125, 0.00505828857421875], [0.9838905334472656, 0.000202178955078125, 0.012844085693359375, 0.003063201904296875], [0.9550895690917969, 0.007152557373046875, 0.025661468505859375, 0.012096405029296875], [0.9459915161132812, 0.012615203857421875, 0.025875091552734375, 0.0155181884765625], [0.9285697937011719, 0.010211944580078125, 0.023345947265625, 0.037872314453125], [0.9797706604003906, 0.001346588134765625, 0.01464080810546875, 0.004241943359375], [0.970001220703125, 0.000164031982421875, 0.02802276611328125, 0.001811981201171875], [0.9643478393554688, 0.00238037109375, 0.018978118896484375, 0.014293670654296875], [0.9503440856933594, 0.01561737060546875, 0.030933380126953125, 0.00310516357421875], [0.9656715393066406, 0.006008148193359375, 0.01807403564453125, 0.01024627685546875], [0.9618606567382812, 0.0036773681640625, 0.01541900634765625, 0.01904296875], [0.9589157104492188, 0.009532928466796875, 0.0252838134765625, 0.006267547607421875], [0.9233322143554688, 0.01741790771484375, 0.045940399169921875, 0.013309478759765625], [0.9410133361816406, 0.002838134765625, 0.016841888427734375, 0.039306640625], [0.9658012390136719, 0.0081329345703125, 0.02109527587890625, 0.004970550537109375], [0.9687347412109375, 0.0028076171875, 0.013729095458984375, 0.014728546142578125], [0.9389839172363281, 0.0100860595703125, 0.028591156005859375, 0.0223388671875], [0.9652748107910156, 0.002796173095703125, 0.019195556640625, 0.01273345947265625], [0.9395103454589844, 0.00688934326171875, 0.0415191650390625, 0.012081146240234375], [0.9638595581054688, 0.00038909912109375, 0.02532958984375, 0.0104217529296875], [0.94622802734375, 0.013286590576171875, 0.039714813232421875, 0.00077056884765625], [0.9603652954101562, 0.0130615234375, 0.014240264892578125, 0.012332916259765625], [0.9735183715820312, 0.000640869140625, 0.019489288330078125, 0.006351470947265625], [0.9521369934082031, 0.00252532958984375, 0.04052734375, 0.004810333251953125], [0.9550971984863281, 0.013942718505859375, 0.020069122314453125, 0.010890960693359375], [0.9725456237792969, 0.001659393310546875, 0.02098846435546875, 0.0048065185546875], [0.9510002136230469, 0.00373077392578125, 0.018093109130859375, 0.0271759033203125], [0.9578819274902344, 0.011699676513671875, 0.021392822265625, 0.00902557373046875], [0.9672203063964844, 0.009334564208984375, 0.020595550537109375, 0.002849578857421875], [0.9433746337890625, 0.006069183349609375, 0.026813507080078125, 0.02374267578125], [0.9628753662109375, 0.009410858154296875, 0.017078399658203125, 0.0106353759765625], [0.9565353393554688, 0.01178741455078125, 0.013744354248046875, 0.017932891845703125], [0.9407882690429688, 0.031505584716796875, 0.02463531494140625, 0.003070831298828125], [0.9382972717285156, 0.0325469970703125, 0.024444580078125, 0.004711151123046875], [0.9567146301269531, 0.00577545166015625, 0.017822265625, 0.019687652587890625], [0.9781227111816406, 7.2479248046875e-05, 0.017894744873046875, 0.003910064697265625], [0.949798583984375, 0.0233001708984375, 0.0240631103515625, 0.002838134765625], [0.9220237731933594, 0.058925628662109375, 0.01389312744140625, 0.005157470703125], [0.9328155517578125, 0.005733489990234375, 0.02465057373046875, 0.036800384521484375], [0.9670448303222656, 0.00257110595703125, 0.022136688232421875, 0.00824737548828125]], "candidate_count": 2450, "candidate_scores_path": "/groups/echambe2/gmeng/MedAL-Agent/repo/code/runs/frozen_v5/candidate_scores/ext_brats2020__P5__s3000__r1.json", "predictions_path": "", "initial_labeled_path": "/groups/echambe2/gmeng/MedAL-Agent/repo/code/runs/frozen_v5/init_sets/ext_brats2020__s3000__n25.json", "initial_labeled_ids": [], "selection_diagnostics": {}, "training": {"num_iters": 1000, "batch_size": 12, "lr": 0.001, "image_size": 512, "aspect_preserve": true, "resolution_policy": "longside_pad32", "preproc_cache": {"pool": "hit", "val": "hit"}, "train_runtime_sec": 512.7918901443481, "query_runtime_sec": 51.98041749000549, "iters": 4500, "stop_iter": 4500, "mean_loss": 0.21701448713988067, "last_loss": 0.05857185646891594, "stop_reason": "plateau", "hit_max_iters": false, "final_smooth_loss": 0.05442683406174183, "best_smooth_loss": 0.05863148365169764, "diverged": false, "loss_curve": [[1000, 0.277480916082859], [1100, 0.23694904610514642], [1200, 0.2068430921435356], [1300, 0.18514251843094826], [1400, 0.1791619472950697], [1500, 0.16159173183143138], [1600, 0.16159619130194186], [1700, 0.14392851188778877], [1800, 0.13550079852342606], [1900, 0.12316595174372197], [2000, 0.1398067820817232], [2100, 0.12176128894090653], [2200, 0.11991367012262344], [2300, 0.1059855841845274], [2400, 0.1032063602656126], [2500, 0.09972484573721886], [2600, 0.09774044930934905], [2700, 0.09398306444287301], [2800, 0.09108906395733357], [2900, 0.08480948742479086], [3000, 0.08495709922164679], [3100, 0.07991486385464669], [3200, 0.07599985230714083], [3300, 0.07765597946941853], [3400, 0.07355912450700998], [3500, 0.07185466762632131], [3600, 0.06705704707652331], [3700, 0.06537150993943214], [3800, 0.06425396509468556], [3900, 0.06438302669674158], [4000, 0.05863148365169764], [4100, 0.05656204104423523], [4200, 0.07698283042758704], [4300, 0.0818839056417346], [4400, 0.059704195745289325], [4500, 0.05442683406174183]]}, "ckpt_id": "ext_brats2020__P5__s3000__r1", "ckpt_path": "", "ckpt_hash": "a359211e93c9897688dad609cec982900de66fb09cdb0cdab372123955c8ea51", "config_hash": "e4fae46d1c013eb7c36e2eeecfd787bd198e1e60b7f9bf7f044c146e0d2a9270", "feature_cache_keys": {"task_unet": "task_unet_bottleneck@a359211e93c9"}, "sam_model_type": "", "sam_checkpoint": "", "metrics": {"primary_metric": "mean_dsc_fg_case_macro", "metric_version": "v3_case_macro", "eval_scope": "case_retained_slices", "mean_dsc_fg_case_macro": 0.38452678299034, "mean_dsc_fg": 0.38452678299034, "mean_dsc_fg_pooled_diagnostic": 0.4999012265956739, "dsc_per_class_pooled": [0.9906886658557099, 0.47688924636575675, 0.4090021055303602, 0.6138123278909047], "dsc_per_class": [0.9906886658557099, 0.47688924636575675, 0.4090021055303602, 0.6138123278909047], "n_cases": 31, "n_eval": 500, "structure_detection_rate": 1.0, "missed_structure_rate": 0.0}, "runtime_sec": {"train": 512.7918901443481, "eval": 4.391818284988403, "select": 51.98041749000549}, "gpu_mem_mb": 9428.851712, "gpu_name": "NVIDIA H100 80GB HBM3", "gpu_total_mem_mb": 85294.972928, "foundation": {}, "notes": ""}
{"schema_version": "v3", "run_id": "ext_brats2020__P5__s3000", "round": 2, "dataset": "ext_brats2020", "modality": "t1ce", "target": "necrotic", "dim": "3d", "query_unit": "slice", "seed": 3000, "round_seed": 3002, "component_seeds": {"model_init_seed": 3745551808, "loader_seed": 2465835433, "query_seed": 2701088630, "dropout_seed": 1393056386}, "total_rounds": 7, "budget_denominator": {"full_train_N": 15229, "requested_pool_cap": 5000, "actual_AL_pool_N": 2500, "budget_plan": [25, 50, 100, 176, 250, 375, 500], "fraction_of_AL_pool": 0.2, "fraction_of_full_train": 0.03283209665769256}, "policy_id": "P5", "policy_name": "EntropyCoreSet", "method_version": "1.0", "is_ablation": false, "policy_config": {}, "cumulative_budget": 100, "incremental_query_count": 76, "labeled_count": 100, "labeled_ratio": 0.04, "selected_ids": ["BraTS20_Training_265_s159", "BraTS20_Training_358_s077", "BraTS20_Training_224_s173", "BraTS20_Training_270_s086", "BraTS20_Training_224_s171", "BraTS20_Training_322_s152", "BraTS20_Training_123_s173", "BraTS20_Training_296_s160", "BraTS20_Training_221_s162", "BraTS20_Training_246_s156", "BraTS20_Training_241_s099", "BraTS20_Training_289_s082", "BraTS20_Training_009_s072", "BraTS20_Training_113_s070", "BraTS20_Training_321_s116", "BraTS20_Training_342_s072", "BraTS20_Training_318_s079", "BraTS20_Training_022_s162", "BraTS20_Training_179_s165", "BraTS20_Training_123_s165", "BraTS20_Training_224_s146", "BraTS20_Training_349_s074", "BraTS20_Training_053_s071", "BraTS20_Training_148_s167", "BraTS20_Training_351_s168", "BraTS20_Training_273_s156", "BraTS20_Training_140_s134", "BraTS20_Training_349_s084", "BraTS20_Training_214_s087", "BraTS20_Training_221_s131", "BraTS20_Training_249_s165", "BraTS20_Training_270_s094", "BraTS20_Training_009_s082", "BraTS20_Training_235_s097", "BraTS20_Training_225_s112", "BraTS20_Training_358_s084", "BraTS20_Training_148_s155", "BraTS20_Training_075_s170", "BraTS20_Training_259_s099", "BraTS20_Training_171_s099", "BraTS20_Training_140_s119", "BraTS20_Training_191_s081", "BraTS20_Training_354_s088", "BraTS20_Training_302_s075", "BraTS20_Training_125_s103", "BraTS20_Training_256_s088", "BraTS20_Training_237_s081", "BraTS20_Training_009_s094", "BraTS20_Training_093_s080", "BraTS20_Training_113_s080", "BraTS20_Training_148_s171", "BraTS20_Training_358_s075", "BraTS20_Training_022_s119", "BraTS20_Training_194_s171", "BraTS20_Training_001_s073", "BraTS20_Training_316_s128", "BraTS20_Training_299_s158", "BraTS20_Training_191_s119", "BraTS20_Training_296_s156", "BraTS20_Training_053_s094", "BraTS20_Training_121_s137", "BraTS20_Training_014_s073", "BraTS20_Training_236_s092", "BraTS20_Training_208_s138", "BraTS20_Training_152_s108", "BraTS20_Training_252_s165", "BraTS20_Training_037_s098", "BraTS20_Training_224_s160", "BraTS20_Training_218_s152", "BraTS20_Training_130_s083", "BraTS20_Training_151_s132", "BraTS20_Training_027_s154", "BraTS20_Training_268_s083", "BraTS20_Training_293_s135", "BraTS20_Training_140_s147", "BraTS20_Training_163_s147"], "selected_scores": [0.00436306931078434, 0.004325841553509235, 0.00492088170722127, 0.0042303381487727165, 0.0043661464005708694, 0.00447594840079546, 0.004570028278976679, 0.004548197612166405, 0.005211350508034229, 0.005515689495950937, 0.004197037313133478, 0.004273123107850552, 0.004061080049723387, 0.0042140125297009945, 0.004084818996489048, 0.0039908685721457005, 0.00486212782561779, 0.004005526192486286, 0.004278851673007011, 0.004092855378985405, 0.004156160168349743, 0.004498747177422047, 0.0051229605451226234, 0.0040149083361029625, 0.0041513508185744286, 0.004654336720705032, 0.004626489710062742, 0.00447075255215168, 0.004082519561052322, 0.004139686468988657, 0.0046990071423351765, 0.004163133911788464, 0.0050991373136639595, 0.004277502652257681, 0.004073719028383493, 0.005010437220335007, 0.004134477116167545, 0.0051186587661504745, 0.004507647827267647, 0.005254742689430714, 0.0040267277508974075, 0.0040276870131492615, 0.005267268046736717, 0.006103745196014643, 0.00524194585159421, 0.0050221593119204044, 0.004510338883846998, 0.004881756380200386, 0.004658369347453117, 0.005493361037224531, 0.00458746450021863, 0.004847703035920858, 0.004206574521958828, 0.004317643120884895, 0.0041345348581671715, 0.004098163917660713, 0.005337238311767578, 0.0040754578076303005, 0.004558448679745197, 0.0066661047749221325, 0.00412345863878727, 0.004524257965385914, 0.004356514196842909, 0.004093461204320192, 0.004406331572681665, 0.004561272915452719, 0.004069127608090639, 0.004447226878255606, 0.004716631956398487, 0.005282571539282799, 0.004049439914524555, 0.003991533070802689, 0.004897583741694689, 0.004671436734497547, 0.005915664602071047, 0.004432938992977142], "selected_pred_fg_ratio": [0.0411224365234375, 0.036540985107421875, 0.02356719970703125, 0.06687164306640625, 0.03974151611328125, 0.042682647705078125, 0.05240631103515625, 0.02715301513671875, 0.06559371948242188, 0.022731781005859375, 0.03960418701171875, 0.040302276611328125, 0.0384979248046875, 0.03940582275390625, 0.017822265625, 0.042652130126953125, 0.05084991455078125, 0.00952911376953125, 0.034778594970703125, 0.052455902099609375, 0.06525802612304688, 0.0342559814453125, 0.0457611083984375, 0.04396820068359375, 0.02292633056640625, 0.048236846923828125, 0.06441497802734375, 0.0563507080078125, 0.0470428466796875, 0.034149169921875, 0.019390106201171875, 0.0653228759765625, 0.049510955810546875, 0.06292724609375, 0.031230926513671875, 0.042205810546875, 0.0434722900390625, 0.0309600830078125, 0.041652679443359375, 0.0452728271484375, 0.02660369873046875, 0.04662322998046875, 0.059345245361328125, 0.033435821533203125, 0.06318283081054688, 0.06360244750976562, 0.04900360107421875, 0.06227874755859375, 0.0516357421875, 0.05760955810546875, 0.03092193603515625, 0.0395965576171875, 0.020175933837890625, 0.032085418701171875, 0.04880523681640625, 0.0252227783203125, 0.03890228271484375, 0.0218963623046875, 0.021495819091796875, 0.04576873779296875, 0.056774139404296875, 0.04496002197265625, 0.031444549560546875, 0.062244415283203125, 0.043750762939453125, 0.035907745361328125, 0.049571990966796875, 0.056819915771484375, 0.053829193115234375, 0.051166534423828125, 0.04344940185546875, 0.044330596923828125, 0.020702362060546875, 0.0286865234375, 0.0580902099609375, 0.05443572998046875], "selected_pred_class_dist": [[0.9588775634765625, 0.013031005859375, 0.02703857421875, 0.0010528564453125], [0.9634590148925781, 2.6702880859375e-05, 0.029644012451171875, 0.006870269775390625], [0.9764328002929688, 0.001003265380859375, 0.012607574462890625, 0.00995635986328125], [0.9331283569335938, 0.00384521484375, 0.027774810791015625, 0.035251617431640625], [0.9602584838867188, 0.005733489990234375, 0.017528533935546875, 0.0164794921875], [0.9573173522949219, 0.02555084228515625, 0.015705108642578125, 0.00142669677734375], [0.9475936889648438, 0.008022308349609375, 0.0254669189453125, 0.018917083740234375], [0.9728469848632812, 4.57763671875e-05, 0.025539398193359375, 0.001567840576171875], [0.9344062805175781, 0.0106353759765625, 0.042400360107421875, 0.0125579833984375], [0.9772682189941406, 0.00341033935546875, 0.019275665283203125, 4.57763671875e-05], [0.9603958129882812, 0.012317657470703125, 0.015491485595703125, 0.0117950439453125], [0.9596977233886719, 0.01453399658203125, 0.025188446044921875, 0.000579833984375], [0.9615020751953125, 0.002613067626953125, 0.0264129638671875, 0.009471893310546875], [0.9605941772460938, 0.001140594482421875, 0.033603668212890625, 0.00466156005859375], [0.982177734375, 0.000354766845703125, 0.015777587890625, 0.001689910888671875], [0.9573478698730469, 0.00260162353515625, 0.030872344970703125, 0.00917816162109375], [0.9491500854492188, 0.00582122802734375, 0.043697357177734375, 0.001331329345703125], [0.9904708862304688, 4.9591064453125e-05, 0.008541107177734375, 0.00093841552734375], [0.9652214050292969, 0.00827789306640625, 0.01641082763671875, 0.010089874267578125], [0.9475440979003906, 0.00853729248046875, 0.028896331787109375, 0.01502227783203125], [0.9347419738769531, 0.015903472900390625, 0.038364410400390625, 0.010990142822265625], [0.9657440185546875, 0.00476837158203125, 0.02097320556640625, 0.008514404296875], [0.9542388916015625, 0.006145477294921875, 0.03063201904296875, 0.008983612060546875], [0.9560317993164062, 0.001667022705078125, 0.034885406494140625, 0.007415771484375], [0.9770736694335938, 0.0, 0.02150726318359375, 0.0014190673828125], [0.9517631530761719, 0.0165863037109375, 0.031116485595703125, 0.0005340576171875], [0.9355850219726562, 0.023578643798828125, 0.0244903564453125, 0.016345977783203125], [0.9436492919921875, 0.016262054443359375, 0.01851654052734375, 0.021572113037109375], [0.9529571533203125, 0.004245758056640625, 0.02835845947265625, 0.014438629150390625], [0.965850830078125, 0.00502777099609375, 0.0146942138671875, 0.01442718505859375], [0.9806098937988281, 0.000728607177734375, 0.017108917236328125, 0.001552581787109375], [0.9346771240234375, 0.008335113525390625, 0.027317047119140625, 0.02967071533203125], [0.9504890441894531, 0.005931854248046875, 0.032440185546875, 0.011138916015625], [0.93707275390625, 0.018039703369140625, 0.02577972412109375, 0.019107818603515625], [0.9687690734863281, 0.000926971435546875, 0.025299072265625, 0.0050048828125], [0.957794189453125, 0.000705718994140625, 0.039295196533203125, 0.00220489501953125], [0.9565277099609375, 0.001316070556640625, 0.037647247314453125, 0.00450897216796875], [0.9690399169921875, 0.00118255615234375, 0.021305084228515625, 0.008472442626953125], [0.9583473205566406, 0.012454986572265625, 0.024166107177734375, 0.005031585693359375], [0.9547271728515625, 0.030658721923828125, 0.0091094970703125, 0.005504608154296875], [0.9733963012695312, 0.0015716552734375, 0.022281646728515625, 0.002750396728515625], [0.9533767700195312, 0.00249481201171875, 0.016353607177734375, 0.027774810791015625], [0.9406547546386719, 0.008838653564453125, 0.034893035888671875, 0.015613555908203125], [0.9665641784667969, 0.0088348388671875, 0.017452239990234375, 0.00714874267578125], [0.9368171691894531, 0.0066375732421875, 0.033329010009765625, 0.02321624755859375], [0.9363975524902344, 0.013881683349609375, 0.017940521240234375, 0.031780242919921875], [0.9509963989257812, 0.003787994384765625, 0.03260040283203125, 0.012615203857421875], [0.9377212524414062, 0.010700225830078125, 0.039318084716796875, 0.01226043701171875], [0.9483642578125, 0.004852294921875, 0.03107452392578125, 0.01570892333984375], [0.9423904418945312, 0.01073455810546875, 0.045421600341796875, 0.001453399658203125], [0.9690780639648438, 0.001800537109375, 0.022975921630859375, 0.006145477294921875], [0.9604034423828125, 0.000118255615234375, 0.030620574951171875, 0.00885772705078125], [0.9798240661621094, 0.00023651123046875, 0.01731109619140625, 0.002628326416015625], [0.9679145812988281, 0.00799560546875, 0.0146484375, 0.009441375732421875], [0.9511947631835938, 0.00484466552734375, 0.037387847900390625, 0.006572723388671875], [0.9747772216796875, 0.01206207275390625, 0.011821746826171875, 0.001338958740234375], [0.9610977172851562, 0.0274658203125, 0.009975433349609375, 0.001461029052734375], [0.9781036376953125, 0.0021209716796875, 0.00994110107421875, 0.00983428955078125], [0.9785041809082031, 0.0, 0.020565032958984375, 0.0009307861328125], [0.9542312622070312, 0.018749237060546875, 0.0260162353515625, 0.001003265380859375], [0.9432258605957031, 0.0092620849609375, 0.0379180908203125, 0.009593963623046875], [0.9550399780273438, 0.003147125244140625, 0.0312652587890625, 0.010547637939453125], [0.9685554504394531, 0.004852294921875, 0.01340484619140625, 0.013187408447265625], [0.9377555847167969, 0.01081085205078125, 0.0296478271484375, 0.021785736083984375], [0.9562492370605469, 0.01471710205078125, 0.020229339599609375, 0.0088043212890625], [0.9640922546386719, 0.004802703857421875, 0.02628326416015625, 0.00482177734375], [0.9504280090332031, 0.021205902099609375, 0.026119232177734375, 0.002246856689453125], [0.9431800842285156, 0.0201873779296875, 0.018970489501953125, 0.01766204833984375], [0.9461708068847656, 0.00616455078125, 0.012310028076171875, 0.0353546142578125], [0.9488334655761719, 0.020099639892578125, 0.020656585693359375, 0.010410308837890625], [0.9565505981445312, 0.0099029541015625, 0.02188873291015625, 0.01165771484375], [0.9556694030761719, 0.00823974609375, 0.027385711669921875, 0.00870513916015625], [0.9792976379394531, 0.001132965087890625, 0.0175933837890625, 0.00197601318359375], [0.9713134765625, 0.0083770751953125, 0.018482208251953125, 0.001827239990234375], [0.9419097900390625, 0.008876800537109375, 0.038036346435546875, 0.01117706298828125], [0.9455642700195312, 0.0132293701171875, 0.0190582275390625, 0.02214813232421875]], "candidate_count": 2400, "candidate_scores_path": "/groups/echambe2/gmeng/MedAL-Agent/repo/code/runs/frozen_v5/candidate_scores/ext_brats2020__P5__s3000__r2.json", "predictions_path": "", "initial_labeled_path": "/groups/echambe2/gmeng/MedAL-Agent/repo/code/runs/frozen_v5/init_sets/ext_brats2020__s3000__n25.json", "initial_labeled_ids": [], "selection_diagnostics": {}, "training": {"num_iters": 1000, "batch_size": 12, "lr": 0.001, "image_size": 512, "aspect_preserve": true, "resolution_policy": "longside_pad32", "preproc_cache": {"pool": "hit", "val": "hit"}, "train_runtime_sec": 568.5480000972748, "query_runtime_sec": 50.77594327926636, "iters": 5000, "stop_iter": 5000, "mean_loss": 0.23956784181445837, "last_loss": 0.0895254835486412, "stop_reason": "plateau_max", "hit_max_iters": true, "final_smooth_loss": 0.07160386599600316, "best_smooth_loss": 0.07528434805572033, "diverged": false, "loss_curve": [[1000, 0.357542969584465], [1100, 0.3297132451832294], [1200, 0.31430058732628824], [1300, 0.2717574894428253], [1400, 0.2519758678972721], [1500, 0.22742772564291955], [1600, 0.21635531425476073], [1700, 0.19323425844311715], [1800, 0.18260774821043013], [1900, 0.1736536392569542], [2000, 0.1622052435576916], [2100, 0.15899769991636276], [2200, 0.1441967985033989], [2300, 0.13982497319579124], [2400, 0.1413506180047989], [2500, 0.1332413662225008], [2600, 0.12886888734996318], [2700, 0.12479992277920246], [2800, 0.11991227000951767], [2900, 0.11749242089688777], [3000, 0.10879433616995811], [3100, 0.10944749027490616], [3200, 0.10730263702571392], [3300, 0.10187421686947346], [3400, 0.10320585653185844], [3500, 0.0978448998183012], [3600, 0.09802385441958904], [3700, 0.0933405939489603], [3800, 0.09263974495232105], [3900, 0.09002581663429737], [4000, 0.08709705658257008], [4100, 0.085267653465271], [4200, 0.0831520175933838], [4300, 0.08218303184956312], [4400, 0.08152779825031757], [4500, 0.07942175403237343], [4600, 0.07528434805572033], [4700, 0.07390168502926826], [4800, 0.07361590929329395], [4900, 0.0716902294382453], [5000, 0.07160386599600316]]}, "ckpt_id": "ext_brats2020__P5__s3000__r2", "ckpt_path": "", "ckpt_hash": "d1207eb7c39f067f0993d67eb7332a5a87f49659e87a8d78f8de9996bab9cc7e", "config_hash": "e4fae46d1c013eb7c36e2eeecfd787bd198e1e60b7f9bf7f044c146e0d2a9270", "feature_cache_keys": {"task_unet": "task_unet_bottleneck@d1207eb7c39f"}, "sam_model_type": "", "sam_checkpoint": "", "metrics": {"primary_metric": "mean_dsc_fg_case_macro", "metric_version": "v3_case_macro", "eval_scope": "case_retained_slices", "mean_dsc_fg_case_macro": 0.42330607285130684, "mean_dsc_fg": 0.42330607285130684, "mean_dsc_fg_pooled_diagnostic": 0.528648472791343, "dsc_per_class_pooled": [0.9914695717902635, 0.49949944909427263, 0.43181672026204354, 0.6546292490177127], "dsc_per_class": [0.9914695717902635, 0.49949944909427263, 0.43181672026204354, 0.6546292490177127], "n_cases": 31, "n_eval": 500, "structure_detection_rate": 1.0, "missed_structure_rate": 0.0}, "runtime_sec": {"train": 568.5480000972748, "eval": 4.0564165115356445, "select": 50.77594327926636}, "gpu_mem_mb": 9429.654528, "gpu_name": "NVIDIA H100 80GB HBM3", "gpu_total_mem_mb": 85294.972928, "foundation": {}, "notes": ""}
