{"schema_version": "v3", "run_id": "ext_brats2020__P1__s3000", "round": 0, "dataset": "ext_brats2020", "modality": "t1ce", "target": "necrotic", "dim": "3d", "query_unit": "slice", "seed": 3000, "round_seed": 3000, "component_seeds": {"model_init_seed": 4268717614, "loader_seed": 3761024140, "query_seed": 1653928250, "dropout_seed": 3551934248}, "total_rounds": 7, "budget_denominator": {"full_train_N": 15229, "requested_pool_cap": 5000, "actual_AL_pool_N": 2500, "budget_plan": [25, 50, 100, 176, 250, 375, 500], "fraction_of_AL_pool": 0.2, "fraction_of_full_train": 0.03283209665769256}, "policy_id": "P1", "policy_name": "EntropyFull", "method_version": "1.0", "is_ablation": false, "policy_config": {}, "cumulative_budget": 25, "incremental_query_count": 25, "labeled_count": 25, "labeled_ratio": 0.01, "selected_ids": ["BraTS20_Training_256_s103", "BraTS20_Training_273_s116", "BraTS20_Training_313_s128", "BraTS20_Training_362_s125", "BraTS20_Training_333_s121", "BraTS20_Training_256_s107", "BraTS20_Training_252_s121", "BraTS20_Training_333_s132", "BraTS20_Training_221_s150", "BraTS20_Training_273_s125", "BraTS20_Training_221_s152", "BraTS20_Training_136_s127", "BraTS20_Training_333_s122", "BraTS20_Training_245_s114", "BraTS20_Training_252_s113", "BraTS20_Training_252_s127", "BraTS20_Training_354_s088", "BraTS20_Training_045_s089", "BraTS20_Training_313_s126", "BraTS20_Training_261_s137", "BraTS20_Training_208_s141", "BraTS20_Training_256_s093", "BraTS20_Training_254_s138", "BraTS20_Training_322_s124", "BraTS20_Training_054_s090"], "selected_scores": [0.005247248336672783, 0.004986015148460865, 0.004605298396199942, 0.00459315488114953, 0.004469983745366335, 0.00444002915173769, 0.0043816049583256245, 0.004376347176730633, 0.004354291129857302, 0.004329197574406862, 0.0042255171574652195, 0.004225275944918394, 0.004223476629704237, 0.004178537987172604, 0.004134519957005978, 0.0041116089560091496, 0.00409394595772028, 0.004082853905856609, 0.004054537974298, 0.004034874960780144, 0.003972098231315613, 0.0039562443271279335, 0.003949857782572508, 0.003946236800402403, 0.0039437985979020596], "selected_pred_fg_ratio": [0.05091094970703125, 0.06787490844726562, 0.0514678955078125, 0.028324127197265625, 0.049716949462890625, 0.0576171875, 0.032512664794921875, 0.06050872802734375, 0.0473480224609375, 0.04322052001953125, 0.0458984375, 0.042461395263671875, 0.047183990478515625, 0.048458099365234375, 0.0473785400390625, 0.04715728759765625, 0.04974365234375, 0.04067230224609375, 0.04485321044921875, 0.0489044189453125, 0.0391082763671875, 0.056407928466796875, 0.043087005615234375, 0.03469085693359375, 0.0388336181640625], "selected_pred_class_dist": [[0.9490890502929688, 0.005603790283203125, 0.045246124267578125, 6.103515625e-05], [0.9321250915527344, 0.004528045654296875, 0.061473846435546875, 0.001873016357421875], [0.9485321044921875, 0.000804901123046875, 0.04850006103515625, 0.002162933349609375], [0.9716758728027344, 0.0003204345703125, 0.0263214111328125, 0.001682281494140625], [0.9502830505371094, 0.00395965576171875, 0.045757293701171875, 0.0], [0.9423828125, 0.009674072265625, 0.0478668212890625, 7.62939453125e-05], [0.9674873352050781, 0.003814697265625, 0.025646209716796875, 0.0030517578125], [0.9394912719726562, 0.005084991455078125, 0.05309295654296875, 0.002330780029296875], [0.9526519775390625, 0.002288818359375, 0.03348541259765625, 0.01157379150390625], [0.9567794799804688, 0.003662109375, 0.03798675537109375, 0.0015716552734375], [0.9541015625, 0.00060272216796875, 0.032745361328125, 0.01255035400390625], [0.9575386047363281, 0.003635406494140625, 0.036891937255859375, 0.001934051513671875], [0.9528160095214844, 0.00368499755859375, 0.043498992919921875, 0.0], [0.9515419006347656, 0.0014801025390625, 0.038028717041015625, 0.00894927978515625], [0.9526214599609375, 0.001842498779296875, 0.04273223876953125, 0.002803802490234375], [0.9528427124023438, 0.003215789794921875, 0.04033660888671875, 0.003604888916015625], [0.95025634765625, 0.005329132080078125, 0.0317840576171875, 0.012630462646484375], [0.9593276977539062, 0.0013885498046875, 0.028392791748046875, 0.010890960693359375], [0.9551467895507812, 0.00086212158203125, 0.043247222900390625, 0.000743865966796875], [0.9510955810546875, 0.006877899169921875, 0.041996002197265625, 3.0517578125e-05], [0.9608917236328125, 0.001712799072265625, 0.02622222900390625, 0.011173248291015625], [0.9435920715332031, 0.00127410888671875, 0.05457305908203125, 0.000560760498046875], [0.9569129943847656, 0.00254058837890625, 0.03472137451171875, 0.005825042724609375], [0.9653091430664062, 0.00147247314453125, 0.0298004150390625, 0.00341796875], [0.9611663818359375, 0.00244140625, 0.023494720458984375, 0.012897491455078125]], "candidate_count": 2475, "candidate_scores_path": "/groups/echambe2/gmeng/MedAL-Agent/repo/code/runs/frozen_v5/candidate_scores/ext_brats2020__P1__s3000__r0.json", "predictions_path": "", "initial_labeled_path": "/groups/echambe2/gmeng/MedAL-Agent/repo/code/runs/frozen_v5/init_sets/ext_brats2020__s3000__n25.json", "initial_labeled_ids": ["BraTS20_Training_001_s103", "BraTS20_Training_006_s157", "BraTS20_Training_009_s069", "BraTS20_Training_019_s134", "BraTS20_Training_021_s146", "BraTS20_Training_022_s109", "BraTS20_Training_042_s147", "BraTS20_Training_042_s166", "BraTS20_Training_046_s152", "BraTS20_Training_058_s162", "BraTS20_Training_069_s094", "BraTS20_Training_091_s212", "BraTS20_Training_140_s171", "BraTS20_Training_184_s118", "BraTS20_Training_193_s115", "BraTS20_Training_203_s141", "BraTS20_Training_203_s177", "BraTS20_Training_237_s099", "BraTS20_Training_261_s147", "BraTS20_Training_276_s065", "BraTS20_Training_282_s116", "BraTS20_Training_290_s123", "BraTS20_Training_305_s127", "BraTS20_Training_321_s143", "BraTS20_Training_366_s159"], "selection_diagnostics": {}, "training": {"num_iters": 1000, "batch_size": 12, "lr": 0.001, "image_size": 512, "aspect_preserve": true, "resolution_policy": "longside_pad32", "preproc_cache": {"pool": "hit", "val": "hit"}, "train_runtime_sec": 565.614727973938, "query_runtime_sec": 45.42174792289734, "iters": 5000, "stop_iter": 5000, "mean_loss": 0.17025006315205246, "last_loss": 0.019778406247496605, "stop_reason": "plateau_max", "hit_max_iters": true, "final_smooth_loss": 0.019856594707816838, "best_smooth_loss": 0.021925493218004702, "diverged": false, "loss_curve": [[1000, 0.19230237916111947], [1100, 0.16798660159111023], [1200, 0.16776993677020072], [1300, 0.14855711787939072], [1400, 0.13815063677728176], [1500, 0.1345222956687212], [1600, 0.13104441434144973], [1700, 0.11751367196440697], [1800, 0.1172791674733162], [1900, 0.09942919164896011], [2000, 0.09425291620194912], [2100, 0.08978961780667305], [2200, 0.08709356509149074], [2300, 0.09041264444589615], [2400, 0.08634891867637634], [2500, 0.07960997074842453], [2600, 0.07211773306131362], [2700, 0.07282466523349285], [2800, 0.07278509467840194], [2900, 0.07116279650479555], [3000, 0.06450984846800566], [3100, 0.058901272006332876], [3200, 0.05663858961313963], [3300, 0.050868061035871506], [3400, 0.049401578791439534], [3500, 0.04496670227497816], [3600, 0.04282244997099042], [3700, 0.03983637023717165], [3800, 0.05038301970809698], [3900, 0.03579095054417849], [4000, 0.03457769563421607], [4100, 0.038301220797002315], [4200, 0.03172898504883051], [4300, 0.02867701567709446], [4400, 0.02760735969990492], [4500, 0.02482394378632307], [4600, 0.025302792750298977], [4700, 0.021925493218004702], [4800, 0.021053428892046214], [4900, 0.020345994839444756], [5000, 0.019856594707816838]]}, "ckpt_id": "ext_brats2020__P1__s3000__r0", "ckpt_path": "", "ckpt_hash": "5031c50a038ff31159743178259340e28336521be54f3fa0b1cceb544784d5df", "config_hash": "e4fae46d1c013eb7c36e2eeecfd787bd198e1e60b7f9bf7f044c146e0d2a9270", "feature_cache_keys": {}, "sam_model_type": "", "sam_checkpoint": "", "metrics": {"primary_metric": "mean_dsc_fg_case_macro", "metric_version": "v3_case_macro", "eval_scope": "case_retained_slices", "mean_dsc_fg_case_macro": 0.22573341336152067, "mean_dsc_fg": 0.22573341336152067, "mean_dsc_fg_pooled_diagnostic": 0.271285541579434, "dsc_per_class_pooled": [0.9875897307466933, 0.08766869332422658, 0.33013263271455145, 0.396055298699524], "dsc_per_class": [0.9875897307466933, 0.08766869332422658, 0.33013263271455145, 0.396055298699524], "n_cases": 31, "n_eval": 500, "structure_detection_rate": 1.0, "missed_structure_rate": 0.0}, "runtime_sec": {"train": 565.614727973938, "eval": 4.112778663635254, "select": 45.42174792289734}, "gpu_mem_mb": 9380.583936, "gpu_name": "NVIDIA H100 80GB HBM3", "gpu_total_mem_mb": 85294.972928, "foundation": {}, "notes": ""}
{"schema_version": "v3", "run_id": "ext_brats2020__P1__s3000", "round": 1, "dataset": "ext_brats2020", "modality": "t1ce", "target": "necrotic", "dim": "3d", "query_unit": "slice", "seed": 3000, "round_seed": 3001, "component_seeds": {"model_init_seed": 1368497401, "loader_seed": 724338150, "query_seed": 2939650167, "dropout_seed": 1283938365}, "total_rounds": 7, "budget_denominator": {"full_train_N": 15229, "requested_pool_cap": 5000, "actual_AL_pool_N": 2500, "budget_plan": [25, 50, 100, 176, 250, 375, 500], "fraction_of_AL_pool": 0.2, "fraction_of_full_train": 0.03283209665769256}, "policy_id": "P1", "policy_name": "EntropyFull", "method_version": "1.0", "is_ablation": false, "policy_config": {}, "cumulative_budget": 50, "incremental_query_count": 50, "labeled_count": 50, "labeled_ratio": 0.02, "selected_ids": ["BraTS20_Training_302_s051", "BraTS20_Training_245_s182", "BraTS20_Training_001_s051", "BraTS20_Training_245_s181", "BraTS20_Training_009_s055", "BraTS20_Training_282_s122", "BraTS20_Training_348_s137", "BraTS20_Training_318_s079", "BraTS20_Training_224_s128", "BraTS20_Training_282_s123", "BraTS20_Training_147_s156", "BraTS20_Training_241_s123", "BraTS20_Training_131_s157", "BraTS20_Training_031_s129", "BraTS20_Training_307_s092", "BraTS20_Training_207_s130", "BraTS20_Training_062_s127", "BraTS20_Training_307_s088", "BraTS20_Training_182_s168", "BraTS20_Training_261_s118", "BraTS20_Training_230_s155", "BraTS20_Training_307_s089", "BraTS20_Training_149_s156", "BraTS20_Training_075_s142", "BraTS20_Training_152_s069", "BraTS20_Training_224_s149", "BraTS20_Training_182_s166", "BraTS20_Training_289_s088", "BraTS20_Training_261_s119", "BraTS20_Training_307_s091", "BraTS20_Training_284_s123", "BraTS20_Training_318_s094", "BraTS20_Training_234_s112", "BraTS20_Training_290_s120", "BraTS20_Training_211_s069", "BraTS20_Training_149_s147", "BraTS20_Training_287_s091", "BraTS20_Training_261_s098", "BraTS20_Training_261_s165", "BraTS20_Training_207_s164", "BraTS20_Training_290_s139", "BraTS20_Training_147_s137", "BraTS20_Training_290_s158", "BraTS20_Training_302_s075", "BraTS20_Training_020_s095", "BraTS20_Training_348_s124", "BraTS20_Training_307_s096", "BraTS20_Training_261_s131", "BraTS20_Training_261_s101", "BraTS20_Training_225_s098"], "selected_scores": [0.020594358444213867, 0.018398549407720566, 0.015401934273540974, 0.013016464188694954, 0.009253215976059437, 0.008496967144310474, 0.00794108398258686, 0.007801774889230728, 0.007793373428285122, 0.00755366962403059, 0.007394083309918642, 0.007352191023528576, 0.007300494238734245, 0.007297465577721596, 0.007276465184986591, 0.00725680822506547, 0.007233629934489727, 0.007230641320347786, 0.007184285204857588, 0.007167672272771597, 0.0071133398450911045, 0.007031169719994068, 0.006995066534727812, 0.006970780901610851, 0.00687516201287508, 0.006798438727855682, 0.006794285494834185, 0.0067942142486572266, 0.006751319859176874, 0.006728231441229582, 0.006725342944264412, 0.006720976438373327, 0.00664885900914669, 0.00663681561127305, 0.006634536664932966, 0.006628839764744043, 0.00658752117305994, 0.006578152999281883, 0.006548432167619467, 0.006503031589090824, 0.00649661011993885, 0.0064874617382884026, 0.006471599452197552, 0.006449016742408276, 0.006435100920498371, 0.00640987791121006, 0.006378988269716501, 0.006370916031301022, 0.006367277354001999, 0.00633613346144557], "selected_pred_fg_ratio": [0.020008087158203125, 0.058734893798828125, 0.01699066162109375, 0.00641632080078125, 0.010936737060546875, 0.03707122802734375, 0.042362213134765625, 0.030422210693359375, 0.02392578125, 0.042751312255859375, 0.03301239013671875, 0.02814483642578125, 0.028873443603515625, 0.05010223388671875, 0.043292999267578125, 0.04116058349609375, 0.026996612548828125, 0.039447784423828125, 0.04850006103515625, 0.035076141357421875, 0.03820037841796875, 0.045940399169921875, 0.046840667724609375, 0.04736328125, 0.027984619140625, 0.060207366943359375, 0.05318450927734375, 0.033451080322265625, 0.0302581787109375, 0.039630889892578125, 0.047637939453125, 0.050548553466796875, 0.056640625, 0.054595947265625, 0.038219451904296875, 0.056102752685546875, 0.022113800048828125, 0.03635406494140625, 0.0240936279296875, 0.037197113037109375, 0.024494171142578125, 0.043758392333984375, 0.023357391357421875, 0.03435516357421875, 0.02569580078125, 0.027618408203125, 0.0497283935546875, 0.06917572021484375, 0.047077178955078125, 0.06905746459960938], "selected_pred_class_dist": [[0.9799919128417969, 0.005802154541015625, 3.814697265625e-06, 0.014202117919921875], [0.9412651062011719, 0.00826263427734375, 0.0, 0.050472259521484375], [0.9830093383789062, 0.009098052978515625, 0.0, 0.007892608642578125], [0.9935836791992188, 0.003551483154296875, 3.814697265625e-06, 0.00286102294921875], [0.9890632629394531, 0.007236480712890625, 0.0, 0.00370025634765625], [0.9629287719726562, 0.004550933837890625, 0.0210723876953125, 0.011447906494140625], [0.9576377868652344, 0.0142974853515625, 0.012027740478515625, 0.0160369873046875], [0.9695777893066406, 0.002803802490234375, 0.021335601806640625, 0.006282806396484375], [0.97607421875, 0.00128173828125, 0.019741058349609375, 0.002902984619140625], [0.9572486877441406, 0.00858306884765625, 0.019794464111328125, 0.014373779296875], [0.9669876098632812, 0.00884246826171875, 0.01337432861328125, 0.01079559326171875], [0.9718551635742188, 0.00287628173828125, 0.017719268798828125, 0.007549285888671875], [0.9711265563964844, 0.004482269287109375, 0.015155792236328125, 0.009235382080078125], [0.9498977661132812, 0.010677337646484375, 0.02587127685546875, 0.013553619384765625], [0.9567070007324219, 0.008670806884765625, 0.03252410888671875, 0.00209808349609375], [0.9588394165039062, 0.0175018310546875, 0.01598358154296875, 0.0076751708984375], [0.9730033874511719, 0.001556396484375, 0.018733978271484375, 0.00670623779296875], [0.9605522155761719, 0.003814697265625, 0.032901763916015625, 0.0027313232421875], [0.9514999389648438, 0.009616851806640625, 0.016231536865234375, 0.02265167236328125], [0.9649238586425781, 0.005084991455078125, 0.026493072509765625, 0.003498077392578125], [0.9617996215820312, 0.003025054931640625, 0.02654266357421875, 0.008632659912109375], [0.9540596008300781, 0.012935638427734375, 0.029026031494140625, 0.003978729248046875], [0.9531593322753906, 0.008586883544921875, 0.016315460205078125, 0.021938323974609375], [0.95263671875, 0.018321990966796875, 0.02198028564453125, 0.007061004638671875], [0.972015380859375, 0.000568389892578125, 0.018688201904296875, 0.00872802734375], [0.9397926330566406, 0.01213836669921875, 0.035793304443359375, 0.01227569580078125], [0.9468154907226562, 0.01068115234375, 0.017635345458984375, 0.024868011474609375], [0.9665489196777344, 0.005588531494140625, 0.027545928955078125, 0.000316619873046875], [0.9697418212890625, 0.006656646728515625, 0.0196685791015625, 0.003932952880859375], [0.9603691101074219, 0.005359649658203125, 0.03028106689453125, 0.00399017333984375], [0.952362060546875, 0.017486572265625, 0.024936676025390625, 0.005214691162109375], [0.9494514465332031, 0.02216339111328125, 0.028003692626953125, 0.0003814697265625], [0.943359375, 0.03067779541015625, 0.022838592529296875, 0.003124237060546875], [0.945404052734375, 0.0068511962890625, 0.038028717041015625, 0.009716033935546875], [0.9617805480957031, 0.003246307373046875, 0.01876068115234375, 0.01621246337890625], [0.9438972473144531, 0.00389862060546875, 0.027462005615234375, 0.02474212646484375], [0.9778861999511719, 0.00077056884765625, 0.015865325927734375, 0.0054779052734375], [0.9636459350585938, 0.0160980224609375, 0.01679229736328125, 0.0034637451171875], [0.9759063720703125, 0.0001983642578125, 0.020263671875, 0.003631591796875], [0.9628028869628906, 0.00091552734375, 0.01834869384765625, 0.017932891845703125], [0.9755058288574219, 0.0, 0.024494171142578125, 0.0], [0.9562416076660156, 0.02294921875, 0.01917266845703125, 0.001636505126953125], [0.9766426086425781, 0.0, 0.021697998046875, 0.001659393310546875], [0.9656448364257812, 0.00371551513671875, 0.019927978515625, 0.010711669921875], [0.97430419921875, 0.00070953369140625, 0.015869140625, 0.00911712646484375], [0.972381591796875, 0.006744384765625, 0.011974334716796875, 0.008899688720703125], [0.9502716064453125, 0.01746368408203125, 0.02956390380859375, 0.0027008056640625], [0.9308242797851562, 0.037353515625, 0.028064727783203125, 0.003757476806640625], [0.9529228210449219, 0.015533447265625, 0.02698516845703125, 0.004558563232421875], [0.9309425354003906, 0.01043701171875, 0.019657135009765625, 0.03896331787109375]], "candidate_count": 2450, "candidate_scores_path": "/groups/echambe2/gmeng/MedAL-Agent/repo/code/runs/frozen_v5/candidate_scores/ext_brats2020__P1__s3000__r1.json", "predictions_path": "", "initial_labeled_path": "/groups/echambe2/gmeng/MedAL-Agent/repo/code/runs/frozen_v5/init_sets/ext_brats2020__s3000__n25.json", "initial_labeled_ids": [], "selection_diagnostics": {}, "training": {"num_iters": 1000, "batch_size": 12, "lr": 0.001, "image_size": 512, "aspect_preserve": true, "resolution_policy": "longside_pad32", "preproc_cache": {"pool": "hit", "val": "hit"}, "train_runtime_sec": 576.3208425045013, "query_runtime_sec": 44.88211441040039, "iters": 5000, "stop_iter": 5000, "mean_loss": 0.2380437677755952, "last_loss": 0.0668366476893425, "stop_reason": "plateau_max", "hit_max_iters": true, "final_smooth_loss": 0.0649926383048296, "best_smooth_loss": 0.0649926383048296, "diverged": false, "loss_curve": [[1000, 0.31909349992871283], [1100, 0.30583050459623334], [1200, 0.2732227510213852], [1300, 0.24236491337418556], [1400, 0.2136298756301403], [1500, 0.19769173726439476], [1600, 0.18979785785079004], [1700, 0.1821822430193424], [1800, 0.2097057518362999], [1900, 0.17165528297424315], [2000, 0.16272026419639588], [2100, 0.14483892269432544], [2200, 0.1413208831101656], [2300, 0.13965752288699151], [2400, 0.13139538288116456], [2500, 0.12766925379633903], [2600, 0.12566543094813823], [2700, 0.12464749999344349], [2800, 0.11742177449166774], [2900, 0.11655081339180469], [3000, 0.10737585313618184], [3100, 0.1083973477780819], [3200, 0.1058129334449768], [3300, 0.10067413285374642], [3400, 0.09820281367748976], [3500, 0.09625071872025728], [3600, 0.09675919190049172], [3700, 0.10639738172292709], [3800, 0.09012598782777786], [3900, 0.08571535915136337], [4000, 0.08549341175705194], [4100, 0.08622918292880058], [4200, 0.07878958437591792], [4300, 0.07803533967584371], [4400, 0.0773230056092143], [4500, 0.0731227996200323], [4600, 0.07437485653907061], [4700, 0.07275800876319409], [4800, 0.07108026184141636], [4900, 0.06908239673823119], [5000, 0.0649926383048296]]}, "ckpt_id": "ext_brats2020__P1__s3000__r1", "ckpt_path": "", "ckpt_hash": "8af3424746c23cd0b0e84faa913eec45309e927f4f1d0dd714391d40b2a4624d", "config_hash": "e4fae46d1c013eb7c36e2eeecfd787bd198e1e60b7f9bf7f044c146e0d2a9270", "feature_cache_keys": {}, "sam_model_type": "", "sam_checkpoint": "", "metrics": {"primary_metric": "mean_dsc_fg_case_macro", "metric_version": "v3_case_macro", "eval_scope": "case_retained_slices", "mean_dsc_fg_case_macro": 0.34870840465924374, "mean_dsc_fg": 0.34870840465924374, "mean_dsc_fg_pooled_diagnostic": 0.43841353660020377, "dsc_per_class_pooled": [0.9891864233966633, 0.4364912500505721, 0.3054544863779993, 0.5732948733720399], "dsc_per_class": [0.9891864233966633, 0.4364912500505721, 0.3054544863779993, 0.5732948733720399], "n_cases": 31, "n_eval": 500, "structure_detection_rate": 1.0, "missed_structure_rate": 0.0}, "runtime_sec": {"train": 576.3208425045013, "eval": 4.2289879322052, "select": 44.88211441040039}, "gpu_mem_mb": 9428.851712, "gpu_name": "NVIDIA H100 80GB HBM3", "gpu_total_mem_mb": 85294.972928, "foundation": {}, "notes": ""}
{"schema_version": "v3", "run_id": "ext_brats2020__P1__s3000", "round": 2, "dataset": "ext_brats2020", "modality": "t1ce", "target": "necrotic", "dim": "3d", "query_unit": "slice", "seed": 3000, "round_seed": 3002, "component_seeds": {"model_init_seed": 3745551808, "loader_seed": 2465835433, "query_seed": 2701088630, "dropout_seed": 1393056386}, "total_rounds": 7, "budget_denominator": {"full_train_N": 15229, "requested_pool_cap": 5000, "actual_AL_pool_N": 2500, "budget_plan": [25, 50, 100, 176, 250, 375, 500], "fraction_of_AL_pool": 0.2, "fraction_of_full_train": 0.03283209665769256}, "policy_id": "P1", "policy_name": "EntropyFull", "method_version": "1.0", "is_ablation": false, "policy_config": {}, "cumulative_budget": 100, "incremental_query_count": 76, "labeled_count": 100, "labeled_ratio": 0.04, "selected_ids": ["BraTS20_Training_290_s148", "BraTS20_Training_290_s142", "BraTS20_Training_290_s146", "BraTS20_Training_290_s128", "BraTS20_Training_246_s130", "BraTS20_Training_290_s099", "BraTS20_Training_290_s145", "BraTS20_Training_246_s129", "BraTS20_Training_149_s141", "BraTS20_Training_290_s132", "BraTS20_Training_246_s140", "BraTS20_Training_020_s103", "BraTS20_Training_291_s110", "BraTS20_Training_246_s143", "BraTS20_Training_225_s090", "BraTS20_Training_020_s078", "BraTS20_Training_318_s085", "BraTS20_Training_362_s143", "BraTS20_Training_246_s148", "BraTS20_Training_075_s137", "BraTS20_Training_121_s152", "BraTS20_Training_246_s156", "BraTS20_Training_362_s146", "BraTS20_Training_009_s088", "BraTS20_Training_093_s093", "BraTS20_Training_291_s112", "BraTS20_Training_113_s080", "BraTS20_Training_290_s160", "BraTS20_Training_362_s144", "BraTS20_Training_055_s156", "BraTS20_Training_291_s115", "BraTS20_Training_163_s147", "BraTS20_Training_362_s150", "BraTS20_Training_075_s167", "BraTS20_Training_290_s115", "BraTS20_Training_037_s093", "BraTS20_Training_234_s122", "BraTS20_Training_290_s110", "BraTS20_Training_276_s097", "BraTS20_Training_290_s141", "BraTS20_Training_318_s089", "BraTS20_Training_196_s137", "BraTS20_Training_009_s082", "BraTS20_Training_313_s096", "BraTS20_Training_121_s149", "BraTS20_Training_034_s154", "BraTS20_Training_020_s075", "BraTS20_Training_291_s081", "BraTS20_Training_051_s087", "BraTS20_Training_291_s118", "BraTS20_Training_100_s076", "BraTS20_Training_335_s150", "BraTS20_Training_276_s087", "BraTS20_Training_075_s112", "BraTS20_Training_116_s079", "BraTS20_Training_289_s098", "BraTS20_Training_113_s077", "BraTS20_Training_152_s085", "BraTS20_Training_130_s082", "BraTS20_Training_276_s094", "BraTS20_Training_075_s168", "BraTS20_Training_196_s136", "BraTS20_Training_152_s093", "BraTS20_Training_053_s107", "BraTS20_Training_362_s152", "BraTS20_Training_349_s100", "BraTS20_Training_075_s162", "BraTS20_Training_053_s094", "BraTS20_Training_328_s085", "BraTS20_Training_062_s091", "BraTS20_Training_274_s133", "BraTS20_Training_237_s092", "BraTS20_Training_053_s081", "BraTS20_Training_147_s160", "BraTS20_Training_349_s107", "BraTS20_Training_075_s150"], "selected_scores": [0.012742390856146812, 0.012353968806564808, 0.011969520710408688, 0.011948362924158573, 0.011903967708349228, 0.011590545997023582, 0.010865331627428532, 0.010624038986861706, 0.010400666855275631, 0.01031367015093565, 0.009987534023821354, 0.00988007988780737, 0.00965526420623064, 0.009590068832039833, 0.009448390454053879, 0.00942801870405674, 0.009375698864459991, 0.00913861021399498, 0.009109146893024445, 0.008998614735901356, 0.008868842385709286, 0.00884094275534153, 0.008795088157057762, 0.008784696459770203, 0.008760534226894379, 0.008718380704522133, 0.00871616043150425, 0.00870270561426878, 0.00867957528680563, 0.008603183552622795, 0.00854208879172802, 0.008487273938953876, 0.008445496670901775, 0.008349400013685226, 0.008306566625833511, 0.008279519155621529, 0.008218862116336823, 0.008214757777750492, 0.008192372508347034, 0.008183342404663563, 0.008179093711078167, 0.008021747693419456, 0.007984200492501259, 0.007978005334734917, 0.007931707426905632, 0.00786667037755251, 0.007864318788051605, 0.007819004356861115, 0.007792147342115641, 0.007788641378283501, 0.007764861453324556, 0.007764655631035566, 0.007746565155684948, 0.007711230311542749, 0.007710911333560944, 0.0076553295366466045, 0.007636506576091051, 0.007555886171758175, 0.007550960406661034, 0.007509171962738037, 0.007501365151256323, 0.007495370227843523, 0.007494733203202486, 0.007489918731153011, 0.007447442039847374, 0.007428423501551151, 0.007427222561091185, 0.007377284578979015, 0.007377258501946926, 0.0073620472103357315, 0.007323710713535547, 0.00732071790844202, 0.007298349402844906, 0.007295563351362944, 0.007293022703379393, 0.007273119408637285], "selected_pred_fg_ratio": [0.038421630859375, 0.06579208374023438, 0.055431365966796875, 0.046886444091796875, 0.02703857421875, 0.03348541259765625, 0.05738067626953125, 0.028415679931640625, 0.058177947998046875, 0.053737640380859375, 0.031459808349609375, 0.0443572998046875, 0.026653289794921875, 0.02285003662109375, 0.0623321533203125, 0.046291351318359375, 0.06608200073242188, 0.04871368408203125, 0.026172637939453125, 0.06652069091796875, 0.0491943359375, 0.015727996826171875, 0.056308746337890625, 0.057888031005859375, 0.03717803955078125, 0.013858795166015625, 0.03946685791015625, 0.0422821044921875, 0.052730560302734375, 0.050342559814453125, 0.0130157470703125, 0.030841827392578125, 0.06843185424804688, 0.03537750244140625, 0.019412994384765625, 0.040027618408203125, 0.045566558837890625, 0.0139312744140625, 0.016368865966796875, 0.0727691650390625, 0.075103759765625, 0.016437530517578125, 0.0388336181640625, 0.04483795166015625, 0.043788909912109375, 0.029296875, 0.040050506591796875, 0.035366058349609375, 0.053043365478515625, 0.01146697998046875, 0.03829193115234375, 0.03154754638671875, 0.018524169921875, 0.016437530517578125, 0.0390472412109375, 0.03753662109375, 0.036289215087890625, 0.020282745361328125, 0.04602813720703125, 0.015979766845703125, 0.0236968994140625, 0.016864776611328125, 0.024066925048828125, 0.023223876953125, 0.061374664306640625, 0.0167388916015625, 0.04978179931640625, 0.055629730224609375, 0.036136627197265625, 0.057170867919921875, 0.0268402099609375, 0.06392669677734375, 0.051502227783203125, 0.032680511474609375, 0.0225982666015625, 0.062381744384765625], "selected_pred_class_dist": [[0.961578369140625, 0.0, 0.038421630859375, 0.0], [0.9342079162597656, 0.0, 0.06579208374023438, 0.0], [0.9445686340332031, 0.0, 0.055431365966796875, 0.0], [0.9531135559082031, 0.0, 0.046886444091796875, 0.0], [0.97296142578125, 0.0011138916015625, 0.0259246826171875, 0.0], [0.9665145874023438, 0.0, 0.03348541259765625, 0.0], [0.9426193237304688, 0.0, 0.05738067626953125, 0.0], [0.9715843200683594, 0.002140045166015625, 0.026275634765625, 0.0], [0.9418220520019531, 0.000301361083984375, 0.0391082763671875, 0.018768310546875], [0.9462623596191406, 0.0, 0.053737640380859375, 0.0], [0.9685401916503906, 0.003200531005859375, 0.02825927734375, 0.0], [0.9556427001953125, 0.00490570068359375, 0.0314483642578125, 0.00800323486328125], [0.9733467102050781, 0.0, 0.02648162841796875, 0.000171661376953125], [0.9771499633789062, 0.000629425048828125, 0.022220611572265625, 0.0], [0.9376678466796875, 0.005931854248046875, 0.023136138916015625, 0.03326416015625], [0.9537086486816406, 0.011566162109375, 0.028472900390625, 0.006252288818359375], [0.9339179992675781, 0.03521728515625, 0.029361724853515625, 0.00150299072265625], [0.9512863159179688, 0.0079193115234375, 0.03113555908203125, 0.0096588134765625], [0.9738273620605469, 0.000583648681640625, 0.0234832763671875, 0.002105712890625], [0.9334793090820312, 0.029384613037109375, 0.0265655517578125, 0.010570526123046875], [0.9508056640625, 0.010112762451171875, 0.03094482421875, 0.008136749267578125], [0.9842720031738281, 0.0, 0.015727996826171875, 0.0], [0.9436912536621094, 0.010345458984375, 0.031597137451171875, 0.01436614990234375], [0.9421119689941406, 0.0045166015625, 0.04134368896484375, 0.012027740478515625], [0.9628219604492188, 0.0032806396484375, 0.032135009765625, 0.00176239013671875], [0.9861412048339844, 0.0, 0.013858795166015625, 0.0], [0.9605331420898438, 0.002948760986328125, 0.03438568115234375, 0.002132415771484375], [0.9577178955078125, 0.0, 0.0422821044921875, 0.0], [0.9472694396972656, 0.009777069091796875, 0.031764984130859375, 0.011188507080078125], [0.9496574401855469, 0.018184661865234375, 0.026996612548828125, 0.005161285400390625], [0.9869842529296875, 0.0, 0.0130157470703125, 0.0], [0.9691581726074219, 0.000820159912109375, 0.02447509765625, 0.00554656982421875], [0.9315681457519531, 0.019596099853515625, 0.0324554443359375, 0.01638031005859375], [0.9646224975585938, 0.003757476806640625, 0.02075958251953125, 0.010860443115234375], [0.9805870056152344, 0.0, 0.017360687255859375, 0.00205230712890625], [0.9599723815917969, 0.007343292236328125, 0.028247833251953125, 0.004436492919921875], [0.9544334411621094, 0.020580291748046875, 0.023220062255859375, 0.001766204833984375], [0.9860687255859375, 0.0, 0.0139312744140625, 0.0], [0.9836311340332031, 0.0, 0.0163421630859375, 2.6702880859375e-05], [0.9272308349609375, 0.0, 0.0727691650390625, 0.0], [0.924896240234375, 0.0436859130859375, 0.028949737548828125, 0.002468109130859375], [0.9835624694824219, 0.0, 0.016437530517578125, 0.0], [0.9611663818359375, 0.005596160888671875, 0.02378082275390625, 0.009456634521484375], [0.9551620483398438, 0.027805328369140625, 0.01702880859375, 3.814697265625e-06], [0.9562110900878906, 0.01166534423828125, 0.02362823486328125, 0.008495330810546875], [0.970703125, 0.002193450927734375, 0.027103424072265625, 0.0], [0.9599494934082031, 0.010112762451171875, 0.023403167724609375, 0.006534576416015625], [0.9646339416503906, 0.0, 0.035366058349609375, 0.0], [0.9469566345214844, 0.0042877197265625, 0.0339813232421875, 0.014774322509765625], [0.9885330200195312, 0.0, 0.01146697998046875, 0.0], [0.9617080688476562, 0.0109710693359375, 0.022098541259765625, 0.005222320556640625], [0.9684524536132812, 0.00164794921875, 0.02875518798828125, 0.0011444091796875], [0.981475830078125, 0.0, 0.01727294921875, 0.001251220703125], [0.9835624694824219, 0.001739501953125, 0.006252288818359375, 0.00844573974609375], [0.9609527587890625, 0.0033111572265625, 0.026905059814453125, 0.008831024169921875], [0.96246337890625, 0.01308441162109375, 0.020843505859375, 0.00360870361328125], [0.9637107849121094, 0.008388519287109375, 0.024715423583984375, 0.003185272216796875], [0.9797172546386719, 0.0, 0.019474029541015625, 0.0008087158203125], [0.9539718627929688, 0.012035369873046875, 0.027393341064453125, 0.00659942626953125], [0.9840202331542969, 0.0, 0.0153961181640625, 0.000583648681640625], [0.9763031005859375, 0.00150299072265625, 0.017124176025390625, 0.005069732666015625], [0.9831352233886719, 0.0, 0.016864776611328125, 0.0], [0.9759330749511719, 0.0, 0.02111053466796875, 0.002956390380859375], [0.976776123046875, 0.0019683837890625, 0.01811981201171875, 0.00313568115234375], [0.9386253356933594, 0.02329254150390625, 0.020320892333984375, 0.01776123046875], [0.9832611083984375, 0.00046539306640625, 0.015003204345703125, 0.001270294189453125], [0.9502182006835938, 0.00943756103515625, 0.023807525634765625, 0.016536712646484375], [0.9443702697753906, 0.02036285400390625, 0.0340118408203125, 0.001255035400390625], [0.9638633728027344, 0.000301361083984375, 0.035091400146484375, 0.000743865966796875], [0.9428291320800781, 0.00908660888671875, 0.0303497314453125, 0.017734527587890625], [0.9731597900390625, 7.62939453125e-05, 0.020824432373046875, 0.005939483642578125], [0.9360733032226562, 0.0016937255859375, 0.0440673828125, 0.01816558837890625], [0.9484977722167969, 0.01549530029296875, 0.027252197265625, 0.008754730224609375], [0.9673194885253906, 0.005100250244140625, 0.025173187255859375, 0.002407073974609375], [0.9774017333984375, 0.001918792724609375, 0.016021728515625, 0.004657745361328125], [0.9376182556152344, 0.027599334716796875, 0.021419525146484375, 0.013362884521484375]], "candidate_count": 2400, "candidate_scores_path": "/groups/echambe2/gmeng/MedAL-Agent/repo/code/runs/frozen_v5/candidate_scores/ext_brats2020__P1__s3000__r2.json", "predictions_path": "", "initial_labeled_path": "/groups/echambe2/gmeng/MedAL-Agent/repo/code/runs/frozen_v5/init_sets/ext_brats2020__s3000__n25.json", "initial_labeled_ids": [], "selection_diagnostics": {}, "training": {"num_iters": 1000, "batch_size": 12, "lr": 0.001, "image_size": 512, "aspect_preserve": true, "resolution_policy": "longside_pad32", "preproc_cache": {"pool": "hit", "val": "hit"}, "train_runtime_sec": 566.2603342533112, "query_runtime_sec": 42.9026198387146, "iters": 5000, "stop_iter": 5000, "mean_loss": 0.2816459223262966, "last_loss": 0.08537466078996658, "stop_reason": "plateau_max", "hit_max_iters": true, "final_smooth_loss": 0.09085174448788166, "best_smooth_loss": 0.09085174448788166, "diverged": false, "loss_curve": [[1000, 0.44817867279052737], [1100, 0.41725151032209395], [1200, 0.37450293838977816], [1300, 0.33060245305299757], [1400, 0.2894629096984863], [1500, 0.2772440503537655], [1600, 0.2628398118913174], [1700, 0.24470869868993758], [1800, 0.2188812357187271], [1900, 0.20907402843236922], [2000, 0.20012182042002677], [2100, 0.19720905736088754], [2200, 0.1777597863972187], [2300, 0.1755969139188528], [2400, 0.17518165558576584], [2500, 0.16597218409180642], [2600, 0.1528336725383997], [2700, 0.15058270938694476], [2800, 0.1539099920541048], [2900, 0.14178506501019], [3000, 0.14437421128153802], [3100, 0.13392159335315226], [3200, 0.13280886054039], [3300, 0.1234607121348381], [3400, 0.14939775831997396], [3500, 0.12278790585696697], [3600, 0.11934248223900795], [3700, 0.11897890843451023], [3800, 0.11462135717272759], [3900, 0.11303289465606213], [4000, 0.11096362799406051], [4100, 0.10825754418969154], [4200, 0.10551470689475537], [4300, 0.10322602346539497], [4400, 0.09993531525135041], [4500, 0.11304079964756966], [4600, 0.09657358296215535], [4700, 0.09777450926601887], [4800, 0.09778002940118313], [4900, 0.09238605711609126], [5000, 0.09085174448788166]]}, "ckpt_id": "ext_brats2020__P1__s3000__r2", "ckpt_path": "", "ckpt_hash": "3d8295ab2bbf21e5f1840b49e882600a9f94522fd06e550b4740c8635ad00694", "config_hash": "e4fae46d1c013eb7c36e2eeecfd787bd198e1e60b7f9bf7f044c146e0d2a9270", "feature_cache_keys": {}, "sam_model_type": "", "sam_checkpoint": "", "metrics": {"primary_metric": "mean_dsc_fg_case_macro", "metric_version": "v3_case_macro", "eval_scope": "case_retained_slices", "mean_dsc_fg_case_macro": 0.3296119021745038, "mean_dsc_fg": 0.3296119021745038, "mean_dsc_fg_pooled_diagnostic": 0.443617435634474, "dsc_per_class_pooled": [0.9906134522294828, 0.38384927039757566, 0.3781882733059543, 0.5688147631998921], "dsc_per_class": [0.9906134522294828, 0.38384927039757566, 0.3781882733059543, 0.5688147631998921], "n_cases": 31, "n_eval": 500, "structure_detection_rate": 0.9885057471264368, "missed_structure_rate": 0.011494252873563204}, "runtime_sec": {"train": 566.2603342533112, "eval": 3.9567224979400635, "select": 42.9026198387146}, "gpu_mem_mb": 9429.654528, "gpu_name": "NVIDIA H100 80GB HBM3", "gpu_total_mem_mb": 85294.972928, "foundation": {}, "notes": ""}
