{"schema_version": "v3", "run_id": "ext_brats2020__P1__s1000", "round": 0, "dataset": "ext_brats2020", "modality": "t1ce", "target": "necrotic", "dim": "3d", "query_unit": "slice", "seed": 1000, "round_seed": 1000, "component_seeds": {"model_init_seed": 2989689681, "loader_seed": 4191542321, "query_seed": 2529548519, "dropout_seed": 3619692248}, "total_rounds": 7, "budget_denominator": {"full_train_N": 15060, "requested_pool_cap": 5000, "actual_AL_pool_N": 2500, "budget_plan": [25, 50, 100, 176, 250, 375, 500], "fraction_of_AL_pool": 0.2, "fraction_of_full_train": 0.033200531208499334}, "policy_id": "P1", "policy_name": "EntropyFull", "method_version": "1.0", "is_ablation": false, "policy_config": {}, "cumulative_budget": 25, "incremental_query_count": 25, "labeled_count": 25, "labeled_ratio": 0.01, "selected_ids": ["BraTS20_Training_009_s098", "BraTS20_Training_354_s060", "BraTS20_Training_300_s146", "BraTS20_Training_182_s169", "BraTS20_Training_016_s068", "BraTS20_Training_317_s174", "BraTS20_Training_029_s067", "BraTS20_Training_196_s119", "BraTS20_Training_035_s071", "BraTS20_Training_112_s068", "BraTS20_Training_275_s162", "BraTS20_Training_354_s092", "BraTS20_Training_131_s157", "BraTS20_Training_191_s094", "BraTS20_Training_275_s171", "BraTS20_Training_355_s093", "BraTS20_Training_225_s073", "BraTS20_Training_153_s171", "BraTS20_Training_253_s139", "BraTS20_Training_335_s160", "BraTS20_Training_350_s101", "BraTS20_Training_244_s079", "BraTS20_Training_354_s072", "BraTS20_Training_226_s137", "BraTS20_Training_053_s073"], "selected_scores": [0.0035053978208452463, 0.0034839934669435024, 0.003433238249272108, 0.0032033282332122326, 0.003154490375891328, 0.0031229376327246428, 0.0030232707504183054, 0.002974242437630892, 0.002949983114376664, 0.0029474867042154074, 0.0029054181650280952, 0.0028691706247627735, 0.002866104943677783, 0.0027296452317386866, 0.0027241494972258806, 0.0027205166406929493, 0.00271405465900898, 0.0026542863342911005, 0.00264700292609632, 0.0026359190233051777, 0.002607498550787568, 0.0025986211840063334, 0.0025984442327171564, 0.002594602294266224, 0.0025906991213560104], "selected_pred_fg_ratio": [0.041820526123046875, 0.0456390380859375, 0.048614501953125, 0.041179656982421875, 0.05194091796875, 0.031558990478515625, 0.0363311767578125, 0.029804229736328125, 0.044414520263671875, 0.039279937744140625, 0.0221710205078125, 0.051471710205078125, 0.026958465576171875, 0.02630615234375, 0.04205322265625, 0.040431976318359375, 0.0477142333984375, 0.046070098876953125, 0.034221649169921875, 0.040187835693359375, 0.03131103515625, 0.0324249267578125, 0.030517578125, 0.025074005126953125, 0.044521331787109375], "selected_pred_class_dist": [[0.9581794738769531, 0.017421722412109375, 0.0145721435546875, 0.00982666015625], [0.9543609619140625, 0.0135345458984375, 0.0155029296875, 0.0166015625], [0.951385498046875, 0.0261688232421875, 0.010570526123046875, 0.011875152587890625], [0.9588203430175781, 0.018039703369140625, 0.00579833984375, 0.01734161376953125], [0.94805908203125, 0.023349761962890625, 0.014186859130859375, 0.014404296875], [0.9684410095214844, 0.01035308837890625, 0.00836181640625, 0.012844085693359375], [0.9636688232421875, 0.016170501708984375, 0.01067352294921875, 0.009487152099609375], [0.9701957702636719, 0.012073516845703125, 0.0067596435546875, 0.0109710693359375], [0.9555854797363281, 0.01808929443359375, 0.014286041259765625, 0.0120391845703125], [0.9607200622558594, 0.02155303955078125, 0.0082244873046875, 0.009502410888671875], [0.9778289794921875, 0.00604248046875, 0.008693695068359375, 0.007434844970703125], [0.9485282897949219, 0.01659393310546875, 0.020099639892578125, 0.01477813720703125], [0.9730415344238281, 0.008670806884765625, 0.007354736328125, 0.01093292236328125], [0.97369384765625, 0.003177642822265625, 0.0065765380859375, 0.016551971435546875], [0.95794677734375, 0.016658782958984375, 0.011585235595703125, 0.0138092041015625], [0.9595680236816406, 0.011714935302734375, 0.014495849609375, 0.01422119140625], [0.9522857666015625, 0.021209716796875, 0.01399993896484375, 0.01250457763671875], [0.9539299011230469, 0.01206207275390625, 0.01625823974609375, 0.017749786376953125], [0.9657783508300781, 0.022815704345703125, 0.006500244140625, 0.00490570068359375], [0.9598121643066406, 0.009918212890625, 0.021068572998046875, 0.0092010498046875], [0.96868896484375, 0.0093994140625, 0.004253387451171875, 0.017658233642578125], [0.9675750732421875, 0.00530242919921875, 0.014682769775390625, 0.012439727783203125], [0.969482421875, 0.008296966552734375, 0.01161956787109375, 0.010601043701171875], [0.9749259948730469, 0.00467681884765625, 0.008152008056640625, 0.01224517822265625], [0.9554786682128906, 0.010089874267578125, 0.028057098388671875, 0.006374359130859375]], "candidate_count": 2475, "candidate_scores_path": "/groups/echambe2/gmeng/MedAL-Agent/repo/code/runs/frozen_v5/candidate_scores/ext_brats2020__P1__s1000__r0.json", "predictions_path": "", "initial_labeled_path": "/groups/echambe2/gmeng/MedAL-Agent/repo/code/runs/frozen_v5/init_sets/ext_brats2020__s1000__n25.json", "initial_labeled_ids": ["BraTS20_Training_017_s182", "BraTS20_Training_022_s108", "BraTS20_Training_041_s075", "BraTS20_Training_046_s158", "BraTS20_Training_047_s153", "BraTS20_Training_074_s136", "BraTS20_Training_100_s073", "BraTS20_Training_106_s167", "BraTS20_Training_118_s099", "BraTS20_Training_133_s160", "BraTS20_Training_145_s177", "BraTS20_Training_151_s150", "BraTS20_Training_178_s061", "BraTS20_Training_202_s170", "BraTS20_Training_208_s152", "BraTS20_Training_211_s115", "BraTS20_Training_227_s162", "BraTS20_Training_249_s170", "BraTS20_Training_258_s092", "BraTS20_Training_276_s117", "BraTS20_Training_289_s130", "BraTS20_Training_326_s152", "BraTS20_Training_347_s095", "BraTS20_Training_350_s115", "BraTS20_Training_350_s116"], "selection_diagnostics": {}, "training": {"num_iters": 1000, "batch_size": 12, "lr": 0.001, "image_size": 512, "aspect_preserve": true, "resolution_policy": "longside_pad32", "preproc_cache": {"pool": "hit", "val": "hit"}, "train_runtime_sec": 575.7655198574066, "query_runtime_sec": 45.04038739204407, "iters": 5000, "stop_iter": 5000, "mean_loss": 0.14277297473084183, "last_loss": 0.006429560482501984, "stop_reason": "plateau_max", "hit_max_iters": true, "final_smooth_loss": 0.006788217108696699, "best_smooth_loss": 0.008794891573488712, "diverged": false, "loss_curve": [[1000, 0.14326013945043087], [1100, 0.12461838625371456], [1200, 0.1142454593628645], [1300, 0.10616546168923378], [1400, 0.09725595030933619], [1500, 0.0942446281760931], [1600, 0.09023859046399593], [1700, 0.08122150123119354], [1800, 0.07535804830491542], [1900, 0.06911991164088249], [2000, 0.06535613968968391], [2100, 0.06323015753179789], [2200, 0.06003552358597517], [2300, 0.056539497300982476], [2400, 0.0542543376609683], [2500, 0.05113560825586319], [2600, 0.04741439145058393], [2700, 0.04384518161416054], [2800, 0.04347725745290518], [2900, 0.04039057506248355], [3000, 0.03831639854237437], [3100, 0.03656150557100773], [3200, 0.034627951439470055], [3300, 0.03603835629299283], [3400, 0.06780177293345332], [3500, 0.03213138870894909], [3600, 0.028827807549387217], [3700, 0.02662692653015256], [3800, 0.02518418887630105], [3900, 0.0229847033880651], [4000, 0.020401065004989505], [4100, 0.019355013221502303], [4200, 0.017694512736052274], [4300, 0.017923471182584763], [4400, 0.01408832136541605], [4500, 0.013189871786162257], [4600, 0.012203464601188898], [4700, 0.010624533221125602], [4800, 0.010184073196724057], [4900, 0.008794891573488712], [5000, 0.006788217108696699]]}, "ckpt_id": "ext_brats2020__P1__s1000__r0", "ckpt_path": "", "ckpt_hash": "c9496ff405362db0ab86f90037322be3cbb9bccf1652753dbd9ee75a3cc3229d", "config_hash": "e4fae46d1c013eb7c36e2eeecfd787bd198e1e60b7f9bf7f044c146e0d2a9270", "feature_cache_keys": {}, "sam_model_type": "", "sam_checkpoint": "", "metrics": {"primary_metric": "mean_dsc_fg_case_macro", "metric_version": "v3_case_macro", "eval_scope": "case_retained_slices", "mean_dsc_fg_case_macro": 0.2957449572785923, "mean_dsc_fg": 0.2957449572785923, "mean_dsc_fg_pooled_diagnostic": 0.34858819160930593, "dsc_per_class_pooled": [0.9859644797381845, 0.2048712661386708, 0.2971030401687667, 0.5437902685204803], "dsc_per_class": [0.9859644797381845, 0.2048712661386708, 0.2971030401687667, 0.5437902685204803], "n_cases": 31, "n_eval": 500, "structure_detection_rate": 1.0, "missed_structure_rate": 0.0}, "runtime_sec": {"train": 575.7655198574066, "eval": 3.9199161529541016, "select": 45.04038739204407}, "gpu_mem_mb": 9380.583936, "gpu_name": "NVIDIA H100 80GB HBM3", "gpu_total_mem_mb": 85294.972928, "foundation": {}, "notes": ""}
{"schema_version": "v3", "run_id": "ext_brats2020__P1__s1000", "round": 1, "dataset": "ext_brats2020", "modality": "t1ce", "target": "necrotic", "dim": "3d", "query_unit": "slice", "seed": 1000, "round_seed": 1001, "component_seeds": {"model_init_seed": 1028625171, "loader_seed": 316625031, "query_seed": 253434028, "dropout_seed": 3317428529}, "total_rounds": 7, "budget_denominator": {"full_train_N": 15060, "requested_pool_cap": 5000, "actual_AL_pool_N": 2500, "budget_plan": [25, 50, 100, 176, 250, 375, 500], "fraction_of_AL_pool": 0.2, "fraction_of_full_train": 0.033200531208499334}, "policy_id": "P1", "policy_name": "EntropyFull", "method_version": "1.0", "is_ablation": false, "policy_config": {}, "cumulative_budget": 50, "incremental_query_count": 50, "labeled_count": 50, "labeled_ratio": 0.02, "selected_ids": ["BraTS20_Training_149_s152", "BraTS20_Training_225_s090", "BraTS20_Training_168_s093", "BraTS20_Training_168_s083", "BraTS20_Training_348_s136", "BraTS20_Training_055_s156", "BraTS20_Training_168_s085", "BraTS20_Training_244_s090", "BraTS20_Training_245_s109", "BraTS20_Training_075_s150", "BraTS20_Training_255_s164", "BraTS20_Training_279_s089", "BraTS20_Training_333_s153", "BraTS20_Training_155_s139", "BraTS20_Training_252_s137", "BraTS20_Training_333_s141", "BraTS20_Training_125_s101", "BraTS20_Training_244_s073", "BraTS20_Training_053_s078", "BraTS20_Training_191_s085", "BraTS20_Training_155_s143", "BraTS20_Training_168_s100", "BraTS20_Training_362_s148", "BraTS20_Training_255_s156", "BraTS20_Training_279_s096", "BraTS20_Training_241_s098", "BraTS20_Training_147_s149", "BraTS20_Training_151_s133", "BraTS20_Training_213_s129", "BraTS20_Training_255_s160", "BraTS20_Training_344_s161", "BraTS20_Training_333_s140", "BraTS20_Training_191_s103", "BraTS20_Training_245_s150", "BraTS20_Training_349_s099", "BraTS20_Training_163_s140", "BraTS20_Training_097_s084", "BraTS20_Training_193_s089", "BraTS20_Training_154_s107", "BraTS20_Training_254_s124", "BraTS20_Training_191_s097", "BraTS20_Training_009_s099", "BraTS20_Training_015_s159", "BraTS20_Training_270_s099", "BraTS20_Training_348_s128", "BraTS20_Training_333_s148", "BraTS20_Training_151_s129", "BraTS20_Training_143_s160", "BraTS20_Training_097_s094", "BraTS20_Training_183_s082"], "selected_scores": [0.006027930416166782, 0.005578862968832254, 0.005391162820160389, 0.0051386794075369835, 0.004994963761419058, 0.004949793219566345, 0.004923300817608833, 0.004838746972382069, 0.004798656329512596, 0.004782944917678833, 0.004773587919771671, 0.004718461073935032, 0.004652864765375853, 0.004630128853023052, 0.004627852234989405, 0.004604852292686701, 0.004576776176691055, 0.004563406575471163, 0.004542557056993246, 0.004508488811552525, 0.004463047254830599, 0.004447370767593384, 0.004402220714837313, 0.004390017595142126, 0.0043829879723489285, 0.004382036626338959, 0.004370271228253841, 0.004342166241258383, 0.004322254564613104, 0.004319335799664259, 0.004306777846068144, 0.004306091461330652, 0.004293201956897974, 0.004274950362741947, 0.004274310078471899, 0.004243351053446531, 0.0042391493916511536, 0.0042341770604252815, 0.004204604309052229, 0.0042036897502839565, 0.004181224387139082, 0.004172689747065306, 0.004169465508311987, 0.004133152775466442, 0.004117081873118877, 0.004112686961889267, 0.004112112335860729, 0.004097229801118374, 0.004092202056199312, 0.004090432543307543], "selected_pred_fg_ratio": [0.043727874755859375, 0.06536102294921875, 0.03816986083984375, 0.029766082763671875, 0.044475555419921875, 0.054622650146484375, 0.034618377685546875, 0.04882049560546875, 0.030155181884765625, 0.03710174560546875, 0.046703338623046875, 0.033100128173828125, 0.027317047119140625, 0.044155120849609375, 0.038394927978515625, 0.023494720458984375, 0.05864715576171875, 0.04358673095703125, 0.058559417724609375, 0.052425384521484375, 0.04470062255859375, 0.041690826416015625, 0.04534149169921875, 0.047878265380859375, 0.034404754638671875, 0.025299072265625, 0.020732879638671875, 0.03000640869140625, 0.0191497802734375, 0.057003021240234375, 0.0259857177734375, 0.024852752685546875, 0.06276702880859375, 0.052471160888671875, 0.046360015869140625, 0.034534454345703125, 0.054149627685546875, 0.032379150390625, 0.019229888916015625, 0.04405975341796875, 0.06602859497070312, 0.07629013061523438, 0.0332183837890625, 0.04986572265625, 0.025936126708984375, 0.026973724365234375, 0.0207672119140625, 0.02664947509765625, 0.05248260498046875, 0.04673004150390625], "selected_pred_class_dist": [[0.9562721252441406, 0.004398345947265625, 0.017536163330078125, 0.021793365478515625], [0.9346389770507812, 0.006954193115234375, 0.029499053955078125, 0.02890777587890625], [0.9618301391601562, 0.00128173828125, 0.016902923583984375, 0.019985198974609375], [0.9702339172363281, 0.000629425048828125, 0.016010284423828125, 0.013126373291015625], [0.9555244445800781, 0.011798858642578125, 0.0165252685546875, 0.01615142822265625], [0.9453773498535156, 0.005191802978515625, 0.04257965087890625, 0.0068511962890625], [0.9653816223144531, 0.001499176025390625, 0.015544891357421875, 0.017574310302734375], [0.9511795043945312, 0.009639739990234375, 0.025691986083984375, 0.01348876953125], [0.9698448181152344, 0.012508392333984375, 0.011829376220703125, 0.005817413330078125], [0.9628982543945312, 0.002826690673828125, 0.024211883544921875, 0.01006317138671875], [0.9532966613769531, 0.0020294189453125, 0.01851654052734375, 0.026157379150390625], [0.9668998718261719, 0.0222625732421875, 0.006824493408203125, 0.0040130615234375], [0.9726829528808594, 0.002166748046875, 0.019557952880859375, 0.00559234619140625], [0.9558448791503906, 0.006175994873046875, 0.030353546142578125, 0.007625579833984375], [0.9616050720214844, 0.005641937255859375, 0.026775360107421875, 0.005977630615234375], [0.9765052795410156, 6.866455078125e-05, 0.013957977294921875, 0.00946807861328125], [0.9413528442382812, 0.0010528564453125, 0.036716461181640625, 0.020877838134765625], [0.9564132690429688, 0.014312744140625, 0.016429901123046875, 0.012844085693359375], [0.9414405822753906, 0.00545501708984375, 0.045589447021484375, 0.00751495361328125], [0.9475746154785156, 0.006404876708984375, 0.011562347412109375, 0.034458160400390625], [0.9552993774414062, 0.00603485107421875, 0.025943756103515625, 0.012722015380859375], [0.9583091735839844, 0.004241943359375, 0.01055908203125, 0.026889801025390625], [0.9546585083007812, 0.0103912353515625, 0.020465850830078125, 0.014484405517578125], [0.9521217346191406, 0.002197265625, 0.02687835693359375, 0.018802642822265625], [0.9655952453613281, 0.014690399169921875, 0.016399383544921875, 0.003314971923828125], [0.974700927734375, 0.00197601318359375, 0.02044677734375, 0.00287628173828125], [0.9792671203613281, 0.00379180908203125, 0.016876220703125, 6.4849853515625e-05], [0.9699935913085938, 0.002162933349609375, 0.01738739013671875, 0.010456085205078125], [0.9808502197265625, 0.001239776611328125, 0.006954193115234375, 0.010955810546875], [0.9429969787597656, 0.002445220947265625, 0.023883819580078125, 0.030673980712890625], [0.9740142822265625, 0.00101470947265625, 0.0206756591796875, 0.00429534912109375], [0.9751472473144531, 6.4849853515625e-05, 0.012176513671875, 0.01261138916015625], [0.9372329711914062, 0.00421905517578125, 0.0198974609375, 0.0386505126953125], [0.9475288391113281, 0.000972747802734375, 0.021511077880859375, 0.029987335205078125], [0.9536399841308594, 0.004764556884765625, 0.028228759765625, 0.01336669921875], [0.9654655456542969, 0.001140594482421875, 0.021930694580078125, 0.011463165283203125], [0.9458503723144531, 0.015064239501953125, 0.012966156005859375, 0.026119232177734375], [0.967620849609375, 0.001728057861328125, 0.015872955322265625, 0.01477813720703125], [0.9807701110839844, 0.005573272705078125, 0.006748199462890625, 0.006908416748046875], [0.9559402465820312, 0.004825592041015625, 0.015575408935546875, 0.02365875244140625], [0.9339714050292969, 0.005611419677734375, 0.017208099365234375, 0.043209075927734375], [0.9237098693847656, 0.00853729248046875, 0.05310821533203125, 0.014644622802734375], [0.9667816162109375, 0.00020599365234375, 0.02655029296875, 0.00646209716796875], [0.95013427734375, 0.0120849609375, 0.012714385986328125, 0.025066375732421875], [0.9740638732910156, 0.005451202392578125, 0.012584686279296875, 0.007900238037109375], [0.9730262756347656, 0.000843048095703125, 0.025775909423828125, 0.000354766845703125], [0.9792327880859375, 0.00240325927734375, 0.0101470947265625, 0.00821685791015625], [0.9733505249023438, 0.006473541259765625, 0.011203765869140625, 0.00897216796875], [0.9475173950195312, 0.01618194580078125, 0.017650604248046875, 0.018650054931640625], [0.9532699584960938, 0.005504608154296875, 0.02280426025390625, 0.018421173095703125]], "candidate_count": 2450, "candidate_scores_path": "/groups/echambe2/gmeng/MedAL-Agent/repo/code/runs/frozen_v5/candidate_scores/ext_brats2020__P1__s1000__r1.json", "predictions_path": "", "initial_labeled_path": "/groups/echambe2/gmeng/MedAL-Agent/repo/code/runs/frozen_v5/init_sets/ext_brats2020__s1000__n25.json", "initial_labeled_ids": [], "selection_diagnostics": {}, "training": {"num_iters": 1000, "batch_size": 12, "lr": 0.001, "image_size": 512, "aspect_preserve": true, "resolution_policy": "longside_pad32", "preproc_cache": {"pool": "hit", "val": "hit"}, "train_runtime_sec": 577.1369316577911, "query_runtime_sec": 44.52253222465515, "iters": 5000, "stop_iter": 5000, "mean_loss": 0.19606619939357042, "last_loss": 0.03359384834766388, "stop_reason": "plateau_max", "hit_max_iters": true, "final_smooth_loss": 0.045177569910883904, "best_smooth_loss": 0.04779458407312632, "diverged": false, "loss_curve": [[1000, 0.2511729469895363], [1100, 0.23119044676423073], [1200, 0.19692601323127745], [1300, 0.1889847619831562], [1400, 0.1745529705286026], [1500, 0.15841496884822845], [1600, 0.15293032214045524], [1700, 0.14017985932528973], [1800, 0.13204637199640273], [1900, 0.12733672313392164], [2000, 0.11967002227902412], [2100, 0.12727948218584062], [2200, 0.1128286635875702], [2300, 0.10938816100358963], [2400, 0.10803085267543792], [2500, 0.10220338642597199], [2600, 0.09820322483778], [2700, 0.09383867524564266], [2800, 0.09112532004714012], [2900, 0.08928130019456149], [3000, 0.0876845870167017], [3100, 0.08128831900656223], [3200, 0.11142367534339429], [3300, 0.09613598346710205], [3400, 0.07407364722341299], [3500, 0.07497739963233471], [3600, 0.07067676115781069], [3700, 0.07107624735683203], [3800, 0.06507171645760536], [3900, 0.06217383708804846], [4000, 0.06373840671032667], [4100, 0.0609986038133502], [4200, 0.059469672366976735], [4300, 0.05608515452593565], [4400, 0.0562858696654439], [4500, 0.05521248359233141], [4600, 0.053026757389307025], [4700, 0.05191944260150194], [4800, 0.04915724590420723], [4900, 0.04779458407312632], [5000, 0.045177569910883904]]}, "ckpt_id": "ext_brats2020__P1__s1000__r1", "ckpt_path": "", "ckpt_hash": "75a73e5a767d7ecf101cf91bb132d18bf877057ae0cd6115581b3dd864baa583", "config_hash": "e4fae46d1c013eb7c36e2eeecfd787bd198e1e60b7f9bf7f044c146e0d2a9270", "feature_cache_keys": {}, "sam_model_type": "", "sam_checkpoint": "", "metrics": {"primary_metric": "mean_dsc_fg_case_macro", "metric_version": "v3_case_macro", "eval_scope": "case_retained_slices", "mean_dsc_fg_case_macro": 0.3842339098450509, "mean_dsc_fg": 0.3842339098450509, "mean_dsc_fg_pooled_diagnostic": 0.44349135216691044, "dsc_per_class_pooled": [0.9881360596813198, 0.24588341591069504, 0.4163670208235251, 0.6682236197665113], "dsc_per_class": [0.9881360596813198, 0.24588341591069504, 0.4163670208235251, 0.6682236197665113], "n_cases": 31, "n_eval": 500, "structure_detection_rate": 1.0, "missed_structure_rate": 0.0}, "runtime_sec": {"train": 577.1369316577911, "eval": 4.266162633895874, "select": 44.52253222465515}, "gpu_mem_mb": 9428.851712, "gpu_name": "NVIDIA H100 80GB HBM3", "gpu_total_mem_mb": 85294.972928, "foundation": {}, "notes": ""}
{"schema_version": "v3", "run_id": "ext_brats2020__P1__s1000", "round": 2, "dataset": "ext_brats2020", "modality": "t1ce", "target": "necrotic", "dim": "3d", "query_unit": "slice", "seed": 1000, "round_seed": 1002, "component_seeds": {"model_init_seed": 265999627, "loader_seed": 1465654863, "query_seed": 2544461518, "dropout_seed": 3552612840}, "total_rounds": 7, "budget_denominator": {"full_train_N": 15060, "requested_pool_cap": 5000, "actual_AL_pool_N": 2500, "budget_plan": [25, 50, 100, 176, 250, 375, 500], "fraction_of_AL_pool": 0.2, "fraction_of_full_train": 0.033200531208499334}, "policy_id": "P1", "policy_name": "EntropyFull", "method_version": "1.0", "is_ablation": false, "policy_config": {}, "cumulative_budget": 100, "incremental_query_count": 76, "labeled_count": 100, "labeled_ratio": 0.04, "selected_ids": ["BraTS20_Training_087_s186", "BraTS20_Training_022_s116", "BraTS20_Training_333_s122", "BraTS20_Training_092_s122", "BraTS20_Training_344_s150", "BraTS20_Training_046_s119", "BraTS20_Training_026_s102", "BraTS20_Training_047_s118", "BraTS20_Training_053_s092", "BraTS20_Training_044_s119", "BraTS20_Training_058_s186", "BraTS20_Training_335_s148", "BraTS20_Training_344_s152", "BraTS20_Training_172_s121", "BraTS20_Training_143_s134", "BraTS20_Training_176_s115", "BraTS20_Training_022_s115", "BraTS20_Training_335_s139", "BraTS20_Training_354_s117", "BraTS20_Training_119_s149", "BraTS20_Training_333_s126", "BraTS20_Training_346_s123", "BraTS20_Training_330_s122", "BraTS20_Training_324_s085", "BraTS20_Training_281_s113", "BraTS20_Training_243_s124", "BraTS20_Training_335_s140", "BraTS20_Training_053_s090", "BraTS20_Training_339_s109", "BraTS20_Training_321_s118", "BraTS20_Training_074_s145", "BraTS20_Training_009_s107", "BraTS20_Training_340_s096", "BraTS20_Training_114_s117", "BraTS20_Training_171_s114", "BraTS20_Training_244_s099", "BraTS20_Training_273_s125", "BraTS20_Training_273_s117", "BraTS20_Training_362_s125", "BraTS20_Training_193_s098", "BraTS20_Training_058_s124", "BraTS20_Training_328_s138", "BraTS20_Training_338_s118", "BraTS20_Training_241_s121", "BraTS20_Training_075_s157", "BraTS20_Training_026_s083", "BraTS20_Training_026_s077", "BraTS20_Training_143_s113", "BraTS20_Training_338_s114", "BraTS20_Training_156_s132", "BraTS20_Training_313_s131", "BraTS20_Training_110_s119", "BraTS20_Training_261_s132", "BraTS20_Training_173_s146", "BraTS20_Training_035_s093", "BraTS20_Training_020_s090", "BraTS20_Training_058_s117", "BraTS20_Training_175_s117", "BraTS20_Training_191_s128", "BraTS20_Training_107_s120", "BraTS20_Training_261_s105", "BraTS20_Training_318_s096", "BraTS20_Training_020_s102", "BraTS20_Training_316_s101", "BraTS20_Training_020_s078", "BraTS20_Training_328_s095", "BraTS20_Training_286_s121", "BraTS20_Training_227_s120", "BraTS20_Training_243_s104", "BraTS20_Training_261_s123", "BraTS20_Training_001_s064", "BraTS20_Training_044_s121", "BraTS20_Training_125_s105", "BraTS20_Training_328_s139", "BraTS20_Training_241_s084", "BraTS20_Training_155_s121"], "selected_scores": [0.01173518504947424, 0.007925615645945072, 0.007697466295212507, 0.007685865741223097, 0.007566126529127359, 0.007540450897067785, 0.007355360314249992, 0.007349303923547268, 0.007304112892597914, 0.007208403665572405, 0.007173705380409956, 0.00716374721378088, 0.007129417732357979, 0.0069376579485833645, 0.0068924520164728165, 0.006870320066809654, 0.0068578943610191345, 0.006828146055340767, 0.006814059801399708, 0.006810671649873257, 0.006798313464969397, 0.00677955849096179, 0.006779022514820099, 0.006737282499670982, 0.006725126877427101, 0.006682744715362787, 0.006674995645880699, 0.006665954366326332, 0.006600053049623966, 0.0065805334597826, 0.006549096200615168, 0.0065411110408604145, 0.006530964281409979, 0.0064880698919296265, 0.0064543080516159534, 0.006447621155530214, 0.0064174882136285305, 0.006416643504053354, 0.006401675753295422, 0.006400897167623043, 0.006395302712917328, 0.006381866056472063, 0.00637994147837162, 0.006366600748151541, 0.006348112132400274, 0.006330238655209541, 0.0062995655462145805, 0.006275336258113384, 0.006243707146495581, 0.006222361698746681, 0.006209693383425474, 0.006209401413798332, 0.006199241150170565, 0.006198377348482609, 0.006143586710095406, 0.0060844155959784985, 0.006080017890781164, 0.006062869448214769, 0.006060602609068155, 0.006055387668311596, 0.006043237634003162, 0.0060198125429451466, 0.006019154097884893, 0.006004510447382927, 0.005978272296488285, 0.005953227635473013, 0.005951383151113987, 0.005946834105998278, 0.00593082420527935, 0.005876860115677118, 0.005859845317900181, 0.005838056560605764, 0.005831467919051647, 0.005824781022965908, 0.005819232668727636, 0.005813488271087408], "selected_pred_fg_ratio": [0.0017547607421875, 0.055553436279296875, 0.047435760498046875, 0.04003143310546875, 0.059299468994140625, 0.06544876098632812, 0.07449722290039062, 0.041881561279296875, 0.06872940063476562, 0.032077789306640625, 0.00029754638671875, 0.045703887939453125, 0.050952911376953125, 0.048786163330078125, 0.05986785888671875, 0.039386749267578125, 0.038341522216796875, 0.046733856201171875, 0.0282440185546875, 0.0253143310546875, 0.05345916748046875, 0.048328399658203125, 0.034984588623046875, 0.018199920654296875, 0.027706146240234375, 0.04515838623046875, 0.055820465087890625, 0.05510711669921875, 0.06446456909179688, 0.057811737060546875, 0.05762481689453125, 0.04468536376953125, 0.031581878662109375, 0.049648284912109375, 0.0562286376953125, 0.050151824951171875, 0.037853240966796875, 0.05236053466796875, 0.018161773681640625, 0.0522308349609375, 0.029972076416015625, 0.0204315185546875, 0.0306243896484375, 0.017208099365234375, 0.050350189208984375, 0.056613922119140625, 0.04531097412109375, 0.03722381591796875, 0.04803466796875, 0.04067230224609375, 0.03125, 0.02404022216796875, 0.051555633544921875, 0.028514862060546875, 0.025814056396484375, 0.058673858642578125, 0.0297088623046875, 0.044689178466796875, 0.02203369140625, 0.03025054931640625, 0.036895751953125, 0.057056427001953125, 0.030223846435546875, 0.041439056396484375, 0.029445648193359375, 0.051822662353515625, 0.02761077880859375, 0.02181243896484375, 0.027965545654296875, 0.045124053955078125, 0.02231597900390625, 0.025661468505859375, 0.06696319580078125, 0.0209197998046875, 0.04827117919921875, 0.034648895263671875], "selected_pred_class_dist": [[0.9982452392578125, 0.0015869140625, 0.0, 0.0001678466796875], [0.9444465637207031, 0.00502777099609375, 0.021442413330078125, 0.029083251953125], [0.9525642395019531, 0.02611541748046875, 0.0181732177734375, 0.003147125244140625], [0.9599685668945312, 0.002227783203125, 0.01393890380859375, 0.02386474609375], [0.9407005310058594, 0.003566741943359375, 0.032009124755859375, 0.023723602294921875], [0.9345512390136719, 0.026378631591796875, 0.02591705322265625, 0.013153076171875], [0.9255027770996094, 0.008029937744140625, 0.053741455078125, 0.012725830078125], [0.9581184387207031, 0.008544921875, 0.009616851806640625, 0.02371978759765625], [0.9312705993652344, 0.019222259521484375, 0.043781280517578125, 0.005725860595703125], [0.9679222106933594, 0.01071929931640625, 0.01012420654296875, 0.011234283447265625], [0.9997024536132812, 0.000225067138671875, 0.0, 7.2479248046875e-05], [0.9542961120605469, 0.017608642578125, 0.02196502685546875, 0.006130218505859375], [0.9490470886230469, 0.001434326171875, 0.02928924560546875, 0.020229339599609375], [0.9512138366699219, 0.014499664306640625, 0.01971435546875, 0.0145721435546875], [0.9401321411132812, 0.028446197509765625, 0.01041412353515625, 0.021007537841796875], [0.9606132507324219, 0.005779266357421875, 0.0228424072265625, 0.01076507568359375], [0.9616584777832031, 0.0098876953125, 0.011325836181640625, 0.01712799072265625], [0.9532661437988281, 0.01141357421875, 0.015979766845703125, 0.01934051513671875], [0.9717559814453125, 0.001739501953125, 0.012340545654296875, 0.014163970947265625], [0.9746856689453125, 0.005107879638671875, 0.017971038818359375, 0.00223541259765625], [0.9465408325195312, 0.03902435302734375, 0.01319122314453125, 0.00124359130859375], [0.9516716003417969, 0.017063140869140625, 0.00962066650390625, 0.02164459228515625], [0.9650154113769531, 0.003307342529296875, 0.013584136962890625, 0.018093109130859375], [0.9818000793457031, 0.006473541259765625, 0.00807952880859375, 0.0036468505859375], [0.9722938537597656, 0.00449371337890625, 0.01024627685546875, 0.012966156005859375], [0.9548416137695312, 0.0190582275390625, 0.008541107177734375, 0.017559051513671875], [0.9441795349121094, 0.01297760009765625, 0.02442169189453125, 0.018421173095703125], [0.9448928833007812, 0.01058197021484375, 0.041439056396484375, 0.003086090087890625], [0.9355354309082031, 0.0246124267578125, 0.02092742919921875, 0.018924713134765625], [0.9421882629394531, 0.043659210205078125, 0.005893707275390625, 0.008258819580078125], [0.9423751831054688, 0.011505126953125, 0.028354644775390625, 0.017765045166015625], [0.9553146362304688, 0.006732940673828125, 0.0290985107421875, 0.008853912353515625], [0.9684181213378906, 0.002040863037109375, 0.016071319580078125, 0.013469696044921875], [0.9503517150878906, 0.015735626220703125, 0.01874542236328125, 0.015167236328125], [0.9437713623046875, 0.028911590576171875, 0.011867523193359375, 0.01544952392578125], [0.9498481750488281, 0.00335693359375, 0.033893585205078125, 0.01290130615234375], [0.9621467590332031, 0.013362884521484375, 0.0188751220703125, 0.005615234375], [0.9476394653320312, 0.02752685546875, 0.01721954345703125, 0.0076141357421875], [0.9818382263183594, 0.003589630126953125, 0.009990692138671875, 0.004581451416015625], [0.9477691650390625, 0.009365081787109375, 0.0204620361328125, 0.022403717041015625], [0.9700279235839844, 0.006954193115234375, 0.010711669921875, 0.01230621337890625], [0.9795684814453125, 0.004638671875, 0.011501312255859375, 0.004291534423828125], [0.9693756103515625, 0.0006866455078125, 0.0195159912109375, 0.0104217529296875], [0.9827919006347656, 0.002368927001953125, 0.005855560302734375, 0.008983612060546875], [0.9496498107910156, 0.015361785888671875, 0.018199920654296875, 0.016788482666015625], [0.9433860778808594, 0.0021820068359375, 0.042270660400390625, 0.0121612548828125], [0.9546890258789062, 0.00421142578125, 0.030765533447265625, 0.010334014892578125], [0.9627761840820312, 0.010845184326171875, 0.02434539794921875, 0.002033233642578125], [0.95196533203125, 0.007099151611328125, 0.0209503173828125, 0.019985198974609375], [0.9593276977539062, 0.00441741943359375, 0.021392822265625, 0.014862060546875], [0.96875, 0.00511932373046875, 0.021472930908203125, 0.004657745361328125], [0.9759597778320312, 0.0050048828125, 0.010173797607421875, 0.008861541748046875], [0.9484443664550781, 0.0244293212890625, 0.0197296142578125, 0.007396697998046875], [0.9714851379394531, 0.00244140625, 0.019870758056640625, 0.00620269775390625], [0.9741859436035156, 0.0046234130859375, 0.009403228759765625, 0.01178741455078125], [0.9413261413574219, 0.02695465087890625, 0.01831817626953125, 0.013401031494140625], [0.9702911376953125, 0.00664520263671875, 0.0121307373046875, 0.01093292236328125], [0.9553108215332031, 0.003696441650390625, 0.01618194580078125, 0.024810791015625], [0.97796630859375, 0.000156402587890625, 0.015735626220703125, 0.00614166259765625], [0.9697494506835938, 0.004589080810546875, 0.01473236083984375, 0.010929107666015625], [0.963104248046875, 0.01493072509765625, 0.01824188232421875, 0.00372314453125], [0.9429435729980469, 0.0340423583984375, 0.01990509033203125, 0.003108978271484375], [0.9697761535644531, 0.006359100341796875, 0.014926910400390625, 0.008937835693359375], [0.9585609436035156, 0.02075958251953125, 0.012790679931640625, 0.0078887939453125], [0.9705543518066406, 0.009613037109375, 0.01134490966796875, 0.008487701416015625], [0.9481773376464844, 0.020687103271484375, 0.0257110595703125, 0.00542449951171875], [0.9723892211914062, 0.020160675048828125, 0.0047454833984375, 0.002704620361328125], [0.9781875610351562, 0.01146697998046875, 0.009067535400390625, 0.001277923583984375], [0.9720344543457031, 0.002349853515625, 0.0060272216796875, 0.019588470458984375], [0.9548759460449219, 0.01747894287109375, 0.023960113525390625, 0.00368499755859375], [0.9776840209960938, 0.001255035400390625, 0.01834869384765625, 0.002712249755859375], [0.9743385314941406, 0.0005645751953125, 0.018123626708984375, 0.0069732666015625], [0.9330368041992188, 0.003330230712890625, 0.038852691650390625, 0.0247802734375], [0.9790802001953125, 0.006816864013671875, 0.0104522705078125, 0.003650665283203125], [0.9517288208007812, 0.002960205078125, 0.040863037109375, 0.00444793701171875], [0.9653511047363281, 0.0009918212890625, 0.015674591064453125, 0.01798248291015625]], "candidate_count": 2400, "candidate_scores_path": "/groups/echambe2/gmeng/MedAL-Agent/repo/code/runs/frozen_v5/candidate_scores/ext_brats2020__P1__s1000__r2.json", "predictions_path": "", "initial_labeled_path": "/groups/echambe2/gmeng/MedAL-Agent/repo/code/runs/frozen_v5/init_sets/ext_brats2020__s1000__n25.json", "initial_labeled_ids": [], "selection_diagnostics": {}, "training": {"num_iters": 1000, "batch_size": 12, "lr": 0.001, "image_size": 512, "aspect_preserve": true, "resolution_policy": "longside_pad32", "preproc_cache": {"pool": "hit", "val": "hit"}, "train_runtime_sec": 567.2504637241364, "query_runtime_sec": 43.70308446884155, "iters": 5000, "stop_iter": 5000, "mean_loss": 0.21622527971565722, "last_loss": 0.0612495094537735, "stop_reason": "plateau_max", "hit_max_iters": true, "final_smooth_loss": 0.06730420790612697, "best_smooth_loss": 0.07169971760362387, "diverged": false, "loss_curve": [[1000, 0.3223155651986599], [1100, 0.27208627671003344], [1200, 0.24625016435980795], [1300, 0.2302561730146408], [1400, 0.21944015026092528], [1500, 0.2014698278903961], [1600, 0.1885634531080723], [1700, 0.1808350247144699], [1800, 0.1708120109140873], [1900, 0.15594596937298774], [2000, 0.15341749384999276], [2100, 0.137548368498683], [2200, 0.1350825834274292], [2300, 0.12656176194548607], [2400, 0.12415422685444355], [2500, 0.12008093327283859], [2600, 0.11971082098782063], [2700, 0.11551633194088935], [2800, 0.11033575966954232], [2900, 0.1101510251313448], [3000, 0.10669311091303825], [3100, 0.1121939967572689], [3200, 0.10283154517412185], [3300, 0.09948166139423847], [3400, 0.09797079138457775], [3500, 0.09884254090487957], [3600, 0.0939083643257618], [3700, 0.08974591054022313], [3800, 0.0850938979536295], [3900, 0.08455813646316529], [4000, 0.0851368897408247], [4100, 0.08041221491992473], [4200, 0.08057665262371301], [4300, 0.07799860689789057], [4400, 0.07719204857945443], [4500, 0.0760739129409194], [4600, 0.07402369134128094], [4700, 0.07169971760362387], [4800, 0.06939163196831942], [4900, 0.06972616452723741], [5000, 0.06730420790612697]]}, "ckpt_id": "ext_brats2020__P1__s1000__r2", "ckpt_path": "", "ckpt_hash": "7fc357a8f37d55197f8e91949100be7f49123253aed65e9cc7d6c70f83e7604c", "config_hash": "e4fae46d1c013eb7c36e2eeecfd787bd198e1e60b7f9bf7f044c146e0d2a9270", "feature_cache_keys": {}, "sam_model_type": "", "sam_checkpoint": "", "metrics": {"primary_metric": "mean_dsc_fg_case_macro", "metric_version": "v3_case_macro", "eval_scope": "case_retained_slices", "mean_dsc_fg_case_macro": 0.4273715011926832, "mean_dsc_fg": 0.4273715011926832, "mean_dsc_fg_pooled_diagnostic": 0.5081427335992544, "dsc_per_class_pooled": [0.9885949260998037, 0.3774917813060555, 0.47645858478464626, 0.6704778347070617], "dsc_per_class": [0.9885949260998037, 0.3774917813060555, 0.47645858478464626, 0.6704778347070617], "n_cases": 31, "n_eval": 500, "structure_detection_rate": 1.0, "missed_structure_rate": 0.0}, "runtime_sec": {"train": 567.2504637241364, "eval": 4.02683162689209, "select": 43.70308446884155}, "gpu_mem_mb": 9429.654528, "gpu_name": "NVIDIA H100 80GB HBM3", "gpu_total_mem_mb": 85294.972928, "foundation": {}, "notes": ""}
