{"schema_version": "v3", "run_id": "ext_brats2020__P5__s1000", "round": 0, "dataset": "ext_brats2020", "modality": "t1ce", "target": "necrotic", "dim": "3d", "query_unit": "slice", "seed": 1000, "round_seed": 1000, "component_seeds": {"model_init_seed": 2989689681, "loader_seed": 4191542321, "query_seed": 2529548519, "dropout_seed": 3619692248}, "total_rounds": 7, "budget_denominator": {"full_train_N": 15060, "requested_pool_cap": 5000, "actual_AL_pool_N": 2500, "budget_plan": [25, 50, 100, 176, 250, 375, 500], "fraction_of_AL_pool": 0.2, "fraction_of_full_train": 0.033200531208499334}, "policy_id": "P5", "policy_name": "EntropyCoreSet", "method_version": "1.0", "is_ablation": false, "policy_config": {}, "cumulative_budget": 25, "incremental_query_count": 25, "labeled_count": 25, "labeled_ratio": 0.01, "selected_ids": ["BraTS20_Training_112_s068", "BraTS20_Training_275_s162", "BraTS20_Training_117_s179", "BraTS20_Training_317_s174", "BraTS20_Training_313_s086", "BraTS20_Training_344_s129", "BraTS20_Training_118_s056", "BraTS20_Training_243_s114", "BraTS20_Training_315_s163", "BraTS20_Training_236_s093", "BraTS20_Training_255_s171", "BraTS20_Training_112_s061", "BraTS20_Training_191_s094", "BraTS20_Training_087_s171", "BraTS20_Training_097_s084", "BraTS20_Training_112_s063", "BraTS20_Training_335_s160", "BraTS20_Training_355_s115", "BraTS20_Training_015_s159", "BraTS20_Training_263_s138", "BraTS20_Training_016_s068", "BraTS20_Training_349_s099", "BraTS20_Training_335_s161", "BraTS20_Training_035_s071", "BraTS20_Training_345_s059"], "selected_scores": [0.0029474867042154074, 0.0029054181650280952, 0.0022404647897928953, 0.0031229376327246428, 0.0025688898749649525, 0.0023240046575665474, 0.0024231330025941133, 0.0022948775440454483, 0.002254545921459794, 0.0022381062153726816, 0.002189752645790577, 0.0022480476181954145, 0.0027296452317386866, 0.0024080469738692045, 0.002341683255508542, 0.0024083820171654224, 0.0026359190233051777, 0.002350644674152136, 0.002180800074711442, 0.0022226814180612564, 0.003154490375891328, 0.0023492141626775265, 0.0025311957579106092, 0.002949983114376664, 0.0025046803057193756], "selected_pred_fg_ratio": [0.039279937744140625, 0.0221710205078125, 0.02408599853515625, 0.031558990478515625, 0.055187225341796875, 0.020397186279296875, 0.020351409912109375, 0.016956329345703125, 0.03350067138671875, 0.032024383544921875, 0.0273895263671875, 0.03826141357421875, 0.02630615234375, 0.026676177978515625, 0.0323486328125, 0.022064208984375, 0.040187835693359375, 0.03515625, 0.035858154296875, 0.024860382080078125, 0.05194091796875, 0.04451751708984375, 0.037845611572265625, 0.044414520263671875, 0.02127838134765625], "selected_pred_class_dist": [[0.9607200622558594, 0.02155303955078125, 0.0082244873046875, 0.009502410888671875], [0.9778289794921875, 0.00604248046875, 0.008693695068359375, 0.007434844970703125], [0.9759140014648438, 0.006977081298828125, 0.013782501220703125, 0.003326416015625], [0.9684410095214844, 0.01035308837890625, 0.00836181640625, 0.012844085693359375], [0.9448127746582031, 0.035533905029296875, 0.0196533203125, 0.0], [0.9796028137207031, 0.006618499755859375, 0.007568359375, 0.0062103271484375], [0.9796485900878906, 0.009517669677734375, 0.006195068359375, 0.004638671875], [0.9830436706542969, 0.0035247802734375, 0.010158538818359375, 0.00327301025390625], [0.9664993286132812, 0.005374908447265625, 0.016632080078125, 0.011493682861328125], [0.9679756164550781, 0.003887176513671875, 0.005832672119140625, 0.022304534912109375], [0.9726104736328125, 0.003360748291015625, 0.01132965087890625, 0.012699127197265625], [0.9617385864257812, 0.012287139892578125, 0.012096405029296875, 0.01387786865234375], [0.97369384765625, 0.003177642822265625, 0.0065765380859375, 0.016551971435546875], [0.9733238220214844, 0.006938934326171875, 0.013683319091796875, 0.006053924560546875], [0.9676513671875, 0.004848480224609375, 0.008647918701171875, 0.01885223388671875], [0.977935791015625, 0.006191253662109375, 0.00479888916015625, 0.011074066162109375], [0.9598121643066406, 0.009918212890625, 0.021068572998046875, 0.0092010498046875], [0.96484375, 0.008434295654296875, 0.00675201416015625, 0.019969940185546875], [0.964141845703125, 0.002567291259765625, 0.026439666748046875, 0.0068511962890625], [0.9751396179199219, 0.000209808349609375, 0.01506805419921875, 0.00958251953125], [0.94805908203125, 0.023349761962890625, 0.014186859130859375, 0.014404296875], [0.9554824829101562, 0.02143096923828125, 0.009593963623046875, 0.013492584228515625], [0.9621543884277344, 0.0149383544921875, 0.012462615966796875, 0.01044464111328125], [0.9555854797363281, 0.01808929443359375, 0.014286041259765625, 0.0120391845703125], [0.9787216186523438, 0.00679779052734375, 0.00827789306640625, 0.00620269775390625]], "candidate_count": 2475, "candidate_scores_path": "/groups/echambe2/gmeng/MedAL-Agent/repo/code/runs/frozen_v5/candidate_scores/ext_brats2020__P5__s1000__r0.json", "predictions_path": "", "initial_labeled_path": "/groups/echambe2/gmeng/MedAL-Agent/repo/code/runs/frozen_v5/init_sets/ext_brats2020__s1000__n25.json", "initial_labeled_ids": ["BraTS20_Training_017_s182", "BraTS20_Training_022_s108", "BraTS20_Training_041_s075", "BraTS20_Training_046_s158", "BraTS20_Training_047_s153", "BraTS20_Training_074_s136", "BraTS20_Training_100_s073", "BraTS20_Training_106_s167", "BraTS20_Training_118_s099", "BraTS20_Training_133_s160", "BraTS20_Training_145_s177", "BraTS20_Training_151_s150", "BraTS20_Training_178_s061", "BraTS20_Training_202_s170", "BraTS20_Training_208_s152", "BraTS20_Training_211_s115", "BraTS20_Training_227_s162", "BraTS20_Training_249_s170", "BraTS20_Training_258_s092", "BraTS20_Training_276_s117", "BraTS20_Training_289_s130", "BraTS20_Training_326_s152", "BraTS20_Training_347_s095", "BraTS20_Training_350_s115", "BraTS20_Training_350_s116"], "selection_diagnostics": {}, "training": {"num_iters": 1000, "batch_size": 12, "lr": 0.001, "image_size": 512, "aspect_preserve": true, "resolution_policy": "longside_pad32", "preproc_cache": {"pool": "hit", "val": "hit"}, "train_runtime_sec": 565.9641168117523, "query_runtime_sec": 53.46722912788391, "iters": 5000, "stop_iter": 5000, "mean_loss": 0.14277297473084183, "last_loss": 0.006429560482501984, "stop_reason": "plateau_max", "hit_max_iters": true, "final_smooth_loss": 0.006788217108696699, "best_smooth_loss": 0.008794891573488712, "diverged": false, "loss_curve": [[1000, 0.14326013945043087], [1100, 0.12461838625371456], [1200, 0.1142454593628645], [1300, 0.10616546168923378], [1400, 0.09725595030933619], [1500, 0.0942446281760931], [1600, 0.09023859046399593], [1700, 0.08122150123119354], [1800, 0.07535804830491542], [1900, 0.06911991164088249], [2000, 0.06535613968968391], [2100, 0.06323015753179789], [2200, 0.06003552358597517], [2300, 0.056539497300982476], [2400, 0.0542543376609683], [2500, 0.05113560825586319], [2600, 0.04741439145058393], [2700, 0.04384518161416054], [2800, 0.04347725745290518], [2900, 0.04039057506248355], [3000, 0.03831639854237437], [3100, 0.03656150557100773], [3200, 0.034627951439470055], [3300, 0.03603835629299283], [3400, 0.06780177293345332], [3500, 0.03213138870894909], [3600, 0.028827807549387217], [3700, 0.02662692653015256], [3800, 0.02518418887630105], [3900, 0.0229847033880651], [4000, 0.020401065004989505], [4100, 0.019355013221502303], [4200, 0.017694512736052274], [4300, 0.017923471182584763], [4400, 0.01408832136541605], [4500, 0.013189871786162257], [4600, 0.012203464601188898], [4700, 0.010624533221125602], [4800, 0.010184073196724057], [4900, 0.008794891573488712], [5000, 0.006788217108696699]]}, "ckpt_id": "ext_brats2020__P5__s1000__r0", "ckpt_path": "", "ckpt_hash": "c9496ff405362db0ab86f90037322be3cbb9bccf1652753dbd9ee75a3cc3229d", "config_hash": "e4fae46d1c013eb7c36e2eeecfd787bd198e1e60b7f9bf7f044c146e0d2a9270", "feature_cache_keys": {"task_unet": "task_unet_bottleneck@c9496ff40536"}, "sam_model_type": "", "sam_checkpoint": "", "metrics": {"primary_metric": "mean_dsc_fg_case_macro", "metric_version": "v3_case_macro", "eval_scope": "case_retained_slices", "mean_dsc_fg_case_macro": 0.2957449572785923, "mean_dsc_fg": 0.2957449572785923, "mean_dsc_fg_pooled_diagnostic": 0.34858819160930593, "dsc_per_class_pooled": [0.9859644797381845, 0.2048712661386708, 0.2971030401687667, 0.5437902685204803], "dsc_per_class": [0.9859644797381845, 0.2048712661386708, 0.2971030401687667, 0.5437902685204803], "n_cases": 31, "n_eval": 500, "structure_detection_rate": 1.0, "missed_structure_rate": 0.0}, "runtime_sec": {"train": 565.9641168117523, "eval": 4.2533416748046875, "select": 53.46722912788391}, "gpu_mem_mb": 9380.583936, "gpu_name": "NVIDIA H100 80GB HBM3", "gpu_total_mem_mb": 85294.972928, "foundation": {}, "notes": ""}
{"schema_version": "v3", "run_id": "ext_brats2020__P5__s1000", "round": 1, "dataset": "ext_brats2020", "modality": "t1ce", "target": "necrotic", "dim": "3d", "query_unit": "slice", "seed": 1000, "round_seed": 1001, "component_seeds": {"model_init_seed": 1028625171, "loader_seed": 316625031, "query_seed": 253434028, "dropout_seed": 3317428529}, "total_rounds": 7, "budget_denominator": {"full_train_N": 15060, "requested_pool_cap": 5000, "actual_AL_pool_N": 2500, "budget_plan": [25, 50, 100, 176, 250, 375, 500], "fraction_of_AL_pool": 0.2, "fraction_of_full_train": 0.033200531208499334}, "policy_id": "P5", "policy_name": "EntropyCoreSet", "method_version": "1.0", "is_ablation": false, "policy_config": {}, "cumulative_budget": 50, "incremental_query_count": 50, "labeled_count": 50, "labeled_ratio": 0.02, "selected_ids": ["BraTS20_Training_258_s130", "BraTS20_Training_307_s080", "BraTS20_Training_333_s140", "BraTS20_Training_281_s113", "BraTS20_Training_183_s117", "BraTS20_Training_233_s154", "BraTS20_Training_261_s123", "BraTS20_Training_167_s122", "BraTS20_Training_328_s077", "BraTS20_Training_269_s149", "BraTS20_Training_167_s128", "BraTS20_Training_335_s148", "BraTS20_Training_291_s109", "BraTS20_Training_075_s134", "BraTS20_Training_037_s098", "BraTS20_Training_268_s081", "BraTS20_Training_074_s145", "BraTS20_Training_332_s158", "BraTS20_Training_040_s117", "BraTS20_Training_291_s087", "BraTS20_Training_245_s110", "BraTS20_Training_151_s157", "BraTS20_Training_147_s149", "BraTS20_Training_281_s121", "BraTS20_Training_089_s083", "BraTS20_Training_112_s094", "BraTS20_Training_105_s108", "BraTS20_Training_259_s121", "BraTS20_Training_333_s118", "BraTS20_Training_174_s128", "BraTS20_Training_236_s079", "BraTS20_Training_348_s136", "BraTS20_Training_183_s124", "BraTS20_Training_352_s099", "BraTS20_Training_144_s164", "BraTS20_Training_026_s120", "BraTS20_Training_009_s098", "BraTS20_Training_326_s149", "BraTS20_Training_151_s131", "BraTS20_Training_279_s107", "BraTS20_Training_270_s109", "BraTS20_Training_297_s155", "BraTS20_Training_021_s128", "BraTS20_Training_168_s085", "BraTS20_Training_296_s115", "BraTS20_Training_254_s126", "BraTS20_Training_344_s150", "BraTS20_Training_254_s152", "BraTS20_Training_301_s137", "BraTS20_Training_296_s122"], "selected_scores": [0.00651489058509469, 0.005482129752635956, 0.00582184037193656, 0.006547006778419018, 0.005887266248464584, 0.005790116265416145, 0.0055086673237383366, 0.005818669218569994, 0.0068680462427437305, 0.005749835632741451, 0.006078967824578285, 0.006827713921666145, 0.005548486951738596, 0.006394453812390566, 0.005905497819185257, 0.006066008936613798, 0.0066148145124316216, 0.005969507619738579, 0.005400192923843861, 0.005601357668638229, 0.006048636976629496, 0.005877393763512373, 0.005927738267928362, 0.007535652257502079, 0.006459105759859085, 0.005769424606114626, 0.006899163592606783, 0.006215045694261789, 0.0055323634296655655, 0.006604854483157396, 0.00582969281822443, 0.005851570051163435, 0.005662522744387388, 0.00544164702296257, 0.005984340328723192, 0.0066154152154922485, 0.006570980418473482, 0.005691972561180592, 0.006895280908793211, 0.005906803533434868, 0.005962071008980274, 0.005489197559654713, 0.005798939615488052, 0.005418108310550451, 0.006049906834959984, 0.006639506667852402, 0.005917297676205635, 0.00553584098815918, 0.005660120397806168, 0.006255839951336384], "selected_pred_fg_ratio": [0.0415191650390625, 0.05390167236328125, 0.046710968017578125, 0.041778564453125, 0.034389495849609375, 0.03730010986328125, 0.056949615478515625, 0.044063568115234375, 0.06322860717773438, 0.04924774169921875, 0.05171966552734375, 0.050334930419921875, 0.04217529296875, 0.030696868896484375, 0.037158966064453125, 0.05074310302734375, 0.048381805419921875, 0.041225433349609375, 0.03874969482421875, 0.06488800048828125, 0.04476165771484375, 0.049549102783203125, 0.055660247802734375, 0.05773162841796875, 0.04993438720703125, 0.02921295166015625, 0.02553558349609375, 0.05530548095703125, 0.036716461181640625, 0.052211761474609375, 0.05500030517578125, 0.03319549560546875, 0.03574371337890625, 0.033443450927734375, 0.044307708740234375, 0.043231964111328125, 0.054073333740234375, 0.0535888671875, 0.06581497192382812, 0.02135467529296875, 0.047336578369140625, 0.04679107666015625, 0.0328521728515625, 0.07448959350585938, 0.03044891357421875, 0.06714248657226562, 0.06310272216796875, 0.057796478271484375, 0.037353515625, 0.053440093994140625], "selected_pred_class_dist": [[0.9584808349609375, 0.00978851318359375, 0.010837554931640625, 0.020893096923828125], [0.9460983276367188, 0.020580291748046875, 0.013519287109375, 0.019802093505859375], [0.9532890319824219, 0.008647918701171875, 0.015888214111328125, 0.022174835205078125], [0.958221435546875, 0.00139617919921875, 0.01720428466796875, 0.0231781005859375], [0.9656105041503906, 0.01055145263671875, 0.007587432861328125, 0.0162506103515625], [0.9626998901367188, 0.00152587890625, 0.014617919921875, 0.02115631103515625], [0.9430503845214844, 0.03545379638671875, 0.013431549072265625, 0.00806427001953125], [0.9559364318847656, 0.013507843017578125, 0.011081695556640625, 0.019474029541015625], [0.9367713928222656, 0.009937286376953125, 0.0368194580078125, 0.01647186279296875], [0.9507522583007812, 0.00717926025390625, 0.007556915283203125, 0.034511566162109375], [0.9482803344726562, 0.0107879638671875, 0.011272430419921875, 0.029659271240234375], [0.9496650695800781, 0.0062408447265625, 0.023967742919921875, 0.0201263427734375], [0.95782470703125, 0.002773284912109375, 0.01192474365234375, 0.027477264404296875], [0.9693031311035156, 0.00589752197265625, 0.01087188720703125, 0.013927459716796875], [0.9628410339355469, 0.00962066650390625, 0.02028656005859375, 0.007251739501953125], [0.9492568969726562, 0.005893707275390625, 0.02266693115234375, 0.022182464599609375], [0.9516181945800781, 0.011631011962890625, 0.017765045166015625, 0.018985748291015625], [0.9587745666503906, 0.00140380859375, 0.014404296875, 0.025417327880859375], [0.9612503051757812, 0.001842498779296875, 0.007236480712890625, 0.02967071533203125], [0.9351119995117188, 0.012714385986328125, 0.01720428466796875, 0.034969329833984375], [0.9552383422851562, 0.016239166259765625, 0.010295867919921875, 0.01822662353515625], [0.9504508972167969, 0.00704193115234375, 0.0166015625, 0.025905609130859375], [0.9443397521972656, 0.0153350830078125, 0.02294158935546875, 0.017383575439453125], [0.9422683715820312, 0.00749969482421875, 0.01500701904296875, 0.03522491455078125], [0.9500656127929688, 0.008392333984375, 0.01023101806640625, 0.03131103515625], [0.9707870483398438, 0.00390625, 0.01517486572265625, 0.0101318359375], [0.9744644165039062, 0.00505828857421875, 0.007343292236328125, 0.013134002685546875], [0.9446945190429688, 0.005199432373046875, 0.030864715576171875, 0.0192413330078125], [0.9632835388183594, 0.00213623046875, 0.016231536865234375, 0.01834869384765625], [0.9477882385253906, 0.008747100830078125, 0.01586151123046875, 0.0276031494140625], [0.9449996948242188, 0.00557708740234375, 0.019168853759765625, 0.030254364013671875], [0.9668045043945312, 0.0008544921875, 0.00445556640625, 0.02788543701171875], [0.9642562866210938, 0.00649261474609375, 0.009151458740234375, 0.020099639892578125], [0.9665565490722656, 0.00031280517578125, 0.0123291015625, 0.020801544189453125], [0.9556922912597656, 0.00804901123046875, 0.01728057861328125, 0.018978118896484375], [0.9567680358886719, 0.0003509521484375, 0.00638580322265625, 0.036495208740234375], [0.9459266662597656, 0.012451171875, 0.02280426025390625, 0.018817901611328125], [0.9464111328125, 0.024658203125, 0.009479522705078125, 0.019451141357421875], [0.9341850280761719, 0.006954193115234375, 0.013370513916015625, 0.045490264892578125], [0.9786453247070312, 0.006412506103515625, 0.011089324951171875, 0.00385284423828125], [0.9526634216308594, 0.002826690673828125, 0.014041900634765625, 0.030467987060546875], [0.9532089233398438, 0.00738525390625, 0.012359619140625, 0.02704620361328125], [0.9671478271484375, 0.004444122314453125, 0.005222320556640625, 0.02318572998046875], [0.9255104064941406, 0.0037841796875, 0.031879425048828125, 0.03882598876953125], [0.9695510864257812, 0.00576019287109375, 0.011157989501953125, 0.013530731201171875], [0.9328575134277344, 0.009677886962890625, 0.023197174072265625, 0.034267425537109375], [0.9368972778320312, 0.0055694580078125, 0.025295257568359375, 0.032238006591796875], [0.9422035217285156, 0.0033416748046875, 0.039340972900390625, 0.01511383056640625], [0.962646484375, 0.0056610107421875, 0.0160980224609375, 0.015594482421875], [0.9465599060058594, 0.00501251220703125, 0.011020660400390625, 0.03740692138671875]], "candidate_count": 2450, "candidate_scores_path": "/groups/echambe2/gmeng/MedAL-Agent/repo/code/runs/frozen_v5/candidate_scores/ext_brats2020__P5__s1000__r1.json", "predictions_path": "", "initial_labeled_path": "/groups/echambe2/gmeng/MedAL-Agent/repo/code/runs/frozen_v5/init_sets/ext_brats2020__s1000__n25.json", "initial_labeled_ids": [], "selection_diagnostics": {}, "training": {"num_iters": 1000, "batch_size": 12, "lr": 0.001, "image_size": 512, "aspect_preserve": true, "resolution_policy": "longside_pad32", "preproc_cache": {"pool": "hit", "val": "hit"}, "train_runtime_sec": 544.6468954086304, "query_runtime_sec": 52.68303656578064, "iters": 4800, "stop_iter": 4800, "mean_loss": 0.21225872504369667, "last_loss": 0.05287433788180351, "stop_reason": "plateau", "hit_max_iters": false, "final_smooth_loss": 0.05879961002618075, "best_smooth_loss": 0.06272756606340409, "diverged": false, "loss_curve": [[1000, 0.2635232536494732], [1100, 0.24943887531757356], [1200, 0.2340759038925171], [1300, 0.20805522918701172], [1400, 0.18617484107613563], [1500, 0.17774204865098], [1600, 0.1669401603937149], [1700, 0.16629107877612115], [1800, 0.14843808948993684], [1900, 0.14536346130073072], [2000, 0.13766094252467156], [2100, 0.13402039527893067], [2200, 0.13513461627066137], [2300, 0.125496074706316], [2400, 0.12049196504056453], [2500, 0.116236287727952], [2600, 0.1098382531106472], [2700, 0.10845849208533764], [2800, 0.10305243156850338], [2900, 0.0983465364575386], [3000, 0.09578096017241478], [3100, 0.09518175102770328], [3200, 0.09369589231908321], [3300, 0.08953745372593402], [3400, 0.08253100156784057], [3500, 0.08177611663937569], [3600, 0.07969852991402149], [3700, 0.08385154955089093], [3800, 0.07464663177728653], [3900, 0.0711193148419261], [4000, 0.06870079465210438], [4100, 0.06757782638072968], [4200, 0.06636629622429609], [4300, 0.06272756606340409], [4400, 0.06455619145184756], [4500, 0.06021829422563314], [4600, 0.058115356490015986], [4700, 0.05802511874586344], [4800, 0.05879961002618075]]}, "ckpt_id": "ext_brats2020__P5__s1000__r1", "ckpt_path": "", "ckpt_hash": "fe4995a8e22e0d852a932e15e47f7e738c1d8b99a6f89da86622d1b5bde2af3e", "config_hash": "e4fae46d1c013eb7c36e2eeecfd787bd198e1e60b7f9bf7f044c146e0d2a9270", "feature_cache_keys": {"task_unet": "task_unet_bottleneck@fe4995a8e22e"}, "sam_model_type": "", "sam_checkpoint": "", "metrics": {"primary_metric": "mean_dsc_fg_case_macro", "metric_version": "v3_case_macro", "eval_scope": "case_retained_slices", "mean_dsc_fg_case_macro": 0.31567730774605124, "mean_dsc_fg": 0.31567730774605124, "mean_dsc_fg_pooled_diagnostic": 0.35619728927403393, "dsc_per_class_pooled": [0.9844095047551054, 0.2633291659397289, 0.33952403102150697, 0.46573867086086596], "dsc_per_class": [0.9844095047551054, 0.2633291659397289, 0.33952403102150697, 0.46573867086086596], "n_cases": 31, "n_eval": 500, "structure_detection_rate": 1.0, "missed_structure_rate": 0.0}, "runtime_sec": {"train": 544.6468954086304, "eval": 4.220809698104858, "select": 52.68303656578064}, "gpu_mem_mb": 9428.851712, "gpu_name": "NVIDIA H100 80GB HBM3", "gpu_total_mem_mb": 85294.972928, "foundation": {}, "notes": ""}
{"schema_version": "v3", "run_id": "ext_brats2020__P5__s1000", "round": 2, "dataset": "ext_brats2020", "modality": "t1ce", "target": "necrotic", "dim": "3d", "query_unit": "slice", "seed": 1000, "round_seed": 1002, "component_seeds": {"model_init_seed": 265999627, "loader_seed": 1465654863, "query_seed": 2544461518, "dropout_seed": 3552612840}, "total_rounds": 7, "budget_denominator": {"full_train_N": 15060, "requested_pool_cap": 5000, "actual_AL_pool_N": 2500, "budget_plan": [25, 50, 100, 176, 250, 375, 500], "fraction_of_AL_pool": 0.2, "fraction_of_full_train": 0.033200531208499334}, "policy_id": "P5", "policy_name": "EntropyCoreSet", "method_version": "1.0", "is_ablation": false, "policy_config": {}, "cumulative_budget": 100, "incremental_query_count": 76, "labeled_count": 100, "labeled_ratio": 0.04, "selected_ids": ["BraTS20_Training_255_s180", "BraTS20_Training_193_s089", "BraTS20_Training_037_s068", "BraTS20_Training_255_s160", "BraTS20_Training_163_s160", "BraTS20_Training_184_s073", "BraTS20_Training_287_s071", "BraTS20_Training_183_s076", "BraTS20_Training_257_s083", "BraTS20_Training_257_s077", "BraTS20_Training_155_s121", "BraTS20_Training_053_s103", "BraTS20_Training_089_s165", "BraTS20_Training_182_s140", "BraTS20_Training_193_s098", "BraTS20_Training_299_s170", "BraTS20_Training_270_s099", "BraTS20_Training_143_s160", "BraTS20_Training_168_s100", "BraTS20_Training_150_s127", "BraTS20_Training_328_s107", "BraTS20_Training_114_s114", "BraTS20_Training_354_s117", "BraTS20_Training_343_s075", "BraTS20_Training_291_s076", "BraTS20_Training_254_s144", "BraTS20_Training_089_s076", "BraTS20_Training_335_s122", "BraTS20_Training_121_s146", "BraTS20_Training_155_s143", "BraTS20_Training_149_s166", "BraTS20_Training_069_s120", "BraTS20_Training_272_s088", "BraTS20_Training_034_s131", "BraTS20_Training_236_s099", "BraTS20_Training_252_s137", "BraTS20_Training_334_s066", "BraTS20_Training_248_s137", "BraTS20_Training_245_s139", "BraTS20_Training_089_s150", "BraTS20_Training_100_s066", "BraTS20_Training_016_s075", "BraTS20_Training_046_s119", "BraTS20_Training_191_s085", "BraTS20_Training_044_s121", "BraTS20_Training_176_s110", "BraTS20_Training_179_s163", "BraTS20_Training_362_s148", "BraTS20_Training_339_s109", "BraTS20_Training_362_s160", "BraTS20_Training_001_s080", "BraTS20_Training_053_s092", "BraTS20_Training_245_s150", "BraTS20_Training_340_s132", "BraTS20_Training_333_s153", "BraTS20_Training_180_s082", "BraTS20_Training_130_s080", "BraTS20_Training_362_s135", "BraTS20_Training_252_s150", "BraTS20_Training_123_s155", "BraTS20_Training_106_s143", "BraTS20_Training_001_s069", "BraTS20_Training_307_s094", "BraTS20_Training_307_s098", "BraTS20_Training_153_s151", "BraTS20_Training_144_s107", "BraTS20_Training_354_s114", "BraTS20_Training_273_s119", "BraTS20_Training_105_s152", "BraTS20_Training_149_s116", "BraTS20_Training_047_s118", "BraTS20_Training_143_s134", "BraTS20_Training_106_s152", "BraTS20_Training_110_s119", "BraTS20_Training_121_s156", "BraTS20_Training_004_s169"], "selected_scores": [0.0062941014766693115, 0.005844700615853071, 0.006501627154648304, 0.007390944287180901, 0.006680904887616634, 0.006054772529751062, 0.006618449464440346, 0.0068546379916369915, 0.007168074604123831, 0.006203965283930302, 0.006466200575232506, 0.0062916032038629055, 0.006009573116898537, 0.005904989317059517, 0.007418118417263031, 0.006054592784494162, 0.0061423880979418755, 0.006171376444399357, 0.007317437790334225, 0.005872918758541346, 0.008038418367505074, 0.007130064070224762, 0.010865346528589725, 0.006723698694258928, 0.008216068148612976, 0.007505208719521761, 0.00588243780657649, 0.0071754478849470615, 0.007402106653898954, 0.006667184643447399, 0.006360565312206745, 0.0065727392211556435, 0.005993709899485111, 0.006425452884286642, 0.00792665220797062, 0.007884898222982883, 0.006539277732372284, 0.006903700064867735, 0.0066274660639464855, 0.007542649284005165, 0.005852673202753067, 0.009478079155087471, 0.006035457365214825, 0.007604418788105249, 0.006760003510862589, 0.00597728043794632, 0.006154996808618307, 0.006810368504375219, 0.007264483720064163, 0.006541823502629995, 0.006438431795686483, 0.006028010044246912, 0.008003211580216885, 0.008103246800601482, 0.006396235432475805, 0.007571430876851082, 0.005962006747722626, 0.007487734779715538, 0.007416172884404659, 0.006169293075799942, 0.006591856479644775, 0.006416838150471449, 0.008972990326583385, 0.006443399004638195, 0.006089520175009966, 0.007235111203044653, 0.006727205123752356, 0.005973894614726305, 0.005909167230129242, 0.007431776728481054, 0.006580990273505449, 0.007141346577554941, 0.008932012133300304, 0.006506538018584251, 0.0077284700237214565, 0.0060066478326916695], "selected_pred_fg_ratio": [0.022220611572265625, 0.044620513916015625, 0.033771514892578125, 0.05547332763671875, 0.0273284912109375, 0.04175567626953125, 0.017024993896484375, 0.03659820556640625, 0.026683807373046875, 0.03238677978515625, 0.029445648193359375, 0.034328460693359375, 0.029605865478515625, 0.02802276611328125, 0.02858734130859375, 0.028575897216796875, 0.042041778564453125, 0.029132843017578125, 0.06679916381835938, 0.03011322021484375, 0.0360565185546875, 0.036197662353515625, 0.033782958984375, 0.051116943359375, 0.0304412841796875, 0.071258544921875, 0.025539398193359375, 0.034393310546875, 0.060764312744140625, 0.0552520751953125, 0.041896820068359375, 0.016490936279296875, 0.035369873046875, 0.040008544921875, 0.057891845703125, 0.06299209594726562, 0.027008056640625, 0.03496551513671875, 0.0438995361328125, 0.03520965576171875, 0.041149139404296875, 0.04604339599609375, 0.013946533203125, 0.057918548583984375, 0.026241302490234375, 0.034389495849609375, 0.0387725830078125, 0.055919647216796875, 0.0517425537109375, 0.05469512939453125, 0.047832489013671875, 0.07078170776367188, 0.06774139404296875, 0.04456329345703125, 0.06128692626953125, 0.042186737060546875, 0.050868988037109375, 0.045177459716796875, 0.039093017578125, 0.047763824462890625, 0.048492431640625, 0.0223236083984375, 0.0509490966796875, 0.041839599609375, 0.03380584716796875, 0.036800384521484375, 0.01744842529296875, 0.034908294677734375, 0.020076751708984375, 0.01984405517578125, 0.02219390869140625, 0.047290802001953125, 0.05554962158203125, 0.02242279052734375, 0.060596466064453125, 0.026393890380859375], "selected_pred_class_dist": [[0.9777793884277344, 0.006595611572265625, 0.00600433349609375, 0.00962066650390625], [0.9553794860839844, 0.016269683837890625, 0.013545989990234375, 0.014804840087890625], [0.9662284851074219, 0.004425048828125, 0.021915435791015625, 0.0074310302734375], [0.9445266723632812, 0.00896453857421875, 0.011249542236328125, 0.035259246826171875], [0.9726715087890625, 0.00214385986328125, 0.0191802978515625, 0.00600433349609375], [0.9582443237304688, 0.006954193115234375, 0.022693634033203125, 0.01210784912109375], [0.9829750061035156, 0.007503509521484375, 0.00525665283203125, 0.00426483154296875], [0.9634017944335938, 0.003993988037109375, 0.012180328369140625, 0.02042388916015625], [0.9733161926269531, 0.002597808837890625, 0.017475128173828125, 0.006610870361328125], [0.9676132202148438, 0.0007781982421875, 0.017650604248046875, 0.013957977294921875], [0.9705543518066406, 0.004367828369140625, 0.019161224365234375, 0.005916595458984375], [0.9656715393066406, 0.000423431396484375, 0.03366851806640625, 0.00023651123046875], [0.9703941345214844, 0.00360107421875, 0.01961517333984375, 0.006389617919921875], [0.9719772338867188, 8.7738037109375e-05, 0.018947601318359375, 0.0089874267578125], [0.9714126586914062, 0.002185821533203125, 0.01770782470703125, 0.008693695068359375], [0.9714241027832031, 0.01793670654296875, 0.01062774658203125, 1.1444091796875e-05], [0.9579582214355469, 0.00624847412109375, 0.00946044921875, 0.026332855224609375], [0.9708671569824219, 0.01442718505859375, 0.004474639892578125, 0.01023101806640625], [0.9332008361816406, 0.01015472412109375, 0.0227203369140625, 0.033924102783203125], [0.9698867797851562, 0.005767822265625, 0.017978668212890625, 0.006366729736328125], [0.9639434814453125, 0.01554107666015625, 0.020458221435546875, 5.7220458984375e-05], [0.9638023376464844, 0.008808135986328125, 0.012493133544921875, 0.014896392822265625], [0.966217041015625, 0.007831573486328125, 0.022830963134765625, 0.00312042236328125], [0.948883056640625, 0.015178680419921875, 0.025890350341796875, 0.01004791259765625], [0.9695587158203125, 0.006439208984375, 0.02371978759765625, 0.00028228759765625], [0.928741455078125, 0.0042572021484375, 0.036304473876953125, 0.030696868896484375], [0.9744606018066406, 0.00177001953125, 0.0205078125, 0.003261566162109375], [0.965606689453125, 0.00191497802734375, 0.030181884765625, 0.00229644775390625], [0.9392356872558594, 0.020233154296875, 0.0336761474609375, 0.006855010986328125], [0.9447479248046875, 0.012237548828125, 0.02535247802734375, 0.01766204833984375], [0.9581031799316406, 0.00717926025390625, 0.02367401123046875, 0.011043548583984375], [0.9835090637207031, 0.00202178955078125, 0.01065826416015625, 0.003810882568359375], [0.964630126953125, 0.0079498291015625, 0.027118682861328125, 0.000301361083984375], [0.959991455078125, 0.01227569580078125, 0.0194244384765625, 0.00830841064453125], [0.942108154296875, 0.0023956298828125, 0.034618377685546875, 0.020877838134765625], [0.9370079040527344, 0.01544952392578125, 0.036609649658203125, 0.01093292236328125], [0.972991943359375, 4.9591064453125e-05, 0.024997711181640625, 0.00196075439453125], [0.9650344848632812, 0.001796722412109375, 0.021518707275390625, 0.01165008544921875], [0.9561004638671875, 0.000118255615234375, 0.024745941162109375, 0.01903533935546875], [0.9647903442382812, 0.0057373046875, 0.016216278076171875, 0.013256072998046875], [0.9588508605957031, 0.01616668701171875, 0.01467132568359375, 0.010311126708984375], [0.9539566040039062, 0.008087158203125, 0.03041839599609375, 0.007537841796875], [0.986053466796875, 0.00022125244140625, 0.012264251708984375, 0.001461029052734375], [0.9420814514160156, 0.00696563720703125, 0.01016998291015625, 0.040782928466796875], [0.9737586975097656, 4.1961669921875e-05, 0.023685455322265625, 0.002513885498046875], [0.9656105041503906, 0.010578155517578125, 0.02216339111328125, 0.00164794921875], [0.9612274169921875, 0.001377105712890625, 0.0147552490234375, 0.022640228271484375], [0.9440803527832031, 0.0172882080078125, 0.02460479736328125, 0.014026641845703125], [0.9482574462890625, 0.019641876220703125, 0.017734527587890625, 0.01436614990234375], [0.9453048706054688, 0.00959014892578125, 0.0246124267578125, 0.0204925537109375], [0.9521675109863281, 0.010509490966796875, 0.02686309814453125, 0.01045989990234375], [0.9292182922363281, 0.022212982177734375, 0.047733306884765625, 0.000835418701171875], [0.9322586059570312, 0.003833770751953125, 0.029510498046875, 0.034397125244140625], [0.9554367065429688, 0.0031585693359375, 0.022647857666015625, 0.018756866455078125], [0.9387130737304688, 0.050930023193359375, 0.008922576904296875, 0.001434326171875], [0.9578132629394531, 0.00659942626953125, 0.0141448974609375, 0.021442413330078125], [0.9491310119628906, 0.01523590087890625, 0.02593994140625, 0.009693145751953125], [0.9548225402832031, 0.003604888916015625, 0.03702545166015625, 0.004547119140625], [0.960906982421875, 0.007404327392578125, 0.025333404541015625, 0.00635528564453125], [0.9522361755371094, 0.00156402587890625, 0.039093017578125, 0.007106781005859375], [0.951507568359375, 0.007068634033203125, 0.02463531494140625, 0.016788482666015625], [0.9776763916015625, 0.00414276123046875, 0.014278411865234375, 0.003902435302734375], [0.9490509033203125, 0.023204803466796875, 0.026866912841796875, 0.00087738037109375], [0.958160400390625, 0.01026153564453125, 0.030826568603515625, 0.000751495361328125], [0.9661941528320312, 0.001247406005859375, 0.0304107666015625, 0.002147674560546875], [0.9631996154785156, 0.002704620361328125, 0.0140533447265625, 0.02004241943359375], [0.9825515747070312, 0.00064849853515625, 0.0167999267578125, 0.0], [0.9650917053222656, 0.010585784912109375, 0.023548126220703125, 0.000774383544921875], [0.9799232482910156, 0.001926422119140625, 0.016994476318359375, 0.001155853271484375], [0.9801559448242188, 0.00257110595703125, 0.016139984130859375, 0.001132965087890625], [0.9778060913085938, 0.004119873046875, 0.00681304931640625, 0.011260986328125], [0.9527091979980469, 0.019855499267578125, 0.01816558837890625, 0.00926971435546875], [0.9444503784179688, 0.01029205322265625, 0.028842926025390625, 0.016414642333984375], [0.9775772094726562, 0.00164031982421875, 0.019115447998046875, 0.001667022705078125], [0.9394035339355469, 0.012073516845703125, 0.033016204833984375, 0.015506744384765625], [0.9736061096191406, 0.009571075439453125, 0.01236724853515625, 0.00445556640625]], "candidate_count": 2400, "candidate_scores_path": "/groups/echambe2/gmeng/MedAL-Agent/repo/code/runs/frozen_v5/candidate_scores/ext_brats2020__P5__s1000__r2.json", "predictions_path": "", "initial_labeled_path": "/groups/echambe2/gmeng/MedAL-Agent/repo/code/runs/frozen_v5/init_sets/ext_brats2020__s1000__n25.json", "initial_labeled_ids": [], "selection_diagnostics": {}, "training": {"num_iters": 1000, "batch_size": 12, "lr": 0.001, "image_size": 512, "aspect_preserve": true, "resolution_policy": "longside_pad32", "preproc_cache": {"pool": "hit", "val": "hit"}, "train_runtime_sec": 569.593156337738, "query_runtime_sec": 51.72609829902649, "iters": 5000, "stop_iter": 5000, "mean_loss": 0.294687529309839, "last_loss": 0.08857688307762146, "stop_reason": "plateau_max", "hit_max_iters": true, "final_smooth_loss": 0.09016831304877997, "best_smooth_loss": 0.09244584150612355, "diverged": false, "loss_curve": [[1000, 0.49492642790079117], [1100, 0.46458372205495835], [1200, 0.3987266418337822], [1300, 0.3890545120835304], [1400, 0.3466238212585449], [1500, 0.300227138698101], [1600, 0.29872877210378646], [1700, 0.27174994006752967], [1800, 0.2525677810609341], [1900, 0.2324021577835083], [2000, 0.2120212222635746], [2100, 0.20116101637482642], [2200, 0.19900855913758278], [2300, 0.18950782790780069], [2400, 0.16680766873061656], [2500, 0.16538769900798797], [2600, 0.1578123138099909], [2700, 0.1504103473573923], [2800, 0.14743995025753975], [2900, 0.1416659242659807], [3000, 0.1368968228250742], [3100, 0.13303142800927162], [3200, 0.13700986914336682], [3300, 0.12276403784751892], [3400, 0.12864140212535857], [3500, 0.12132269009947777], [3600, 0.12044918812811374], [3700, 0.11473554961383342], [3800, 0.11115276105701924], [3900, 0.10837381646037102], [4000, 0.1103538279235363], [4100, 0.10799946323037148], [4200, 0.10664122059941292], [4300, 0.1028792355209589], [4400, 0.0982978117465973], [4500, 0.10158701568841934], [4600, 0.09819363340735436], [4700, 0.09244584150612355], [4800, 0.09335941404104232], [4900, 0.08918142713606357], [5000, 0.09016831304877997]]}, "ckpt_id": "ext_brats2020__P5__s1000__r2", "ckpt_path": "", "ckpt_hash": "4f20d0ff36d1307b0f865f7fcfd915ea7409531df357086ab894c79421d54ab8", "config_hash": "e4fae46d1c013eb7c36e2eeecfd787bd198e1e60b7f9bf7f044c146e0d2a9270", "feature_cache_keys": {"task_unet": "task_unet_bottleneck@4f20d0ff36d1"}, "sam_model_type": "", "sam_checkpoint": "", "metrics": {"primary_metric": "mean_dsc_fg_case_macro", "metric_version": "v3_case_macro", "eval_scope": "case_retained_slices", "mean_dsc_fg_case_macro": 0.3875603381445945, "mean_dsc_fg": 0.3875603381445945, "mean_dsc_fg_pooled_diagnostic": 0.4381846100558591, "dsc_per_class_pooled": [0.9882153257092803, 0.2609458013819866, 0.40360189667886703, 0.650006132106724], "dsc_per_class": [0.9882153257092803, 0.2609458013819866, 0.40360189667886703, 0.650006132106724], "n_cases": 31, "n_eval": 500, "structure_detection_rate": 1.0, "missed_structure_rate": 0.0}, "runtime_sec": {"train": 569.593156337738, "eval": 3.8990285396575928, "select": 51.72609829902649}, "gpu_mem_mb": 9429.654528, "gpu_name": "NVIDIA H100 80GB HBM3", "gpu_total_mem_mb": 85294.972928, "foundation": {}, "notes": ""}
