{"schema_version": "v3", "run_id": "ext_brats2020__P5__s2000", "round": 0, "dataset": "ext_brats2020", "modality": "t1ce", "target": "necrotic", "dim": "3d", "query_unit": "slice", "seed": 2000, "round_seed": 2000, "component_seeds": {"model_init_seed": 1733582241, "loader_seed": 3333593949, "query_seed": 2915079519, "dropout_seed": 1768907296}, "total_rounds": 7, "budget_denominator": {"full_train_N": 15386, "requested_pool_cap": 5000, "actual_AL_pool_N": 2500, "budget_plan": [25, 50, 100, 176, 250, 375, 500], "fraction_of_AL_pool": 0.2, "fraction_of_full_train": 0.03249707526322631}, "policy_id": "P5", "policy_name": "EntropyCoreSet", "method_version": "1.0", "is_ablation": false, "policy_config": {}, "cumulative_budget": 25, "incremental_query_count": 25, "labeled_count": 25, "labeled_ratio": 0.01, "selected_ids": ["BraTS20_Training_176_s064", "BraTS20_Training_362_s121", "BraTS20_Training_073_s173", "BraTS20_Training_206_s078", "BraTS20_Training_114_s108", "BraTS20_Training_147_s132", "BraTS20_Training_313_s131", "BraTS20_Training_256_s072", "BraTS20_Training_221_s122", "BraTS20_Training_296_s148", "BraTS20_Training_133_s127", "BraTS20_Training_139_s166", "BraTS20_Training_256_s100", "BraTS20_Training_053_s090", "BraTS20_Training_261_s111", "BraTS20_Training_284_s119", "BraTS20_Training_075_s122", "BraTS20_Training_296_s155", "BraTS20_Training_226_s143", "BraTS20_Training_010_s093", "BraTS20_Training_245_s151", "BraTS20_Training_255_s155", "BraTS20_Training_144_s124", "BraTS20_Training_316_s133", "BraTS20_Training_207_s119"], "selected_scores": [0.006080441642552614, 0.006478411145508289, 0.005723867565393448, 0.005785953253507614, 0.007531963288784027, 0.007307706866413355, 0.008683952502906322, 0.006363386288285255, 0.005679118447005749, 0.005618261639028788, 0.005622175522148609, 0.0059407553635537624, 0.006791176740080118, 0.0070620132610201836, 0.0064267562702298164, 0.006722449325025082, 0.006350269541144371, 0.005724580492824316, 0.007259400561451912, 0.0056814211420714855, 0.006014177575707436, 0.005656315013766289, 0.005972641054540873, 0.005638611502945423, 0.0075684888288378716], "selected_pred_fg_ratio": [0.05989837646484375, 0.04972076416015625, 0.0536346435546875, 0.0554656982421875, 0.0605621337890625, 0.052173614501953125, 0.051174163818359375, 0.055416107177734375, 0.034210205078125, 0.03461456298828125, 0.043304443359375, 0.037563323974609375, 0.08417129516601562, 0.06026458740234375, 0.058246612548828125, 0.052875518798828125, 0.055637359619140625, 0.046844482421875, 0.07884597778320312, 0.042705535888671875, 0.06195831298828125, 0.06984710693359375, 0.07857131958007812, 0.04781341552734375, 0.04079437255859375], "selected_pred_class_dist": [[0.9401016235351562, 0.0134429931640625, 0.027835845947265625, 0.018619537353515625], [0.9502792358398438, 0.012851715087890625, 0.022884368896484375, 0.01398468017578125], [0.9463653564453125, 0.014652252197265625, 0.021453857421875, 0.017528533935546875], [0.9445343017578125, 0.017436981201171875, 0.017505645751953125, 0.0205230712890625], [0.9394378662109375, 0.01184844970703125, 0.035114288330078125, 0.013599395751953125], [0.9478263854980469, 0.014415740966796875, 0.037044525146484375, 0.000713348388671875], [0.9488258361816406, 0.018321990966796875, 0.02484893798828125, 0.00800323486328125], [0.9445838928222656, 0.0183258056640625, 0.02597808837890625, 0.011112213134765625], [0.965789794921875, 0.00211334228515625, 0.01734161376953125, 0.0147552490234375], [0.9653854370117188, 0.018016815185546875, 0.014125823974609375, 0.002471923828125], [0.956695556640625, 0.01290130615234375, 0.0202178955078125, 0.01018524169921875], [0.9624366760253906, 0.01035308837890625, 0.013294219970703125, 0.013916015625], [0.9158287048339844, 0.0387115478515625, 0.033477783203125, 0.011981964111328125], [0.9397354125976562, 0.0229644775390625, 0.030147552490234375, 0.007152557373046875], [0.9417533874511719, 0.004119873046875, 0.045787811279296875, 0.00833892822265625], [0.9471244812011719, 0.01319122314453125, 0.03475189208984375, 0.004932403564453125], [0.9443626403808594, 0.0168304443359375, 0.021129608154296875, 0.01767730712890625], [0.953155517578125, 0.0185394287109375, 0.017803192138671875, 0.010501861572265625], [0.9211540222167969, 0.019565582275390625, 0.037181854248046875, 0.022098541259765625], [0.9572944641113281, 0.020355224609375, 0.017749786376953125, 0.00460052490234375], [0.9380416870117188, 0.005893707275390625, 0.0329437255859375, 0.023120880126953125], [0.9301528930664062, 0.0238037109375, 0.023723602294921875, 0.022319793701171875], [0.9214286804199219, 0.0256805419921875, 0.02471923828125, 0.028171539306640625], [0.9521865844726562, 0.01644134521484375, 0.031024932861328125, 0.000347137451171875], [0.9592056274414062, 0.0082244873046875, 0.0258331298828125, 0.00673675537109375]], "candidate_count": 2475, "candidate_scores_path": "/groups/echambe2/gmeng/MedAL-Agent/repo/code/runs/frozen_v5/candidate_scores/ext_brats2020__P5__s2000__r0.json", "predictions_path": "", "initial_labeled_path": "/groups/echambe2/gmeng/MedAL-Agent/repo/code/runs/frozen_v5/init_sets/ext_brats2020__s2000__n25.json", "initial_labeled_ids": ["BraTS20_Training_009_s097", "BraTS20_Training_014_s093", "BraTS20_Training_016_s118", "BraTS20_Training_023_s150", "BraTS20_Training_042_s150", "BraTS20_Training_115_s094", "BraTS20_Training_115_s107", "BraTS20_Training_132_s125", "BraTS20_Training_152_s087", "BraTS20_Training_156_s124", "BraTS20_Training_167_s146", "BraTS20_Training_183_s070", "BraTS20_Training_208_s181", "BraTS20_Training_274_s089", "BraTS20_Training_278_s109", "BraTS20_Training_284_s111", "BraTS20_Training_296_s164", "BraTS20_Training_306_s135", "BraTS20_Training_329_s113", "BraTS20_Training_336_s134", "BraTS20_Training_337_s067", "BraTS20_Training_342_s105", "BraTS20_Training_345_s114", "BraTS20_Training_355_s106", "BraTS20_Training_366_s133"], "selection_diagnostics": {}, "training": {"num_iters": 1000, "batch_size": 12, "lr": 0.001, "image_size": 512, "aspect_preserve": true, "resolution_policy": "longside_pad32", "preproc_cache": {"pool": "hit", "val": "hit"}, "train_runtime_sec": 553.2651572227478, "query_runtime_sec": 53.11559438705444, "iters": 4900, "stop_iter": 4900, "mean_loss": 0.13253651509099468, "last_loss": 0.018018759787082672, "stop_reason": "plateau", "hit_max_iters": false, "final_smooth_loss": 0.022573501337319613, "best_smooth_loss": 0.022827290166169405, "diverged": false, "loss_curve": [[1000, 0.12987459130585194], [1100, 0.12035177186131478], [1200, 0.11132250480353832], [1300, 0.10361787386238575], [1400, 0.09711434632539749], [1500, 0.09362990245223045], [1600, 0.08510535262525082], [1700, 0.08407597869634628], [1800, 0.07721360620111227], [1900, 0.07887287762016058], [2000, 0.07300933320075273], [2100, 0.06851255547255278], [2200, 0.06463856916874647], [2300, 0.06359160479158163], [2400, 0.05992106173187494], [2500, 0.058870028369128705], [2600, 0.05418397210538387], [2700, 0.052458161376416686], [2800, 0.04973649825900793], [2900, 0.04825698547065258], [3000, 0.04629581790417433], [3100, 0.04726796429604292], [3200, 0.04603375613689423], [3300, 0.04170619446784258], [3400, 0.038054030742496255], [3500, 0.035483776740729805], [3600, 0.03522859746590257], [3700, 0.03512382997199893], [3800, 0.031097577679902316], [3900, 0.029626864939928055], [4000, 0.034000758305191996], [4100, 0.03209433564916253], [4200, 0.02624157126992941], [4300, 0.024903007950633764], [4400, 0.022827290166169405], [4500, 0.02192633694037795], [4600, 0.06875357642769814], [4700, 0.04329834699630737], [4800, 0.026028151270002128], [4900, 0.022573501337319613]]}, "ckpt_id": "ext_brats2020__P5__s2000__r0", "ckpt_path": "", "ckpt_hash": "c752a39e3a1889b4861c7d43ec0dbd240903d0c9821db34e2db763eb35d38e9f", "config_hash": "e4fae46d1c013eb7c36e2eeecfd787bd198e1e60b7f9bf7f044c146e0d2a9270", "feature_cache_keys": {"task_unet": "task_unet_bottleneck@c752a39e3a18"}, "sam_model_type": "", "sam_checkpoint": "", "metrics": {"primary_metric": "mean_dsc_fg_case_macro", "metric_version": "v3_case_macro", "eval_scope": "case_retained_slices", "mean_dsc_fg_case_macro": 0.2902022260470277, "mean_dsc_fg": 0.2902022260470277, "mean_dsc_fg_pooled_diagnostic": 0.3479148405277028, "dsc_per_class_pooled": [0.985397648394245, 0.262057409350243, 0.281797859154812, 0.4998892530780532], "dsc_per_class": [0.985397648394245, 0.262057409350243, 0.281797859154812, 0.4998892530780532], "n_cases": 31, "n_eval": 500, "structure_detection_rate": 1.0, "missed_structure_rate": 0.0}, "runtime_sec": {"train": 553.2651572227478, "eval": 4.2154669761657715, "select": 53.11559438705444}, "gpu_mem_mb": 9380.583936, "gpu_name": "NVIDIA H100 80GB HBM3", "gpu_total_mem_mb": 85294.972928, "foundation": {}, "notes": ""}
{"schema_version": "v3", "run_id": "ext_brats2020__P5__s2000", "round": 1, "dataset": "ext_brats2020", "modality": "t1ce", "target": "necrotic", "dim": "3d", "query_unit": "slice", "seed": 2000, "round_seed": 2001, "component_seeds": {"model_init_seed": 4092542587, "loader_seed": 4022314598, "query_seed": 1275594993, "dropout_seed": 1443935428}, "total_rounds": 7, "budget_denominator": {"full_train_N": 15386, "requested_pool_cap": 5000, "actual_AL_pool_N": 2500, "budget_plan": [25, 50, 100, 176, 250, 375, 500], "fraction_of_AL_pool": 0.2, "fraction_of_full_train": 0.03249707526322631}, "policy_id": "P5", "policy_name": "EntropyCoreSet", "method_version": "1.0", "is_ablation": false, "policy_config": {}, "cumulative_budget": 50, "incremental_query_count": 50, "labeled_count": 50, "labeled_ratio": 0.02, "selected_ids": ["BraTS20_Training_261_s121", "BraTS20_Training_358_s082", "BraTS20_Training_285_s112", "BraTS20_Training_097_s078", "BraTS20_Training_182_s136", "BraTS20_Training_318_s136", "BraTS20_Training_234_s112", "BraTS20_Training_075_s135", "BraTS20_Training_235_s132", "BraTS20_Training_029_s102", "BraTS20_Training_303_s156", "BraTS20_Training_256_s081", "BraTS20_Training_030_s101", "BraTS20_Training_335_s158", "BraTS20_Training_196_s137", "BraTS20_Training_234_s149", "BraTS20_Training_322_s150", "BraTS20_Training_225_s130", "BraTS20_Training_117_s130", "BraTS20_Training_055_s135", "BraTS20_Training_245_s123", "BraTS20_Training_283_s119", "BraTS20_Training_342_s113", "BraTS20_Training_245_s133", "BraTS20_Training_318_s086", "BraTS20_Training_148_s147", "BraTS20_Training_252_s157", "BraTS20_Training_152_s125", "BraTS20_Training_250_s154", "BraTS20_Training_030_s110", "BraTS20_Training_113_s079", "BraTS20_Training_142_s098", "BraTS20_Training_066_s086", "BraTS20_Training_136_s116", "BraTS20_Training_252_s131", "BraTS20_Training_324_s078", "BraTS20_Training_360_s091", "BraTS20_Training_234_s138", "BraTS20_Training_316_s082", "BraTS20_Training_037_s092", "BraTS20_Training_075_s168", "BraTS20_Training_001_s112", "BraTS20_Training_218_s150", "BraTS20_Training_313_s117", "BraTS20_Training_333_s128", "BraTS20_Training_255_s142", "BraTS20_Training_320_s093", "BraTS20_Training_260_s123", "BraTS20_Training_306_s109", "BraTS20_Training_289_s106"], "selected_scores": [0.007634312845766544, 0.006067303940653801, 0.006557817570865154, 0.005433091428130865, 0.006243030074983835, 0.005626613739877939, 0.005349080078303814, 0.006315918639302254, 0.005717589985579252, 0.00541811203584075, 0.0056352210231125355, 0.006690307520329952, 0.005811773706227541, 0.007001721765846014, 0.005261584185063839, 0.006012925412505865, 0.006189216859638691, 0.007255349773913622, 0.005257117096334696, 0.005737924017012119, 0.006049346178770065, 0.0061552817933261395, 0.005392080172896385, 0.0058186110109090805, 0.006548801437020302, 0.005915713030844927, 0.005984365940093994, 0.005563797894865274, 0.005303067155182362, 0.005497703328728676, 0.005432856269180775, 0.005251123569905758, 0.005624606739729643, 0.007731985300779343, 0.006279726512730122, 0.005998661275953054, 0.005888720974326134, 0.005528472363948822, 0.0060620359145104885, 0.006036536302417517, 0.005490452982485294, 0.005996606312692165, 0.005571233574301004, 0.0061742207035422325, 0.005351245868951082, 0.00545853516086936, 0.006687153596431017, 0.005279505625367165, 0.006357529200613499, 0.006738565396517515], "selected_pred_fg_ratio": [0.06477737426757812, 0.03243255615234375, 0.041370391845703125, 0.04721832275390625, 0.03730010986328125, 0.0280609130859375, 0.06965255737304688, 0.04904937744140625, 0.031764984130859375, 0.03192901611328125, 0.025585174560546875, 0.056591033935546875, 0.041057586669921875, 0.059909820556640625, 0.032627105712890625, 0.05414581298828125, 0.05141448974609375, 0.030727386474609375, 0.031131744384765625, 0.0413818359375, 0.0333404541015625, 0.027172088623046875, 0.0366973876953125, 0.03522491455078125, 0.057224273681640625, 0.040424346923828125, 0.040248870849609375, 0.05037689208984375, 0.01792144775390625, 0.025562286376953125, 0.0452880859375, 0.032623291015625, 0.051181793212890625, 0.04302978515625, 0.059352874755859375, 0.0494537353515625, 0.062152862548828125, 0.0467529296875, 0.04465484619140625, 0.051177978515625, 0.035488128662109375, 0.0196685791015625, 0.06591796875, 0.050823211669921875, 0.036472320556640625, 0.06422805786132812, 0.031909942626953125, 0.028682708740234375, 0.051242828369140625, 0.03804779052734375], "selected_pred_class_dist": [[0.9352226257324219, 0.025348663330078125, 0.035511016845703125, 0.003917694091796875], [0.9675674438476562, 0.00096893310546875, 0.027645111083984375, 0.003818511962890625], [0.9586296081542969, 0.007709503173828125, 0.027057647705078125, 0.006603240966796875], [0.9527816772460938, 0.010639190673828125, 0.01332855224609375, 0.023250579833984375], [0.9626998901367188, 0.0098419189453125, 0.0192413330078125, 0.00821685791015625], [0.9719390869140625, 0.007656097412109375, 0.01398468017578125, 0.006420135498046875], [0.9303474426269531, 0.03864288330078125, 0.027011871337890625, 0.003997802734375], [0.9509506225585938, 0.02281951904296875, 0.015987396240234375, 0.010242462158203125], [0.9682350158691406, 0.006046295166015625, 0.020397186279296875, 0.005321502685546875], [0.9680709838867188, 0.004795074462890625, 0.0209197998046875, 0.006214141845703125], [0.9744148254394531, 0.002696990966796875, 0.01601409912109375, 0.00687408447265625], [0.9434089660644531, 0.009571075439453125, 0.01507568359375, 0.03194427490234375], [0.9589424133300781, 0.00542449951171875, 0.027256011962890625, 0.0083770751953125], [0.9400901794433594, 0.02330780029296875, 0.02756500244140625, 0.009037017822265625], [0.9673728942871094, 0.01387786865234375, 0.01132965087890625, 0.007419586181640625], [0.9458541870117188, 0.024570465087890625, 0.02738189697265625, 0.002193450927734375], [0.9485855102539062, 0.02256011962890625, 0.026630401611328125, 0.002223968505859375], [0.9692726135253906, 0.005565643310546875, 0.0184326171875, 0.0067291259765625], [0.9688682556152344, 0.006809234619140625, 0.020473480224609375, 0.003849029541015625], [0.9586181640625, 0.00490570068359375, 0.026958465576171875, 0.009517669677734375], [0.9666595458984375, 0.003704071044921875, 0.02217864990234375, 0.007457733154296875], [0.9728279113769531, 0.00482177734375, 0.016857147216796875, 0.0054931640625], [0.9633026123046875, 0.01512908935546875, 0.011810302734375, 0.00975799560546875], [0.9647750854492188, 0.00339508056640625, 0.01798248291015625, 0.01384735107421875], [0.9427757263183594, 0.01538848876953125, 0.0404205322265625, 0.001415252685546875], [0.9595756530761719, 0.00516510009765625, 0.023235321044921875, 0.01202392578125], [0.9597511291503906, 0.0074462890625, 0.0267333984375, 0.006069183349609375], [0.9496231079101562, 0.001026153564453125, 0.037136077880859375, 0.01221466064453125], [0.9820785522460938, 0.00624847412109375, 0.008258819580078125, 0.003414154052734375], [0.9744377136230469, 0.001617431640625, 0.021724700927734375, 0.00222015380859375], [0.9547119140625, 0.0156097412109375, 0.027088165283203125, 0.002590179443359375], [0.967376708984375, 0.001049041748046875, 0.02574920654296875, 0.005825042724609375], [0.9488182067871094, 0.01593780517578125, 0.03026580810546875, 0.004978179931640625], [0.95697021484375, 0.007656097412109375, 0.019672393798828125, 0.0157012939453125], [0.9406471252441406, 0.02202606201171875, 0.026622772216796875, 0.01070404052734375], [0.9505462646484375, 0.023693084716796875, 0.019382476806640625, 0.006378173828125], [0.9378471374511719, 0.02037811279296875, 0.02364349365234375, 0.018131256103515625], [0.9532470703125, 0.017238616943359375, 0.026897430419921875, 0.00261688232421875], [0.9553451538085938, 0.007232666015625, 0.030536651611328125, 0.006885528564453125], [0.948822021484375, 0.00997161865234375, 0.0368499755859375, 0.00435638427734375], [0.9645118713378906, 0.00551605224609375, 0.0235748291015625, 0.006397247314453125], [0.9803314208984375, 0.0056610107421875, 0.009899139404296875, 0.004108428955078125], [0.93408203125, 0.012195587158203125, 0.02289581298828125, 0.030826568603515625], [0.9491767883300781, 0.006855010986328125, 0.04396820068359375, 0.0], [0.9635276794433594, 0.003902435302734375, 0.029178619384765625, 0.003391265869140625], [0.9357719421386719, 0.006244659423828125, 0.03646087646484375, 0.02152252197265625], [0.9680900573730469, 0.004970550537109375, 0.0241851806640625, 0.00275421142578125], [0.9713172912597656, 0.010311126708984375, 0.012081146240234375, 0.006290435791015625], [0.9487571716308594, 0.02048492431640625, 0.0188446044921875, 0.011913299560546875], [0.9619522094726562, 0.009746551513671875, 0.02133941650390625, 0.006961822509765625]], "candidate_count": 2450, "candidate_scores_path": "/groups/echambe2/gmeng/MedAL-Agent/repo/code/runs/frozen_v5/candidate_scores/ext_brats2020__P5__s2000__r1.json", "predictions_path": "", "initial_labeled_path": "/groups/echambe2/gmeng/MedAL-Agent/repo/code/runs/frozen_v5/init_sets/ext_brats2020__s2000__n25.json", "initial_labeled_ids": [], "selection_diagnostics": {}, "training": {"num_iters": 1000, "batch_size": 12, "lr": 0.001, "image_size": 512, "aspect_preserve": true, "resolution_policy": "longside_pad32", "preproc_cache": {"pool": "hit", "val": "hit"}, "train_runtime_sec": 569.4965996742249, "query_runtime_sec": 52.03721857070923, "iters": 5000, "stop_iter": 5000, "mean_loss": 0.23296134668663143, "last_loss": 0.05928390845656395, "stop_reason": "plateau_max", "hit_max_iters": true, "final_smooth_loss": 0.06197489969432354, "best_smooth_loss": 0.0634496596455574, "diverged": false, "loss_curve": [[1000, 0.37109544008970263], [1100, 0.31317159816622736], [1200, 0.29510934844613074], [1300, 0.2642051339149475], [1400, 0.22788303658366205], [1500, 0.2054082688689232], [1600, 0.20363663464784623], [1700, 0.17901985317468644], [1800, 0.16598595827817916], [1900, 0.1631419960409403], [2000, 0.1510836000740528], [2100, 0.1406182622909546], [2200, 0.13763510942459106], [2300, 0.1350213211029768], [2400, 0.12746356531977654], [2500, 0.12073136292397976], [2600, 0.12192431628704072], [2700, 0.11722974568605422], [2800, 0.10930965304374694], [2900, 0.10921127185225486], [3000, 0.10128970555961132], [3100, 0.10223628133535385], [3200, 0.10214294396340846], [3300, 0.09961865112185478], [3400, 0.09217191569507122], [3500, 0.10196128837764264], [3600, 0.08979456812143326], [3700, 0.08822969734668731], [3800, 0.08548343356698751], [3900, 0.08300391301512718], [4000, 0.07973086252808571], [4100, 0.07690791752189398], [4200, 0.07472068395465613], [4300, 0.07583701848983765], [4400, 0.07039045091718435], [4500, 0.06858933333307504], [4600, 0.06654437318444252], [4700, 0.06491202943027019], [4800, 0.0634496596455574], [4900, 0.06427081145346164], [5000, 0.06197489969432354]]}, "ckpt_id": "ext_brats2020__P5__s2000__r1", "ckpt_path": "", "ckpt_hash": "dd7d1240e46f6cf79e6a61a5eca6e96b1bf71c012190bbd55fff1611b3e5382e", "config_hash": "e4fae46d1c013eb7c36e2eeecfd787bd198e1e60b7f9bf7f044c146e0d2a9270", "feature_cache_keys": {"task_unet": "task_unet_bottleneck@dd7d1240e46f"}, "sam_model_type": "", "sam_checkpoint": "", "metrics": {"primary_metric": "mean_dsc_fg_case_macro", "metric_version": "v3_case_macro", "eval_scope": "case_retained_slices", "mean_dsc_fg_case_macro": 0.3197757344609661, "mean_dsc_fg": 0.3197757344609661, "mean_dsc_fg_pooled_diagnostic": 0.4386814150576644, "dsc_per_class_pooled": [0.9888275940511304, 0.4016211677875188, 0.34211201495393007, 0.5723110624315444], "dsc_per_class": [0.9888275940511304, 0.4016211677875188, 0.34211201495393007, 0.5723110624315444], "n_cases": 31, "n_eval": 500, "structure_detection_rate": 1.0, "missed_structure_rate": 0.0}, "runtime_sec": {"train": 569.4965996742249, "eval": 4.159024238586426, "select": 52.03721857070923}, "gpu_mem_mb": 9428.851712, "gpu_name": "NVIDIA H100 80GB HBM3", "gpu_total_mem_mb": 85294.972928, "foundation": {}, "notes": ""}
{"schema_version": "v3", "run_id": "ext_brats2020__P5__s2000", "round": 2, "dataset": "ext_brats2020", "modality": "t1ce", "target": "necrotic", "dim": "3d", "query_unit": "slice", "seed": 2000, "round_seed": 2002, "component_seeds": {"model_init_seed": 1225426498, "loader_seed": 1158739311, "query_seed": 3667345588, "dropout_seed": 1372419812}, "total_rounds": 7, "budget_denominator": {"full_train_N": 15386, "requested_pool_cap": 5000, "actual_AL_pool_N": 2500, "budget_plan": [25, 50, 100, 176, 250, 375, 500], "fraction_of_AL_pool": 0.2, "fraction_of_full_train": 0.03249707526322631}, "policy_id": "P5", "policy_name": "EntropyCoreSet", "method_version": "1.0", "is_ablation": false, "policy_config": {}, "cumulative_budget": 100, "incremental_query_count": 76, "labeled_count": 100, "labeled_ratio": 0.04, "selected_ids": ["BraTS20_Training_256_s059", "BraTS20_Training_053_s070", "BraTS20_Training_322_s171", "BraTS20_Training_180_s066", "BraTS20_Training_093_s060", "BraTS20_Training_255_s174", "BraTS20_Training_343_s076", "BraTS20_Training_289_s090", "BraTS20_Training_130_s076", "BraTS20_Training_235_s072", "BraTS20_Training_235_s069", "BraTS20_Training_230_s156", "BraTS20_Training_112_s084", "BraTS20_Training_245_s112", "BraTS20_Training_243_s083", "BraTS20_Training_261_s171", "BraTS20_Training_100_s069", "BraTS20_Training_364_s087", "BraTS20_Training_037_s073", "BraTS20_Training_019_s163", "BraTS20_Training_193_s096", "BraTS20_Training_108_s161", "BraTS20_Training_150_s125", "BraTS20_Training_009_s072", "BraTS20_Training_296_s130", "BraTS20_Training_191_s094", "BraTS20_Training_051_s087", "BraTS20_Training_338_s083", "BraTS20_Training_256_s068", "BraTS20_Training_339_s103", "BraTS20_Training_345_s080", "BraTS20_Training_133_s150", "BraTS20_Training_215_s161", "BraTS20_Training_207_s175", "BraTS20_Training_293_s081", "BraTS20_Training_037_s086", "BraTS20_Training_026_s097", "BraTS20_Training_184_s070", "BraTS20_Training_144_s145", "BraTS20_Training_223_s105", "BraTS20_Training_216_s135", "BraTS20_Training_180_s075", "BraTS20_Training_330_s157", "BraTS20_Training_137_s083", "BraTS20_Training_193_s079", "BraTS20_Training_354_s069", "BraTS20_Training_051_s084", "BraTS20_Training_208_s146", "BraTS20_Training_012_s175", "BraTS20_Training_097_s080", "BraTS20_Training_067_s173", "BraTS20_Training_031_s156", "BraTS20_Training_153_s149", "BraTS20_Training_284_s136", "BraTS20_Training_235_s081", "BraTS20_Training_289_s073", "BraTS20_Training_211_s077", "BraTS20_Training_196_s140", "BraTS20_Training_041_s089", "BraTS20_Training_290_s150", "BraTS20_Training_128_s158", "BraTS20_Training_343_s086", "BraTS20_Training_149_s144", "BraTS20_Training_340_s134", "BraTS20_Training_131_s143", "BraTS20_Training_316_s085", "BraTS20_Training_293_s088", "BraTS20_Training_333_s157", "BraTS20_Training_162_s139", "BraTS20_Training_183_s073", "BraTS20_Training_244_s092", "BraTS20_Training_137_s076", "BraTS20_Training_293_s133", "BraTS20_Training_137_s085", "BraTS20_Training_328_s099", "BraTS20_Training_300_s123"], "selected_scores": [0.006893089506775141, 0.006532924249768257, 0.006060510873794556, 0.006684278137981892, 0.005901833530515432, 0.006476764101535082, 0.006805960088968277, 0.007621477823704481, 0.006956260185688734, 0.005920785944908857, 0.006128744222223759, 0.0062959520146250725, 0.006361154839396477, 0.005942292511463165, 0.0063215154223144054, 0.005980376619845629, 0.00598182063549757, 0.008303862996399403, 0.006838190369307995, 0.006513639353215694, 0.006045359652489424, 0.006273929961025715, 0.006193787790834904, 0.007036316208541393, 0.006917663849890232, 0.007692151702940464, 0.0076049333438277245, 0.00699805561453104, 0.0067836870439350605, 0.007070065941661596, 0.007199601270258427, 0.006468589883297682, 0.006461803335696459, 0.006468294654041529, 0.007310083135962486, 0.009839659556746483, 0.0069320728071033955, 0.007517336867749691, 0.007824094966053963, 0.0081531573086977, 0.007502321153879166, 0.00644341204315424, 0.006157708819955587, 0.005930119194090366, 0.0063767945393919945, 0.005942694377154112, 0.006287973839789629, 0.007196373771876097, 0.0066778333857655525, 0.005992238875478506, 0.005988771095871925, 0.00601578364148736, 0.007573569193482399, 0.006122080609202385, 0.00725321751087904, 0.006085979752242565, 0.006250941194593906, 0.006154940463602543, 0.005941730458289385, 0.006018432322889566, 0.00604398176074028, 0.008144733496010303, 0.009366585873067379, 0.00598196592181921, 0.006415042094886303, 0.007316448260098696, 0.007804387249052525, 0.006742328871041536, 0.0059672934003174305, 0.006665459368377924, 0.0068909162655472755, 0.006174951791763306, 0.007987329736351967, 0.0060192435048520565, 0.0067846933379769325, 0.007940416224300861], "selected_pred_fg_ratio": [0.030956268310546875, 0.037403106689453125, 0.037075042724609375, 0.049144744873046875, 0.040283203125, 0.026336669921875, 0.060150146484375, 0.06406021118164062, 0.04721832275390625, 0.0287322998046875, 0.0304412841796875, 0.03510284423828125, 0.035388946533203125, 0.02800750732421875, 0.025188446044921875, 0.028316497802734375, 0.04079437255859375, 0.040699005126953125, 0.04001617431640625, 0.039821624755859375, 0.0290679931640625, 0.03736114501953125, 0.030643463134765625, 0.033843994140625, 0.0262603759765625, 0.04510498046875, 0.04009246826171875, 0.05730438232421875, 0.047515869140625, 0.048404693603515625, 0.034450531005859375, 0.053302764892578125, 0.03699493408203125, 0.02834320068359375, 0.032909393310546875, 0.05014801025390625, 0.0486602783203125, 0.040454864501953125, 0.051944732666015625, 0.06694793701171875, 0.043132781982421875, 0.048187255859375, 0.0363311767578125, 0.05402374267578125, 0.03087615966796875, 0.024456024169921875, 0.042102813720703125, 0.049907684326171875, 0.028186798095703125, 0.048885345458984375, 0.02626800537109375, 0.0133514404296875, 0.0192108154296875, 0.0245513916015625, 0.052642822265625, 0.04311370849609375, 0.041889190673828125, 0.04502105712890625, 0.030185699462890625, 0.019130706787109375, 0.0208587646484375, 0.056713104248046875, 0.038402557373046875, 0.024883270263671875, 0.036586761474609375, 0.021076202392578125, 0.032794952392578125, 0.031581878662109375, 0.025421142578125, 0.054595947265625, 0.053714752197265625, 0.04889678955078125, 0.044185638427734375, 0.054851531982421875, 0.032306671142578125, 0.03897857666015625], "selected_pred_class_dist": [[0.9690437316894531, 0.001026153564453125, 0.0236358642578125, 0.00629425048828125], [0.9625968933105469, 0.00615692138671875, 0.024394989013671875, 0.0068511962890625], [0.9629249572753906, 0.011371612548828125, 0.0177001953125, 0.00800323486328125], [0.9508552551269531, 0.004985809326171875, 0.021503448486328125, 0.022655487060546875], [0.959716796875, 0.006565093994140625, 0.02672576904296875, 0.006992340087890625], [0.973663330078125, 0.000244140625, 0.014453887939453125, 0.011638641357421875], [0.939849853515625, 0.0187530517578125, 0.02813720703125, 0.0132598876953125], [0.9359397888183594, 0.035488128662109375, 0.0268707275390625, 0.00170135498046875], [0.9527816772460938, 0.01560211181640625, 0.02288818359375, 0.00872802734375], [0.9712677001953125, 0.001007080078125, 0.0148468017578125, 0.01287841796875], [0.9695587158203125, 0.000274658203125, 0.017993927001953125, 0.012172698974609375], [0.9648971557617188, 0.001674652099609375, 0.026706695556640625, 0.00672149658203125], [0.9646110534667969, 0.0024566650390625, 0.022785186767578125, 0.0101470947265625], [0.9719924926757812, 0.003204345703125, 0.02024078369140625, 0.0045623779296875], [0.9748115539550781, 0.0003509521484375, 0.018260955810546875, 0.0065765380859375], [0.9716835021972656, 0.007587432861328125, 0.019451141357421875, 0.001277923583984375], [0.9592056274414062, 0.004177093505859375, 0.031116485595703125, 0.00550079345703125], [0.9593009948730469, 0.002712249755859375, 0.027881622314453125, 0.010105133056640625], [0.9599838256835938, 0.005268096923828125, 0.0285186767578125, 0.006229400634765625], [0.9601783752441406, 0.007755279541015625, 0.02404022216796875, 0.008026123046875], [0.9709320068359375, 0.001613616943359375, 0.013858795166015625, 0.0135955810546875], [0.9626388549804688, 0.0050811767578125, 0.02585601806640625, 0.0064239501953125], [0.9693565368652344, 0.0010223388671875, 0.027435302734375, 0.002185821533203125], [0.966156005859375, 0.0009765625, 0.027896881103515625, 0.004970550537109375], [0.9737396240234375, 0.0079193115234375, 0.016796112060546875, 0.001544952392578125], [0.95489501953125, 0.00382232666015625, 0.00711822509765625, 0.0341644287109375], [0.9599075317382812, 0.00399017333984375, 0.02451324462890625, 0.01158905029296875], [0.9426956176757812, 0.01056671142578125, 0.025653839111328125, 0.021083831787109375], [0.952484130859375, 0.006885528564453125, 0.016727447509765625, 0.02390289306640625], [0.9515953063964844, 0.01981353759765625, 0.016056060791015625, 0.01253509521484375], [0.9655494689941406, 0.010166168212890625, 0.02239990234375, 0.00188446044921875], [0.9466972351074219, 0.0136566162109375, 0.0328826904296875, 0.006763458251953125], [0.9630050659179688, 0.00732421875, 0.01638031005859375, 0.0132904052734375], [0.9716567993164062, 0.001262664794921875, 0.0149078369140625, 0.012172698974609375], [0.9670906066894531, 0.000843048095703125, 0.019275665283203125, 0.012790679931640625], [0.9498519897460938, 0.010555267333984375, 0.0343475341796875, 0.005245208740234375], [0.9513397216796875, 0.002094268798828125, 0.0357208251953125, 0.010845184326171875], [0.9595451354980469, 0.0002593994140625, 0.038036346435546875, 0.00215911865234375], [0.9480552673339844, 0.001705169677734375, 0.046031951904296875, 0.004207611083984375], [0.9330520629882812, 0.004528045654296875, 0.044834136962890625, 0.01758575439453125], [0.9568672180175781, 0.011180877685546875, 0.014133453369140625, 0.017818450927734375], [0.951812744140625, 0.004638671875, 0.022006988525390625, 0.021541595458984375], [0.9636688232421875, 0.009296417236328125, 0.025653839111328125, 0.00138092041015625], [0.9459762573242188, 0.004383087158203125, 0.031078338623046875, 0.01856231689453125], [0.9691238403320312, 0.010059356689453125, 0.008403778076171875, 0.01241302490234375], [0.9755439758300781, 0.0044708251953125, 0.013427734375, 0.006557464599609375], [0.9578971862792969, 0.005115509033203125, 0.0260467529296875, 0.0109405517578125], [0.9500923156738281, 0.01209259033203125, 0.011745452880859375, 0.02606964111328125], [0.9718132019042969, 0.003292083740234375, 0.01982879638671875, 0.00506591796875], [0.9511146545410156, 0.01070404052734375, 0.009319305419921875, 0.02886199951171875], [0.9737319946289062, 0.005123138427734375, 0.0089569091796875, 0.012187957763671875], [0.9866485595703125, 0.002838134765625, 0.00841522216796875, 0.00209808349609375], [0.9807891845703125, 0.002170562744140625, 0.01434326171875, 0.002696990966796875], [0.9754486083984375, 0.0106353759765625, 0.013568878173828125, 0.000347137451171875], [0.947357177734375, 0.004032135009765625, 0.025547027587890625, 0.02306365966796875], [0.9568862915039062, 0.00681304931640625, 0.03415679931640625, 0.00214385986328125], [0.9581108093261719, 0.00357818603515625, 0.03081512451171875, 0.007495880126953125], [0.9549789428710938, 0.00020599365234375, 0.032196044921875, 0.0126190185546875], [0.9698143005371094, 0.000865936279296875, 0.025501251220703125, 0.003818511962890625], [0.9808692932128906, 0.008426666259765625, 0.01070404052734375, 0.0], [0.9791412353515625, 0.002117156982421875, 0.017337799072265625, 0.00140380859375], [0.9432868957519531, 0.015651702880859375, 0.027477264404296875, 0.013584136962890625], [0.9615974426269531, 0.003871917724609375, 0.013538360595703125, 0.020992279052734375], [0.9751167297363281, 0.001407623291015625, 0.0106201171875, 0.01285552978515625], [0.9634132385253906, 0.012981414794921875, 0.01502227783203125, 0.00858306884765625], [0.9789237976074219, 0.0092926025390625, 0.0114288330078125, 0.000354766845703125], [0.9672050476074219, 0.003978729248046875, 0.015228271484375, 0.01358795166015625], [0.9684181213378906, 0.0183258056640625, 0.012134552001953125, 0.00112152099609375], [0.974578857421875, 0.010845184326171875, 0.0140533447265625, 0.000522613525390625], [0.945404052734375, 0.002971649169921875, 0.033172607421875, 0.018451690673828125], [0.9462852478027344, 0.01271820068359375, 0.0285797119140625, 0.012416839599609375], [0.9511032104492188, 0.003574371337890625, 0.02608489990234375, 0.019237518310546875], [0.9558143615722656, 0.007625579833984375, 0.032352447509765625, 0.004207611083984375], [0.9451484680175781, 0.00688934326171875, 0.026111602783203125, 0.0218505859375], [0.9676933288574219, 0.0079345703125, 0.0231475830078125, 0.001224517822265625], [0.9610214233398438, 0.001007080078125, 0.037090301513671875, 0.000881195068359375]], "candidate_count": 2400, "candidate_scores_path": "/groups/echambe2/gmeng/MedAL-Agent/repo/code/runs/frozen_v5/candidate_scores/ext_brats2020__P5__s2000__r2.json", "predictions_path": "", "initial_labeled_path": "/groups/echambe2/gmeng/MedAL-Agent/repo/code/runs/frozen_v5/init_sets/ext_brats2020__s2000__n25.json", "initial_labeled_ids": [], "selection_diagnostics": {}, "training": {"num_iters": 1000, "batch_size": 12, "lr": 0.001, "image_size": 512, "aspect_preserve": true, "resolution_policy": "longside_pad32", "preproc_cache": {"pool": "hit", "val": "hit"}, "train_runtime_sec": 567.3107690811157, "query_runtime_sec": 51.29277276992798, "iters": 5000, "stop_iter": 5000, "mean_loss": 0.33215909271240235, "last_loss": 0.0883931964635849, "stop_reason": "plateau_max", "hit_max_iters": true, "final_smooth_loss": 0.0900997457653284, "best_smooth_loss": 0.09337762758135795, "diverged": false, "loss_curve": [[1000, 0.5843716493248939], [1100, 0.5351021444797516], [1200, 0.5342568534612656], [1300, 0.48525881350040434], [1400, 0.4493224722146988], [1500, 0.4120062580704689], [1600, 0.37891530185937883], [1700, 0.3661423417925835], [1800, 0.3257434266805649], [1900, 0.2930341376364231], [2000, 0.2772042840719223], [2100, 0.2671478246152401], [2200, 0.24122458413243295], [2300, 0.21872509762644768], [2400, 0.20642458885908127], [2500, 0.19575536146759986], [2600, 0.18471726015210152], [2700, 0.18063657402992248], [2800, 0.16688990853726865], [2900, 0.16472131870687007], [3000, 0.167766667380929], [3100, 0.15443329632282257], [3200, 0.14232862927019596], [3300, 0.13393345490098], [3400, 0.13035732753574847], [3500, 0.1299184776097536], [3600, 0.12338367022573948], [3700, 0.12356647394597531], [3800, 0.116084795743227], [3900, 0.11522574424743652], [4000, 0.11051009312272071], [4100, 0.11012941911816597], [4200, 0.10612287253141403], [4300, 0.10773023627698422], [4400, 0.10510170429944993], [4500, 0.10472471356391906], [4600, 0.10154322020709515], [4700, 0.09337762758135795], [4800, 0.09298306867480279], [4900, 0.089238346144557], [5000, 0.0900997457653284]]}, "ckpt_id": "ext_brats2020__P5__s2000__r2", "ckpt_path": "", "ckpt_hash": "38118d32008fa18d52a4068ce28b14e29fab4cb58e2c201e3822b4983c76a5ff", "config_hash": "e4fae46d1c013eb7c36e2eeecfd787bd198e1e60b7f9bf7f044c146e0d2a9270", "feature_cache_keys": {"task_unet": "task_unet_bottleneck@38118d32008f"}, "sam_model_type": "", "sam_checkpoint": "", "metrics": {"primary_metric": "mean_dsc_fg_case_macro", "metric_version": "v3_case_macro", "eval_scope": "case_retained_slices", "mean_dsc_fg_case_macro": 0.38108641889012806, "mean_dsc_fg": 0.38108641889012806, "mean_dsc_fg_pooled_diagnostic": 0.4992313606347973, "dsc_per_class_pooled": [0.9909664321512257, 0.43852201376541006, 0.3615054107944992, 0.6976666573444826], "dsc_per_class": [0.9909664321512257, 0.43852201376541006, 0.3615054107944992, 0.6976666573444826], "n_cases": 31, "n_eval": 500, "structure_detection_rate": 1.0, "missed_structure_rate": 0.0}, "runtime_sec": {"train": 567.3107690811157, "eval": 4.017197847366333, "select": 51.29277276992798}, "gpu_mem_mb": 9429.654528, "gpu_name": "NVIDIA H100 80GB HBM3", "gpu_total_mem_mb": 85294.972928, "foundation": {}, "notes": ""}
