{"schema_version": "v3", "run_id": "ext_brats2020__P1__s2000", "round": 0, "dataset": "ext_brats2020", "modality": "t1ce", "target": "necrotic", "dim": "3d", "query_unit": "slice", "seed": 2000, "round_seed": 2000, "component_seeds": {"model_init_seed": 1733582241, "loader_seed": 3333593949, "query_seed": 2915079519, "dropout_seed": 1768907296}, "total_rounds": 7, "budget_denominator": {"full_train_N": 15386, "requested_pool_cap": 5000, "actual_AL_pool_N": 2500, "budget_plan": [25, 50, 100, 176, 250, 375, 500], "fraction_of_AL_pool": 0.2, "fraction_of_full_train": 0.03249707526322631}, "policy_id": "P1", "policy_name": "EntropyFull", "method_version": "1.0", "is_ablation": false, "policy_config": {}, "cumulative_budget": 25, "incremental_query_count": 25, "labeled_count": 25, "labeled_ratio": 0.01, "selected_ids": ["BraTS20_Training_313_s131", "BraTS20_Training_143_s114", "BraTS20_Training_256_s081", "BraTS20_Training_313_s109", "BraTS20_Training_207_s119", "BraTS20_Training_114_s108", "BraTS20_Training_062_s127", "BraTS20_Training_362_s119", "BraTS20_Training_147_s132", "BraTS20_Training_226_s143", "BraTS20_Training_030_s122", "BraTS20_Training_062_s128", "BraTS20_Training_053_s090", "BraTS20_Training_322_s126", "BraTS20_Training_053_s091", "BraTS20_Training_303_s148", "BraTS20_Training_322_s125", "BraTS20_Training_143_s134", "BraTS20_Training_256_s100", "BraTS20_Training_211_s122", "BraTS20_Training_062_s122", "BraTS20_Training_318_s095", "BraTS20_Training_014_s097", "BraTS20_Training_284_s119", "BraTS20_Training_333_s147"], "selected_scores": [0.008683952502906322, 0.008134705014526844, 0.007929136045277119, 0.007614666596055031, 0.0075684888288378716, 0.007531963288784027, 0.0074489181861281395, 0.007345329038798809, 0.007307706866413355, 0.007259400561451912, 0.007211637683212757, 0.007180552463978529, 0.0070620132610201836, 0.007055501453578472, 0.006987630855292082, 0.006918234284967184, 0.00691581703722477, 0.006914719473570585, 0.006791176740080118, 0.00677249813452363, 0.006762421224266291, 0.006755823269486427, 0.006734895054250956, 0.006722449325025082, 0.006715490948408842], "selected_pred_fg_ratio": [0.051174163818359375, 0.04546356201171875, 0.07038116455078125, 0.07036972045898438, 0.04079437255859375, 0.0605621337890625, 0.06055450439453125, 0.04273223876953125, 0.052173614501953125, 0.07884597778320312, 0.0552520751953125, 0.07526779174804688, 0.06026458740234375, 0.06349563598632812, 0.05966949462890625, 0.038593292236328125, 0.07057571411132812, 0.050365447998046875, 0.08417129516601562, 0.045806884765625, 0.049652099609375, 0.06297683715820312, 0.06337356567382812, 0.052875518798828125, 0.06673431396484375], "selected_pred_class_dist": [[0.9488258361816406, 0.018321990966796875, 0.02484893798828125, 0.00800323486328125], [0.9545364379882812, 0.009433746337890625, 0.031780242919921875, 0.00424957275390625], [0.9296188354492188, 0.032840728759765625, 0.031597137451171875, 0.00594329833984375], [0.9296302795410156, 0.02037811279296875, 0.049671173095703125, 0.0003204345703125], [0.9592056274414062, 0.0082244873046875, 0.0258331298828125, 0.00673675537109375], [0.9394378662109375, 0.01184844970703125, 0.035114288330078125, 0.013599395751953125], [0.9394454956054688, 0.0200042724609375, 0.024127960205078125, 0.016422271728515625], [0.9572677612304688, 0.00867462158203125, 0.030147552490234375, 0.003910064697265625], [0.9478263854980469, 0.014415740966796875, 0.037044525146484375, 0.000713348388671875], [0.9211540222167969, 0.019565582275390625, 0.037181854248046875, 0.022098541259765625], [0.9447479248046875, 0.010105133056640625, 0.031360626220703125, 0.01378631591796875], [0.9247322082519531, 0.03070831298828125, 0.0310821533203125, 0.013477325439453125], [0.9397354125976562, 0.0229644775390625, 0.030147552490234375, 0.007152557373046875], [0.9365043640136719, 0.035297393798828125, 0.017772674560546875, 0.010425567626953125], [0.9403305053710938, 0.022090911865234375, 0.0330810546875, 0.004497528076171875], [0.9614067077636719, 0.006633758544921875, 0.021389007568359375, 0.010570526123046875], [0.9294242858886719, 0.04038238525390625, 0.020618438720703125, 0.00957489013671875], [0.9496345520019531, 0.021877288818359375, 0.0208282470703125, 0.007659912109375], [0.9158287048339844, 0.0387115478515625, 0.033477783203125, 0.011981964111328125], [0.954193115234375, 0.026386260986328125, 0.008243560791015625, 0.01117706298828125], [0.950347900390625, 0.012287139892578125, 0.024356842041015625, 0.01300811767578125], [0.9370231628417969, 0.000492095947265625, 0.059139251708984375, 0.003345489501953125], [0.9366264343261719, 0.028797149658203125, 0.01912689208984375, 0.01544952392578125], [0.9471244812011719, 0.01319122314453125, 0.03475189208984375, 0.004932403564453125], [0.9332656860351562, 0.025081634521484375, 0.041110992431640625, 0.00054168701171875]], "candidate_count": 2475, "candidate_scores_path": "/groups/echambe2/gmeng/MedAL-Agent/repo/code/runs/frozen_v5/candidate_scores/ext_brats2020__P1__s2000__r0.json", "predictions_path": "", "initial_labeled_path": "/groups/echambe2/gmeng/MedAL-Agent/repo/code/runs/frozen_v5/init_sets/ext_brats2020__s2000__n25.json", "initial_labeled_ids": ["BraTS20_Training_009_s097", "BraTS20_Training_014_s093", "BraTS20_Training_016_s118", "BraTS20_Training_023_s150", "BraTS20_Training_042_s150", "BraTS20_Training_115_s094", "BraTS20_Training_115_s107", "BraTS20_Training_132_s125", "BraTS20_Training_152_s087", "BraTS20_Training_156_s124", "BraTS20_Training_167_s146", "BraTS20_Training_183_s070", "BraTS20_Training_208_s181", "BraTS20_Training_274_s089", "BraTS20_Training_278_s109", "BraTS20_Training_284_s111", "BraTS20_Training_296_s164", "BraTS20_Training_306_s135", "BraTS20_Training_329_s113", "BraTS20_Training_336_s134", "BraTS20_Training_337_s067", "BraTS20_Training_342_s105", "BraTS20_Training_345_s114", "BraTS20_Training_355_s106", "BraTS20_Training_366_s133"], "selection_diagnostics": {}, "training": {"num_iters": 1000, "batch_size": 12, "lr": 0.001, "image_size": 512, "aspect_preserve": true, "resolution_policy": "longside_pad32", "preproc_cache": {"pool": "hit", "val": "hit"}, "train_runtime_sec": 583.4522197246552, "query_runtime_sec": 45.12743425369263, "iters": 4900, "stop_iter": 4900, "mean_loss": 0.13253651509099468, "last_loss": 0.018018759787082672, "stop_reason": "plateau", "hit_max_iters": false, "final_smooth_loss": 0.022573501337319613, "best_smooth_loss": 0.022827290166169405, "diverged": false, "loss_curve": [[1000, 0.12987459130585194], [1100, 0.12035177186131478], [1200, 0.11132250480353832], [1300, 0.10361787386238575], [1400, 0.09711434632539749], [1500, 0.09362990245223045], [1600, 0.08510535262525082], [1700, 0.08407597869634628], [1800, 0.07721360620111227], [1900, 0.07887287762016058], [2000, 0.07300933320075273], [2100, 0.06851255547255278], [2200, 0.06463856916874647], [2300, 0.06359160479158163], [2400, 0.05992106173187494], [2500, 0.058870028369128705], [2600, 0.05418397210538387], [2700, 0.052458161376416686], [2800, 0.04973649825900793], [2900, 0.04825698547065258], [3000, 0.04629581790417433], [3100, 0.04726796429604292], [3200, 0.04603375613689423], [3300, 0.04170619446784258], [3400, 0.038054030742496255], [3500, 0.035483776740729805], [3600, 0.03522859746590257], [3700, 0.03512382997199893], [3800, 0.031097577679902316], [3900, 0.029626864939928055], [4000, 0.034000758305191996], [4100, 0.03209433564916253], [4200, 0.02624157126992941], [4300, 0.024903007950633764], [4400, 0.022827290166169405], [4500, 0.02192633694037795], [4600, 0.06875357642769814], [4700, 0.04329834699630737], [4800, 0.026028151270002128], [4900, 0.022573501337319613]]}, "ckpt_id": "ext_brats2020__P1__s2000__r0", "ckpt_path": "", "ckpt_hash": "c752a39e3a1889b4861c7d43ec0dbd240903d0c9821db34e2db763eb35d38e9f", "config_hash": "e4fae46d1c013eb7c36e2eeecfd787bd198e1e60b7f9bf7f044c146e0d2a9270", "feature_cache_keys": {}, "sam_model_type": "", "sam_checkpoint": "", "metrics": {"primary_metric": "mean_dsc_fg_case_macro", "metric_version": "v3_case_macro", "eval_scope": "case_retained_slices", "mean_dsc_fg_case_macro": 0.2902022260470277, "mean_dsc_fg": 0.2902022260470277, "mean_dsc_fg_pooled_diagnostic": 0.3479148405277028, "dsc_per_class_pooled": [0.985397648394245, 0.262057409350243, 0.281797859154812, 0.4998892530780532], "dsc_per_class": [0.985397648394245, 0.262057409350243, 0.281797859154812, 0.4998892530780532], "n_cases": 31, "n_eval": 500, "structure_detection_rate": 1.0, "missed_structure_rate": 0.0}, "runtime_sec": {"train": 583.4522197246552, "eval": 3.769587516784668, "select": 45.12743425369263}, "gpu_mem_mb": 9380.583936, "gpu_name": "NVIDIA H100 80GB HBM3", "gpu_total_mem_mb": 85294.972928, "foundation": {}, "notes": ""}
{"schema_version": "v3", "run_id": "ext_brats2020__P1__s2000", "round": 1, "dataset": "ext_brats2020", "modality": "t1ce", "target": "necrotic", "dim": "3d", "query_unit": "slice", "seed": 2000, "round_seed": 2001, "component_seeds": {"model_init_seed": 4092542587, "loader_seed": 4022314598, "query_seed": 1275594993, "dropout_seed": 1443935428}, "total_rounds": 7, "budget_denominator": {"full_train_N": 15386, "requested_pool_cap": 5000, "actual_AL_pool_N": 2500, "budget_plan": [25, 50, 100, 176, 250, 375, 500], "fraction_of_AL_pool": 0.2, "fraction_of_full_train": 0.03249707526322631}, "policy_id": "P1", "policy_name": "EntropyFull", "method_version": "1.0", "is_ablation": false, "policy_config": {}, "cumulative_budget": 50, "incremental_query_count": 50, "labeled_count": 50, "labeled_ratio": 0.02, "selected_ids": ["BraTS20_Training_342_s099", "BraTS20_Training_176_s103", "BraTS20_Training_234_s138", "BraTS20_Training_075_s156", "BraTS20_Training_020_s088", "BraTS20_Training_261_s110", "BraTS20_Training_234_s122", "BraTS20_Training_009_s073", "BraTS20_Training_009_s102", "BraTS20_Training_075_s135", "BraTS20_Training_342_s098", "BraTS20_Training_191_s094", "BraTS20_Training_322_s158", "BraTS20_Training_261_s121", "BraTS20_Training_026_s097", "BraTS20_Training_318_s078", "BraTS20_Training_256_s075", "BraTS20_Training_191_s096", "BraTS20_Training_191_s103", "BraTS20_Training_261_s138", "BraTS20_Training_009_s078", "BraTS20_Training_290_s128", "BraTS20_Training_137_s093", "BraTS20_Training_348_s136", "BraTS20_Training_137_s085", "BraTS20_Training_014_s081", "BraTS20_Training_339_s114", "BraTS20_Training_234_s102", "BraTS20_Training_255_s151", "BraTS20_Training_342_s112", "BraTS20_Training_263_s137", "BraTS20_Training_328_s099", "BraTS20_Training_241_s095", "BraTS20_Training_256_s072", "BraTS20_Training_261_s111", "BraTS20_Training_053_s082", "BraTS20_Training_349_s076", "BraTS20_Training_067_s144", "BraTS20_Training_234_s113", "BraTS20_Training_289_s091", "BraTS20_Training_346_s116", "BraTS20_Training_360_s098", "BraTS20_Training_322_s150", "BraTS20_Training_150_s141", "BraTS20_Training_132_s097", "BraTS20_Training_234_s105", "BraTS20_Training_133_s150", "BraTS20_Training_289_s090", "BraTS20_Training_362_s121", "BraTS20_Training_009_s077"], "selected_scores": [0.007039417512714863, 0.006087392568588257, 0.006033864337950945, 0.005754223559051752, 0.005752326920628548, 0.00573846697807312, 0.00573404086753726, 0.005708185024559498, 0.005682921037077904, 0.005649921018630266, 0.005609562620520592, 0.00558708468452096, 0.0055685522966086864, 0.005471684969961643, 0.0054475110955536366, 0.005447096657007933, 0.0054460852406919, 0.0054411087185144424, 0.005413887556642294, 0.005412443075329065, 0.005367405246943235, 0.005336730275303125, 0.005332199856638908, 0.005316448863595724, 0.005300359334796667, 0.0052758194506168365, 0.005259627476334572, 0.005248674191534519, 0.00520100723952055, 0.005193324759602547, 0.005192544311285019, 0.005183261353522539, 0.005110099911689758, 0.0050810049287974834, 0.005030980333685875, 0.0050092120654881, 0.0049962266348302364, 0.004969154950231314, 0.0049286531284451485, 0.0049278344959020615, 0.004924698732793331, 0.004905537236481905, 0.0049019791185855865, 0.004853570368140936, 0.004848803859204054, 0.004832558333873749, 0.00483229523524642, 0.004809487145394087, 0.004800304304808378, 0.004799676593393087], "selected_pred_fg_ratio": [0.040561676025390625, 0.036808013916015625, 0.053436279296875, 0.02993011474609375, 0.040958404541015625, 0.0434722900390625, 0.0507659912109375, 0.027744293212890625, 0.043537139892578125, 0.046966552734375, 0.041568756103515625, 0.0291595458984375, 0.039417266845703125, 0.040283203125, 0.05197906494140625, 0.02460479736328125, 0.0326690673828125, 0.031810760498046875, 0.04674530029296875, 0.03345489501953125, 0.0529937744140625, 0.03101348876953125, 0.033458709716796875, 0.037525177001953125, 0.0457611083984375, 0.04866790771484375, 0.039478302001953125, 0.0876007080078125, 0.054813385009765625, 0.018096923828125, 0.03243255615234375, 0.03476715087890625, 0.0264434814453125, 0.030918121337890625, 0.04824066162109375, 0.042327880859375, 0.026111602783203125, 0.048542022705078125, 0.06557846069335938, 0.051914215087890625, 0.036815643310546875, 0.041706085205078125, 0.036472320556640625, 0.0412750244140625, 0.05065155029296875, 0.07596588134765625, 0.036563873291015625, 0.04755401611328125, 0.022098541259765625, 0.049182891845703125], "selected_pred_class_dist": [[0.9594383239746094, 0.009403228759765625, 0.01863861083984375, 0.01251983642578125], [0.9631919860839844, 0.009349822998046875, 0.01648712158203125, 0.0109710693359375], [0.946563720703125, 0.03783416748046875, 0.006500244140625, 0.00910186767578125], [0.9700698852539062, 0.015300750732421875, 0.007122039794921875, 0.00750732421875], [0.9590415954589844, 0.0090484619140625, 0.03127288818359375, 0.000637054443359375], [0.9565277099609375, 0.020366668701171875, 0.016845703125, 0.006259918212890625], [0.9492340087890625, 0.030727386474609375, 0.011219024658203125, 0.008819580078125], [0.9722557067871094, 0.0030059814453125, 0.019557952880859375, 0.00518035888671875], [0.9564628601074219, 0.005626678466796875, 0.0334014892578125, 0.00450897216796875], [0.953033447265625, 0.0228118896484375, 0.01808929443359375, 0.00606536865234375], [0.9584312438964844, 0.012210845947265625, 0.016674041748046875, 0.012683868408203125], [0.9708404541015625, 0.004924774169921875, 0.006134033203125, 0.018100738525390625], [0.9605827331542969, 0.023426055908203125, 0.00988006591796875, 0.00611114501953125], [0.959716796875, 0.0166015625, 0.0135498046875, 0.0101318359375], [0.9480209350585938, 0.012134552001953125, 0.03094482421875, 0.008899688720703125], [0.9753952026367188, 0.00446319580078125, 0.0185699462890625, 0.0015716552734375], [0.9673309326171875, 0.003803253173828125, 0.015380859375, 0.013484954833984375], [0.9681892395019531, 0.00405120849609375, 0.008975982666015625, 0.0187835693359375], [0.9532546997070312, 0.010040283203125, 0.0152587890625, 0.02144622802734375], [0.9665451049804688, 0.015228271484375, 0.017059326171875, 0.00116729736328125], [0.9470062255859375, 0.015865325927734375, 0.02606964111328125, 0.011058807373046875], [0.9689865112304688, 0.011959075927734375, 0.01425933837890625, 0.004795074462890625], [0.9665412902832031, 0.0060577392578125, 0.014369964599609375, 0.013031005859375], [0.9624748229980469, 0.009334564208984375, 0.01795196533203125, 0.0102386474609375], [0.9542388916015625, 0.006072998046875, 0.025875091552734375, 0.013813018798828125], [0.9513320922851562, 0.012577056884765625, 0.0247955322265625, 0.011295318603515625], [0.9605216979980469, 0.009899139404296875, 0.0126190185546875, 0.01696014404296875], [0.9123992919921875, 0.064178466796875, 0.014530181884765625, 0.008892059326171875], [0.9451866149902344, 0.01451873779296875, 0.02007293701171875, 0.020221710205078125], [0.981903076171875, 0.0109100341796875, 0.004428863525390625, 0.002758026123046875], [0.9675674438476562, 0.004962921142578125, 0.011409759521484375, 0.01605987548828125], [0.9652328491210938, 0.008373260498046875, 0.0263824462890625, 1.1444091796875e-05], [0.9735565185546875, 0.005279541015625, 0.009441375732421875, 0.011722564697265625], [0.9690818786621094, 0.002460479736328125, 0.013519287109375, 0.0149383544921875], [0.9517593383789062, 0.02361297607421875, 0.018398284912109375, 0.006229400634765625], [0.957672119140625, 0.00283050537109375, 0.033840179443359375, 0.005657196044921875], [0.9738883972167969, 0.006572723388671875, 0.012233734130859375, 0.007305145263671875], [0.9514579772949219, 0.008625030517578125, 0.0142059326171875, 0.0257110595703125], [0.9344215393066406, 0.04718780517578125, 0.01178741455078125, 0.006603240966796875], [0.9480857849121094, 0.029972076416015625, 0.016185760498046875, 0.005756378173828125], [0.9631843566894531, 0.0158538818359375, 0.01050567626953125, 0.010456085205078125], [0.9582939147949219, 0.0168304443359375, 0.01031494140625, 0.014560699462890625], [0.9635276794433594, 0.01796722412109375, 0.01361083984375, 0.004894256591796875], [0.9587249755859375, 0.00254058837890625, 0.021240234375, 0.01749420166015625], [0.9493484497070312, 0.011531829833984375, 0.024906158447265625, 0.01421356201171875], [0.9240341186523438, 0.05298614501953125, 0.008205413818359375, 0.014774322509765625], [0.9634361267089844, 0.010936737060546875, 0.021274566650390625, 0.004352569580078125], [0.9524459838867188, 0.026508331298828125, 0.0159912109375, 0.005054473876953125], [0.9779014587402344, 0.01059722900390625, 0.007839202880859375, 0.003662109375], [0.9508171081542969, 0.010616302490234375, 0.028900146484375, 0.00966644287109375]], "candidate_count": 2450, "candidate_scores_path": "/groups/echambe2/gmeng/MedAL-Agent/repo/code/runs/frozen_v5/candidate_scores/ext_brats2020__P1__s2000__r1.json", "predictions_path": "", "initial_labeled_path": "/groups/echambe2/gmeng/MedAL-Agent/repo/code/runs/frozen_v5/init_sets/ext_brats2020__s2000__n25.json", "initial_labeled_ids": [], "selection_diagnostics": {}, "training": {"num_iters": 1000, "batch_size": 12, "lr": 0.001, "image_size": 512, "aspect_preserve": true, "resolution_policy": "longside_pad32", "preproc_cache": {"pool": "hit", "val": "hit"}, "train_runtime_sec": 567.8086950778961, "query_runtime_sec": 45.08177089691162, "iters": 5000, "stop_iter": 5000, "mean_loss": 0.1935102489091456, "last_loss": 0.04320360720157623, "stop_reason": "plateau_max", "hit_max_iters": true, "final_smooth_loss": 0.045714196190238, "best_smooth_loss": 0.04837018646299839, "diverged": false, "loss_curve": [[1000, 0.22137221559882164], [1100, 0.2114669971168041], [1200, 0.1832126908004284], [1300, 0.16899517178535461], [1400, 0.15550204038619994], [1500, 0.14180612452328206], [1600, 0.13089260078966616], [1700, 0.12384216390550136], [1800, 0.11771177038550378], [1900, 0.11451338902115822], [2000, 0.10725332587957383], [2100, 0.10123737588524818], [2200, 0.1004019183665514], [2300, 0.10137496717274189], [2400, 0.09467370994389057], [2500, 0.09127300538122654], [2600, 0.08868758536875249], [2700, 0.09511605970561504], [2800, 0.08985076989978552], [2900, 0.0808542150631547], [3000, 0.08224468134343624], [3100, 0.0796845606714487], [3200, 0.07468595948070288], [3300, 0.07381150674074888], [3400, 0.07265981569886208], [3500, 0.07249731637537479], [3600, 0.07100933458656072], [3700, 0.06729654189199209], [3800, 0.06629389103502036], [3900, 0.06357317090034485], [4000, 0.062088421694934365], [4100, 0.061699090115725996], [4200, 0.05916563019156456], [4300, 0.055276956595480445], [4400, 0.054900033958256246], [4500, 0.05299847658723593], [4600, 0.052014188170433046], [4700, 0.04837018646299839], [4800, 0.04849948909133673], [4900, 0.0503970094025135], [5000, 0.045714196190238]]}, "ckpt_id": "ext_brats2020__P1__s2000__r1", "ckpt_path": "", "ckpt_hash": "e2a7f7facaab27b1659218fcc7ce0e11a8a53aafdad68bc9b12c0aa78509c13d", "config_hash": "e4fae46d1c013eb7c36e2eeecfd787bd198e1e60b7f9bf7f044c146e0d2a9270", "feature_cache_keys": {}, "sam_model_type": "", "sam_checkpoint": "", "metrics": {"primary_metric": "mean_dsc_fg_case_macro", "metric_version": "v3_case_macro", "eval_scope": "case_retained_slices", "mean_dsc_fg_case_macro": 0.2778446848135867, "mean_dsc_fg": 0.2778446848135867, "mean_dsc_fg_pooled_diagnostic": 0.3962069395159539, "dsc_per_class_pooled": [0.9901870720393886, 0.3682603430702083, 0.27687734345112663, 0.5434831320265269], "dsc_per_class": [0.9901870720393886, 0.3682603430702083, 0.27687734345112663, 0.5434831320265269], "n_cases": 31, "n_eval": 500, "structure_detection_rate": 1.0, "missed_structure_rate": 0.0}, "runtime_sec": {"train": 567.8086950778961, "eval": 4.342376470565796, "select": 45.08177089691162}, "gpu_mem_mb": 9428.851712, "gpu_name": "NVIDIA H100 80GB HBM3", "gpu_total_mem_mb": 85294.972928, "foundation": {}, "notes": ""}
{"schema_version": "v3", "run_id": "ext_brats2020__P1__s2000", "round": 2, "dataset": "ext_brats2020", "modality": "t1ce", "target": "necrotic", "dim": "3d", "query_unit": "slice", "seed": 2000, "round_seed": 2002, "component_seeds": {"model_init_seed": 1225426498, "loader_seed": 1158739311, "query_seed": 3667345588, "dropout_seed": 1372419812}, "total_rounds": 7, "budget_denominator": {"full_train_N": 15386, "requested_pool_cap": 5000, "actual_AL_pool_N": 2500, "budget_plan": [25, 50, 100, 176, 250, 375, 500], "fraction_of_AL_pool": 0.2, "fraction_of_full_train": 0.03249707526322631}, "policy_id": "P1", "policy_name": "EntropyFull", "method_version": "1.0", "is_ablation": false, "policy_config": {}, "cumulative_budget": 100, "incremental_query_count": 76, "labeled_count": 100, "labeled_ratio": 0.04, "selected_ids": ["BraTS20_Training_250_s182", "BraTS20_Training_058_s181", "BraTS20_Training_245_s176", "BraTS20_Training_188_s058", "BraTS20_Training_211_s061", "BraTS20_Training_255_s157", "BraTS20_Training_278_s060", "BraTS20_Training_146_s059", "BraTS20_Training_328_s096", "BraTS20_Training_334_s058", "BraTS20_Training_335_s176", "BraTS20_Training_245_s112", "BraTS20_Training_149_s153", "BraTS20_Training_265_s165", "BraTS20_Training_020_s083", "BraTS20_Training_279_s082", "BraTS20_Training_225_s089", "BraTS20_Training_015_s154", "BraTS20_Training_244_s059", "BraTS20_Training_167_s111", "BraTS20_Training_272_s068", "BraTS20_Training_299_s180", "BraTS20_Training_169_s136", "BraTS20_Training_255_s158", "BraTS20_Training_221_s114", "BraTS20_Training_153_s178", "BraTS20_Training_319_s060", "BraTS20_Training_274_s131", "BraTS20_Training_149_s150", "BraTS20_Training_153_s172", "BraTS20_Training_195_s174", "BraTS20_Training_206_s066", "BraTS20_Training_010_s062", "BraTS20_Training_230_s156", "BraTS20_Training_215_s138", "BraTS20_Training_225_s130", "BraTS20_Training_080_s102", "BraTS20_Training_012_s182", "BraTS20_Training_166_s058", "BraTS20_Training_273_s154", "BraTS20_Training_149_s146", "BraTS20_Training_343_s056", "BraTS20_Training_318_s135", "BraTS20_Training_354_s062", "BraTS20_Training_094_s176", "BraTS20_Training_261_s132", "BraTS20_Training_075_s153", "BraTS20_Training_183_s092", "BraTS20_Training_354_s059", "BraTS20_Training_149_s152", "BraTS20_Training_273_s114", "BraTS20_Training_171_s124", "BraTS20_Training_274_s135", "BraTS20_Training_293_s106", "BraTS20_Training_345_s059", "BraTS20_Training_357_s081", "BraTS20_Training_162_s122", "BraTS20_Training_001_s067", "BraTS20_Training_252_s174", "BraTS20_Training_024_s172", "BraTS20_Training_003_s164", "BraTS20_Training_017_s177", "BraTS20_Training_279_s113", "BraTS20_Training_023_s145", "BraTS20_Training_341_s171", "BraTS20_Training_362_s177", "BraTS20_Training_368_s177", "BraTS20_Training_335_s171", "BraTS20_Training_219_s177", "BraTS20_Training_328_s090", "BraTS20_Training_215_s155", "BraTS20_Training_243_s060", "BraTS20_Training_153_s179", "BraTS20_Training_357_s074", "BraTS20_Training_089_s148", "BraTS20_Training_051_s092"], "selected_scores": [0.015826452523469925, 0.013144700787961483, 0.01279835868626833, 0.01275834534317255, 0.012431317940354347, 0.012280583381652832, 0.012214657850563526, 0.012174476869404316, 0.011977673508226871, 0.01195271871984005, 0.011870898306369781, 0.011802370660007, 0.011754978448152542, 0.011688957922160625, 0.011622483842074871, 0.011611047200858593, 0.011538837105035782, 0.011472414247691631, 0.011432069353759289, 0.011359874159097672, 0.011122106574475765, 0.011112086474895477, 0.011013282462954521, 0.010939586907625198, 0.010860222391784191, 0.010750502347946167, 0.01074186246842146, 0.010700562968850136, 0.010509645566344261, 0.01050507090985775, 0.010492421686649323, 0.010459152050316334, 0.0104445219039917, 0.010397221893072128, 0.010347836650907993, 0.010320955887436867, 0.010301770642399788, 0.010234824381768703, 0.010186867788434029, 0.010170241817831993, 0.010103507898747921, 0.010094729252159595, 0.010083717294037342, 0.010064644739031792, 0.010055562481284142, 0.009999934583902359, 0.009997584857046604, 0.009994654916226864, 0.009994554333388805, 0.009963175281882286, 0.009960848838090897, 0.009954969398677349, 0.009951872751116753, 0.00991762150079012, 0.009915083646774292, 0.009903889149427414, 0.00989316776394844, 0.009879841469228268, 0.009857532568275928, 0.009832357987761497, 0.009794416837394238, 0.009783911518752575, 0.009772105142474174, 0.009768843650817871, 0.009767141193151474, 0.009764234535396099, 0.009758859872817993, 0.009752988815307617, 0.009749315679073334, 0.009746277704834938, 0.009739900939166546, 0.009729364886879921, 0.009703150950372219, 0.009663163684308529, 0.00966281071305275, 0.009610285982489586], "selected_pred_fg_ratio": [0.028232574462890625, 0.030681610107421875, 0.03054046630859375, 0.01569366455078125, 0.052791595458984375, 0.0670318603515625, 0.033596038818359375, 0.02397918701171875, 0.07722854614257812, 0.027355194091796875, 0.040477752685546875, 0.03249359130859375, 0.0587615966796875, 0.04242706298828125, 0.047649383544921875, 0.0601959228515625, 0.045886993408203125, 0.06637191772460938, 0.016590118408203125, 0.03780364990234375, 0.035587310791015625, 0.0383148193359375, 0.029201507568359375, 0.07198333740234375, 0.02599334716796875, 0.032695770263671875, 0.037075042724609375, 0.035938262939453125, 0.054584503173828125, 0.045085906982421875, 0.04998016357421875, 0.05332183837890625, 0.027523040771484375, 0.03470611572265625, 0.02693939208984375, 0.04210662841796875, 0.045978546142578125, 0.03424835205078125, 0.03774261474609375, 0.034992218017578125, 0.054477691650390625, 0.045093536376953125, 0.027248382568359375, 0.057735443115234375, 0.041561126708984375, 0.06589889526367188, 0.05704498291015625, 0.0500030517578125, 0.04697418212890625, 0.05648040771484375, 0.044658660888671875, 0.030426025390625, 0.033267974853515625, 0.04245758056640625, 0.042705535888671875, 0.039142608642578125, 0.023052215576171875, 0.0340576171875, 0.03398895263671875, 0.027179718017578125, 0.01961517333984375, 0.044429779052734375, 0.046283721923828125, 0.0381317138671875, 0.045009613037109375, 0.035572052001953125, 0.031734466552734375, 0.04003143310546875, 0.0224609375, 0.03653717041015625, 0.048366546630859375, 0.03546142578125, 0.030910491943359375, 0.043827056884765625, 0.041164398193359375, 0.054981231689453125], "selected_pred_class_dist": [[0.9717674255371094, 0.00016021728515625, 0.010524749755859375, 0.017547607421875], [0.9693183898925781, 7.62939453125e-06, 0.01031494140625, 0.020359039306640625], [0.9694595336914062, 0.00249481201171875, 0.010158538818359375, 0.017887115478515625], [0.9843063354492188, 8.0108642578125e-05, 0.010578155517578125, 0.005035400390625], [0.9472084045410156, 0.015865325927734375, 0.008411407470703125, 0.028514862060546875], [0.9329681396484375, 0.014446258544921875, 0.026123046875, 0.026462554931640625], [0.9664039611816406, 0.0, 0.0065765380859375, 0.027019500732421875], [0.9760208129882812, 0.002208709716796875, 0.010791778564453125, 0.01097869873046875], [0.9227714538574219, 0.04183197021484375, 0.0353851318359375, 1.1444091796875e-05], [0.9726448059082031, 0.002742767333984375, 0.013347625732421875, 0.011264801025390625], [0.9595222473144531, 0.002880096435546875, 0.012737274169921875, 0.024860382080078125], [0.9675064086914062, 0.0052032470703125, 0.02081298828125, 0.00647735595703125], [0.9412384033203125, 0.0066986083984375, 0.022457122802734375, 0.029605865478515625], [0.9575729370117188, 0.01568603515625, 0.01604461669921875, 0.0106964111328125], [0.9523506164550781, 0.0205841064453125, 0.023715972900390625, 0.00334930419921875], [0.9398040771484375, 0.036815643310546875, 0.019012451171875, 0.004367828369140625], [0.9541130065917969, 0.01129913330078125, 0.01824951171875, 0.016338348388671875], [0.9336280822753906, 0.008037567138671875, 0.0473480224609375, 0.010986328125], [0.9834098815917969, 3.0517578125e-05, 0.013744354248046875, 0.00281524658203125], [0.9621963500976562, 0.009525299072265625, 0.02365875244140625, 0.004619598388671875], [0.9644126892089844, 0.0057525634765625, 0.017223358154296875, 0.01261138916015625], [0.9616851806640625, 0.001880645751953125, 0.015422821044921875, 0.0210113525390625], [0.9707984924316406, 0.00528717041015625, 0.01204681396484375, 0.011867523193359375], [0.9280166625976562, 0.014347076416015625, 0.0292816162109375, 0.028354644775390625], [0.9740066528320312, 0.0038909912109375, 0.017269134521484375, 0.004833221435546875], [0.9673042297363281, 0.0017852783203125, 0.011142730712890625, 0.01976776123046875], [0.9629249572753906, 0.00304412841796875, 0.008037567138671875, 0.02599334716796875], [0.9640617370605469, 0.0076141357421875, 0.024715423583984375, 0.00360870361328125], [0.9454154968261719, 0.00551605224609375, 0.01975250244140625, 0.029315948486328125], [0.9549140930175781, 0.00295257568359375, 0.018787384033203125, 0.023345947265625], [0.9500198364257812, 0.009380340576171875, 0.009387969970703125, 0.03121185302734375], [0.9466781616210938, 0.015537261962890625, 0.008022308349609375, 0.02976226806640625], [0.9724769592285156, 0.00017547607421875, 0.003917694091796875, 0.02342987060546875], [0.9652938842773438, 0.0071258544921875, 0.02106475830078125, 0.0065155029296875], [0.9730606079101562, 0.007404327392578125, 0.019535064697265625, 0.0], [0.9578933715820312, 0.0157470703125, 0.01668548583984375, 0.009674072265625], [0.9540214538574219, 0.007305145263671875, 0.031055450439453125, 0.007617950439453125], [0.9657516479492188, 0.001399993896484375, 0.0091094970703125, 0.023738861083984375], [0.9622573852539062, 0.000637054443359375, 0.014728546142578125, 0.02237701416015625], [0.9650077819824219, 0.017024993896484375, 0.014720916748046875, 0.003246307373046875], [0.9455223083496094, 0.007183074951171875, 0.023593902587890625, 0.023700714111328125], [0.9549064636230469, 0.005138397216796875, 0.007518768310546875, 0.032436370849609375], [0.9727516174316406, 0.012241363525390625, 0.0136566162109375, 0.00135040283203125], [0.9422645568847656, 0.0137939453125, 0.0196533203125, 0.024288177490234375], [0.9584388732910156, 0.002704620361328125, 0.007099151611328125, 0.031757354736328125], [0.9341011047363281, 0.037456512451171875, 0.024749755859375, 0.003692626953125], [0.9429550170898438, 0.024944305419921875, 0.022228240966796875, 0.0098724365234375], [0.9499969482421875, 0.011768341064453125, 0.02880859375, 0.009426116943359375], [0.9530258178710938, 0.008453369140625, 0.015064239501953125, 0.023456573486328125], [0.9435195922851562, 0.006809234619140625, 0.0193023681640625, 0.030368804931640625], [0.9553413391113281, 0.012935638427734375, 0.02631378173828125, 0.00540924072265625], [0.969573974609375, 0.0082244873046875, 0.0218353271484375, 0.0003662109375], [0.9667320251464844, 0.003078460693359375, 0.027679443359375, 0.00251007080078125], [0.9575424194335938, 0.011993408203125, 0.01517486572265625, 0.015289306640625], [0.9572944641113281, 0.009716033935546875, 0.008636474609375, 0.02435302734375], [0.9608573913574219, 0.008823394775390625, 0.015033721923828125, 0.015285491943359375], [0.9769477844238281, 0.005390167236328125, 0.012233734130859375, 0.005428314208984375], [0.9659423828125, 0.00914764404296875, 0.020397186279296875, 0.004512786865234375], [0.9660110473632812, 0.012908935546875, 0.006855010986328125, 0.014225006103515625], [0.9728202819824219, 0.001251220703125, 0.017406463623046875, 0.00852203369140625], [0.9803848266601562, 0.0057525634765625, 0.009006500244140625, 0.004856109619140625], [0.9555702209472656, 0.0065460205078125, 0.025585174560546875, 0.012298583984375], [0.9537162780761719, 0.027431488037109375, 0.01856231689453125, 0.0002899169921875], [0.9618682861328125, 0.007598876953125, 0.018222808837890625, 0.012310028076171875], [0.9549903869628906, 0.012866973876953125, 0.009998321533203125, 0.022144317626953125], [0.9644279479980469, 0.0062103271484375, 0.010955810546875, 0.018405914306640625], [0.9682655334472656, 0.000553131103515625, 0.00943756103515625, 0.0217437744140625], [0.9599685668945312, 0.012340545654296875, 0.009517669677734375, 0.0181732177734375], [0.9775390625, 0.0006561279296875, 0.010402679443359375, 0.011402130126953125], [0.9634628295898438, 0.00080108642578125, 0.0356903076171875, 4.57763671875e-05], [0.9516334533691406, 0.01224517822265625, 0.019317626953125, 0.016803741455078125], [0.96453857421875, 0.004985809326171875, 0.01720428466796875, 0.013271331787109375], [0.9690895080566406, 0.00084686279296875, 0.008266448974609375, 0.02179718017578125], [0.9561729431152344, 0.009868621826171875, 0.013019561767578125, 0.020938873291015625], [0.9588356018066406, 0.012752532958984375, 0.015132904052734375, 0.013278961181640625], [0.9450187683105469, 0.00505828857421875, 0.04030609130859375, 0.009616851806640625]], "candidate_count": 2400, "candidate_scores_path": "/groups/echambe2/gmeng/MedAL-Agent/repo/code/runs/frozen_v5/candidate_scores/ext_brats2020__P1__s2000__r2.json", "predictions_path": "", "initial_labeled_path": "/groups/echambe2/gmeng/MedAL-Agent/repo/code/runs/frozen_v5/init_sets/ext_brats2020__s2000__n25.json", "initial_labeled_ids": [], "selection_diagnostics": {}, "training": {"num_iters": 1000, "batch_size": 12, "lr": 0.001, "image_size": 512, "aspect_preserve": true, "resolution_policy": "longside_pad32", "preproc_cache": {"pool": "hit", "val": "hit"}, "train_runtime_sec": 567.4085078239441, "query_runtime_sec": 44.38096213340759, "iters": 5000, "stop_iter": 5000, "mean_loss": 0.2824686083987355, "last_loss": 0.09966153651475906, "stop_reason": "plateau", "hit_max_iters": false, "final_smooth_loss": 0.10172946631908417, "best_smooth_loss": 0.09059292979538441, "diverged": false, "loss_curve": [[1000, 0.4586972081661224], [1100, 0.4385961475968361], [1200, 0.3797072544693947], [1300, 0.3837727853655815], [1400, 0.3291374450922012], [1500, 0.29457458093762395], [1600, 0.2653269675374031], [1700, 0.24018377140164376], [1800, 0.22124921888113022], [1900, 0.21268944010138513], [2000, 0.19820840641856194], [2100, 0.185027157664299], [2200, 0.1797518862783909], [2300, 0.17000512257218361], [2400, 0.1640391517430544], [2500, 0.1591564682126045], [2600, 0.1550714785605669], [2700, 0.1504713313281536], [2800, 0.14927294217050074], [2900, 0.1372034578770399], [3000, 0.1382631304860115], [3100, 0.13349884241819382], [3200, 0.13037910990417004], [3300, 0.1275376895815134], [3400, 0.1226395983248949], [3500, 0.11569826848804951], [3600, 0.11587067112326623], [3700, 0.11857170931994915], [3800, 0.11006416961550712], [3900, 0.10899033308029175], [4000, 0.10877559639513493], [4100, 0.10225071735680104], [4200, 0.10314689360558987], [4300, 0.09913100004196167], [4400, 0.0968998771160841], [4500, 0.09059292979538441], [4600, 0.09202768541872501], [4700, 0.09069540485739708], [4800, 0.09352972626686096], [4900, 0.08924457058310509], [5000, 0.10172946631908417]]}, "ckpt_id": "ext_brats2020__P1__s2000__r2", "ckpt_path": "", "ckpt_hash": "800bd6c120067c70097e20faee877849468b84b18d01507b97fedc476584eeb2", "config_hash": "e4fae46d1c013eb7c36e2eeecfd787bd198e1e60b7f9bf7f044c146e0d2a9270", "feature_cache_keys": {}, "sam_model_type": "", "sam_checkpoint": "", "metrics": {"primary_metric": "mean_dsc_fg_case_macro", "metric_version": "v3_case_macro", "eval_scope": "case_retained_slices", "mean_dsc_fg_case_macro": 0.3475520442886215, "mean_dsc_fg": 0.3475520442886215, "mean_dsc_fg_pooled_diagnostic": 0.4604944797985775, "dsc_per_class_pooled": [0.9896810799109648, 0.44346414155724506, 0.3644259434839843, 0.5735933543545031], "dsc_per_class": [0.9896810799109648, 0.44346414155724506, 0.3644259434839843, 0.5735933543545031], "n_cases": 31, "n_eval": 500, "structure_detection_rate": 1.0, "missed_structure_rate": 0.0}, "runtime_sec": {"train": 567.4085078239441, "eval": 4.009940147399902, "select": 44.38096213340759}, "gpu_mem_mb": 9429.654528, "gpu_name": "NVIDIA H100 80GB HBM3", "gpu_total_mem_mb": 85294.972928, "foundation": {}, "notes": ""}
