{"schema_version": "v3", "run_id": "hvsmr2016__P1__s2000", "round": 0, "dataset": "hvsmr2016", "modality": "cardiac_mri", "target": "lv_blood", "dim": "3d", "query_unit": "slice", "seed": 2000, "round_seed": 2000, "component_seeds": {"model_init_seed": 1733582241, "loader_seed": 3333593949, "query_seed": 2915079519, "dropout_seed": 1768907296}, "total_rounds": 7, "budget_denominator": {"full_train_N": 5272, "requested_pool_cap": 5000, "actual_AL_pool_N": 2500, "budget_plan": [25, 50, 100, 176, 250, 375, 500], "fraction_of_AL_pool": 0.2, "fraction_of_full_train": 0.09484066767830046}, "policy_id": "P1", "policy_name": "EntropyFull", "method_version": "1.0", "is_ablation": false, "policy_config": {}, "cumulative_budget": 25, "incremental_query_count": 25, "labeled_count": 25, "labeled_ratio": 0.01, "selected_ids": ["pat21_orig_s189", "pat21_orig_s187", "pat21_orig_s186", "pat21_orig_s171", "pat21_orig_s180", "pat1_orig_s194", "pat21_orig_s158", "pat21_orig_s190", "pat4_orig_s120", "pat25_orig_s221", "pat21_orig_s182", "pat21_orig_s165", "pat55_orig_s175", "pat1_orig_s195", "pat23_orig_s169", "pat23_orig_s170", "pat55_orig_s183", "pat1_orig_s178", "pat21_orig_s163", "pat55_orig_s170", "pat21_orig_s184", "pat21_orig_s160", "pat1_orig_s174", "pat55_orig_s134", "pat21_orig_s185"], "selected_scores": [0.007732730824500322, 0.00769268162548542, 0.007223594002425671, 0.007134192623198032, 0.00711539713665843, 0.007089222781360149, 0.00707757193595171, 0.007051838096231222, 0.007042150944471359, 0.007032529450953007, 0.0070241945795714855, 0.006944037042558193, 0.006926648318767548, 0.006800559815019369, 0.006552897859364748, 0.006551919970661402, 0.006548705510795116, 0.006532144267112017, 0.006381987128406763, 0.006379498168826103, 0.006332135293632746, 0.006302742753177881, 0.006272642407566309, 0.006235587410628796, 0.006137262098491192], "selected_pred_fg_ratio": [0.044841766357421875, 0.049213409423828125, 0.05220794677734375, 0.054325103759765625, 0.06565475463867188, 0.035083770751953125, 0.045665740966796875, 0.04328155517578125, 0.05190277099609375, 0.049701690673828125, 0.06538009643554688, 0.057376861572265625, 0.04753875732421875, 0.030284881591796875, 0.051990509033203125, 0.050968170166015625, 0.042758941650390625, 0.043918609619140625, 0.0590667724609375, 0.048854827880859375, 0.05171966552734375, 0.04848480224609375, 0.041057586669921875, 0.0472259521484375, 0.050136566162109375], "selected_pred_class_dist": [[0.9551582336425781, 0.0196533203125, 0.001117706298828125, 0.003772735595703125, 0.010074615478515625, 0.006092071533203125, 0.001911163330078125, 0.001491546630859375, 0.000728607177734375], [0.9507865905761719, 0.02295684814453125, 0.001880645751953125, 0.002658843994140625, 0.008892059326171875, 0.007717132568359375, 0.003040313720703125, 0.001575469970703125, 0.000492095947265625], [0.9477920532226562, 0.02435302734375, 0.00032806396484375, 0.004215240478515625, 0.0140380859375, 0.003864288330078125, 0.003143310546875, 0.000965118408203125, 0.001300811767578125], [0.9456748962402344, 0.0279083251953125, 0.002777099609375, 0.002471923828125, 0.01256561279296875, 0.001861572265625, 0.003040313720703125, 0.002605438232421875, 0.001094818115234375], [0.9343452453613281, 0.026134490966796875, 0.00618743896484375, 0.002559661865234375, 0.024410247802734375, 0.004520416259765625, 0.000682830810546875, 0.00096893310546875, 0.00019073486328125], [0.9649162292480469, 0.015140533447265625, 0.003017425537109375, 0.0003662109375, 0.014423370361328125, 0.001811981201171875, 0.000232696533203125, 8.392333984375e-05, 7.62939453125e-06], [0.9543342590332031, 0.023174285888671875, 0.00246429443359375, 0.0013580322265625, 0.01415252685546875, 0.002498626708984375, 0.00124359130859375, 0.000164031982421875, 0.0006103515625], [0.9567184448242188, 0.017765045166015625, 0.0012359619140625, 0.002872467041015625, 0.01212310791015625, 0.004550933837890625, 0.00182342529296875, 0.0010833740234375, 0.001827239990234375], [0.9480972290039062, 0.02626800537109375, 0.002597808837890625, 0.007396697998046875, 0.006927490234375, 0.00070953369140625, 0.0037689208984375, 0.001735687255859375, 0.002498626708984375], [0.9502983093261719, 0.01738739013671875, 0.0040740966796875, 0.001987457275390625, 0.016864776611328125, 0.0021209716796875, 0.004329681396484375, 0.000835418701171875, 0.002101898193359375], [0.9346199035644531, 0.028392791748046875, 0.0017242431640625, 0.003143310546875, 0.02574920654296875, 0.002811431884765625, 0.001239776611328125, 0.001018524169921875, 0.001300811767578125], [0.9426231384277344, 0.02203369140625, 0.0026702880859375, 0.003673553466796875, 0.020915985107421875, 0.00272369384765625, 0.00371551513671875, 0.000888824462890625, 0.00075531005859375], [0.9524612426757812, 0.03218841552734375, 0.00231170654296875, 0.00102996826171875, 0.009113311767578125, 0.00128173828125, 0.00037384033203125, 0.000743865966796875, 0.00049591064453125], [0.9697151184082031, 0.01442718505859375, 0.002201080322265625, 0.00034332275390625, 0.010829925537109375, 0.001865386962890625, 0.0005035400390625, 0.000110626220703125, 3.814697265625e-06], [0.9480094909667969, 0.011798858642578125, 0.013019561767578125, 0.00440216064453125, 0.017620086669921875, 0.001514434814453125, 0.001617431640625, 0.00049591064453125, 0.001522064208984375], [0.9490318298339844, 0.010478973388671875, 0.01476287841796875, 0.005405426025390625, 0.01575469970703125, 0.001331329345703125, 0.00078582763671875, 0.000301361083984375, 0.002147674560546875], [0.9572410583496094, 0.017887115478515625, 0.00144195556640625, 0.004184722900390625, 0.010883331298828125, 0.005035400390625, 0.00045013427734375, 0.001220703125, 0.00165557861328125], [0.9560813903808594, 0.0291748046875, 0.00948333740234375, 0.00151824951171875, 0.0030364990234375, 0.000457763671875, 5.340576171875e-05, 0.000194549560546875, 0.0], [0.9409332275390625, 0.031833648681640625, 0.00135040283203125, 0.00626373291015625, 0.013515472412109375, 0.002300262451171875, 0.002277374267578125, 0.000522613525390625, 0.001003265380859375], [0.9511451721191406, 0.023548126220703125, 0.002716064453125, 0.0018463134765625, 0.013446807861328125, 0.002208709716796875, 0.00112152099609375, 0.0027313232421875, 0.0012359619140625], [0.9482803344726562, 0.0268402099609375, 0.000698089599609375, 0.0034637451171875, 0.012569427490234375, 0.00360107421875, 0.002750396728515625, 0.00092315673828125, 0.000873565673828125], [0.9515151977539062, 0.027568817138671875, 0.00061798095703125, 0.004032135009765625, 0.010906219482421875, 0.003009796142578125, 0.001049041748046875, 0.000293731689453125, 0.001007080078125], [0.9589424133300781, 0.024646759033203125, 0.0065460205078125, 0.002010345458984375, 0.006763458251953125, 0.00109100341796875, 0.0, 0.0, 0.0], [0.9527740478515625, 0.019439697265625, 0.001781463623046875, 0.00188446044921875, 0.017147064208984375, 0.002681732177734375, 0.00197601318359375, 0.00107574462890625, 0.001239776611328125], [0.9498634338378906, 0.026287078857421875, 0.000247955322265625, 0.00238037109375, 0.0140228271484375, 0.003475189208984375, 0.002410888671875, 0.000286102294921875, 0.001026153564453125]], "candidate_count": 2475, "candidate_scores_path": "/groups/echambe2/gmeng/MedAL-Agent/repo/code/runs/frozen_v5/candidate_scores/hvsmr2016__P1__s2000__r0.json", "predictions_path": "", "initial_labeled_path": "/groups/echambe2/gmeng/MedAL-Agent/repo/code/runs/frozen_v5/init_sets/hvsmr2016__s2000__n25.json", "initial_labeled_ids": ["pat10_orig_s017", "pat10_orig_s091", "pat12_orig_s045", "pat12_orig_s097", "pat16_orig_s100", "pat17_orig_s190", "pat19_orig_s122", "pat19_orig_s147", "pat1_orig_s138", "pat22_orig_s091", "pat25_orig_s252", "pat28_orig_s107", "pat35_orig_s073", "pat37_orig_s070", "pat41_orig_s132", "pat43_orig_s088", "pat53_orig_s112", "pat53_orig_s119", "pat54_orig_s112", "pat54_orig_s121", "pat55_orig_s167", "pat55_orig_s192", "pat6_orig_s020", "pat8_orig_s054", "pat9_orig_s158"], "selection_diagnostics": {}, "training": {"num_iters": 1000, "batch_size": 12, "lr": 0.001, "image_size": 512, "aspect_preserve": true, "resolution_policy": "longside_pad32", "preproc_cache": {"pool": "hit", "val": "hit"}, "train_runtime_sec": 431.48292541503906, "query_runtime_sec": 84.7902410030365, "iters": 3700, "stop_iter": 3700, "mean_loss": 0.28888435314132554, "last_loss": 0.03334958851337433, "stop_reason": "plateau", "hit_max_iters": false, "final_smooth_loss": 0.04323177020996809, "best_smooth_loss": 0.04780626475811005, "diverged": false, "loss_curve": [[1000, 0.33847681105136873], [1100, 0.26158251985907555], [1200, 0.23573376566171647], [1300, 0.22409213677048684], [1400, 0.14890067629516124], [1500, 0.11244806967675686], [1600, 0.10586273603141308], [1700, 0.0866458249092102], [1800, 0.08623645465821028], [1900, 0.07712057434022426], [2000, 0.07614332802593708], [2100, 0.07262886732816697], [2200, 0.07051767680794001], [2300, 0.06711820159107447], [2400, 0.06258860342204571], [2500, 0.05945551607757807], [2600, 0.06350476026535035], [2700, 0.060187193043529985], [2800, 0.05969500593841076], [2900, 0.05395745489746332], [3000, 0.05295656777918339], [3100, 0.05058469694107771], [3200, 0.04780626475811005], [3300, 0.04643096581101418], [3400, 0.04897579971700907], [3500, 0.06300099615007639], [3600, 0.047319321744143966], [3700, 0.04323177020996809]]}, "ckpt_id": "hvsmr2016__P1__s2000__r0", "ckpt_path": "", "ckpt_hash": "9f64ddb99475ba76fec43b45562e3f4f4fbe9a97cd86a7909ed07eefb174db60", "config_hash": "e4fae46d1c013eb7c36e2eeecfd787bd198e1e60b7f9bf7f044c146e0d2a9270", "feature_cache_keys": {}, "sam_model_type": "", "sam_checkpoint": "", "metrics": {"primary_metric": "mean_dsc_fg_case_macro", "metric_version": "v3_case_macro", "eval_scope": "case_retained_slices", "mean_dsc_fg_case_macro": 0.16800144847311024, "mean_dsc_fg": 0.16800144847311024, "mean_dsc_fg_pooled_diagnostic": 0.19707103142412785, "dsc_per_class_pooled": [0.9917181091948327, 0.31660088648906703, 0.3251371409136866, 0.12583202120930734, 0.3263197041412938, 0.28590232769104085, 0.09423181671650419, 0.015727302642776903, 0.08681705158934612], "dsc_per_class": [0.9917181091948327, 0.31660088648906703, 0.3251371409136866, 0.12583202120930734, 0.3263197041412938, 0.28590232769104085, 0.09423181671650419, 0.015727302642776903, 0.08681705158934612], "n_cases": 5, "n_eval": 500, "structure_detection_rate": 1.0, "missed_structure_rate": 0.0}, "runtime_sec": {"train": 431.48292541503906, "eval": 5.420439958572388, "select": 84.7902410030365}, "gpu_mem_mb": 9443.511808, "gpu_name": "NVIDIA H100 80GB HBM3", "gpu_total_mem_mb": 85294.972928, "foundation": {}, "notes": ""}
{"schema_version": "v3", "run_id": "hvsmr2016__P1__s2000", "round": 1, "dataset": "hvsmr2016", "modality": "cardiac_mri", "target": "lv_blood", "dim": "3d", "query_unit": "slice", "seed": 2000, "round_seed": 2001, "component_seeds": {"model_init_seed": 4092542587, "loader_seed": 4022314598, "query_seed": 1275594993, "dropout_seed": 1443935428}, "total_rounds": 7, "budget_denominator": {"full_train_N": 5272, "requested_pool_cap": 5000, "actual_AL_pool_N": 2500, "budget_plan": [25, 50, 100, 176, 250, 375, 500], "fraction_of_AL_pool": 0.2, "fraction_of_full_train": 0.09484066767830046}, "policy_id": "P1", "policy_name": "EntropyFull", "method_version": "1.0", "is_ablation": false, "policy_config": {}, "cumulative_budget": 50, "incremental_query_count": 50, "labeled_count": 50, "labeled_ratio": 0.02, "selected_ids": ["pat58_orig_s276", "pat21_orig_s146", "pat21_orig_s141", "pat21_orig_s153", "pat21_orig_s147", "pat21_orig_s145", "pat4_orig_s126", "pat58_orig_s231", "pat4_orig_s132", "pat21_orig_s143", "pat4_orig_s115", "pat21_orig_s151", "pat4_orig_s124", "pat21_orig_s142", "pat58_orig_s273", "pat21_orig_s144", "pat4_orig_s137", "pat21_orig_s130", "pat58_orig_s233", "pat58_orig_s230", "pat4_orig_s112", "pat4_orig_s129", "pat5_orig_s156", "pat21_orig_s155", "pat21_orig_s128", "pat58_orig_s250", "pat4_orig_s139", "pat55_orig_s180", "pat5_orig_s104", "pat58_orig_s234", "pat58_orig_s249", "pat21_orig_s133", "pat4_orig_s131", "pat58_orig_s252", "pat21_orig_s127", "pat4_orig_s140", "pat55_orig_s154", "pat58_orig_s279", "pat5_orig_s107", "pat58_orig_s247", "pat21_orig_s125", "pat58_orig_s253", "pat55_orig_s185", "pat58_orig_s278", "pat5_orig_s102", "pat4_orig_s154", "pat58_orig_s244", "pat5_orig_s134", "pat58_orig_s251", "pat55_orig_s186"], "selected_scores": [0.007420550566166639, 0.007336561102420092, 0.007174038793891668, 0.007160061504691839, 0.007098312024027109, 0.006814475171267986, 0.00680062361061573, 0.006461123935878277, 0.0063987779431045055, 0.006396044511348009, 0.00635524932295084, 0.006350408308207989, 0.006296408828347921, 0.006209636572748423, 0.0061987536028027534, 0.006112411618232727, 0.006052538752555847, 0.006033155135810375, 0.005986213218420744, 0.005982315633445978, 0.00597475515678525, 0.005897665861994028, 0.005816698540002108, 0.00570647232234478, 0.005665481556206942, 0.00561907235532999, 0.005612741690129042, 0.005585673730820417, 0.0055091665126383305, 0.005439458880573511, 0.005434490740299225, 0.0054300446063280106, 0.005380922928452492, 0.005378865636885166, 0.005234566982835531, 0.0051865968853235245, 0.005125601310282946, 0.005039683077484369, 0.005022093653678894, 0.004966768901795149, 0.004949516616761684, 0.004936153534799814, 0.004919711034744978, 0.004869097378104925, 0.004859066568315029, 0.004856765270233154, 0.0048423586413264275, 0.004836659878492355, 0.004833522718399763, 0.004792411811649799], "selected_pred_fg_ratio": [0.014644622802734375, 0.08911514282226562, 0.0842437744140625, 0.07952880859375, 0.0926055908203125, 0.08742141723632812, 0.09026336669921875, 0.029140472412109375, 0.07370758056640625, 0.08260345458984375, 0.07938385009765625, 0.08127212524414062, 0.07506179809570312, 0.08464813232421875, 0.0181427001953125, 0.08568572998046875, 0.06644821166992188, 0.0743560791015625, 0.0391082763671875, 0.0255889892578125, 0.08221435546875, 0.07814788818359375, 0.049106597900390625, 0.08864212036132812, 0.07269668579101562, 0.0362701416015625, 0.050708770751953125, 0.059417724609375, 0.08010482788085938, 0.03912353515625, 0.029781341552734375, 0.080169677734375, 0.07761383056640625, 0.03386688232421875, 0.07042312622070312, 0.0483856201171875, 0.059993743896484375, 0.010326385498046875, 0.0614013671875, 0.02292633056640625, 0.062091827392578125, 0.0321197509765625, 0.0501556396484375, 0.01093292236328125, 0.08960723876953125, 0.048366546630859375, 0.029052734375, 0.04177093505859375, 0.0359649658203125, 0.046291351318359375], "selected_pred_class_dist": [[0.9853553771972656, 0.002140045166015625, 0.000453948974609375, 0.007183074951171875, 0.000713348388671875, 0.0, 0.00238037109375, 0.00075531005859375, 0.001018524169921875], [0.9108848571777344, 0.01177978515625, 0.010410308837890625, 0.032444000244140625, 0.005290985107421875, 0.006427764892578125, 0.013591766357421875, 0.0020599365234375, 0.007110595703125], [0.9157562255859375, 0.01125335693359375, 0.01558685302734375, 0.034259796142578125, 0.00243377685546875, 0.00482177734375, 0.010005950927734375, 0.0020599365234375, 0.00382232666015625], [0.92047119140625, 0.019611358642578125, 0.006580352783203125, 0.019199371337890625, 0.005657196044921875, 0.012847900390625, 0.01531982421875, 0.0001373291015625, 0.00017547607421875], [0.9073944091796875, 0.008876800537109375, 0.013584136962890625, 0.032901763916015625, 0.00545501708984375, 0.00811004638671875, 0.01418304443359375, 0.002765655517578125, 0.0067291259765625], [0.9125785827636719, 0.01033782958984375, 0.01166534423828125, 0.03136444091796875, 0.006145477294921875, 0.008594512939453125, 0.01129150390625, 0.001728057861328125, 0.00629425048828125], [0.9097366333007812, 7.2479248046875e-05, 0.007503509521484375, 0.000598907470703125, 0.06613922119140625, 0.01273345947265625, 0.00121307373046875, 0.001819610595703125, 0.00018310546875], [0.9708595275878906, 0.00543975830078125, 0.00809478759765625, 0.005550384521484375, 0.007610321044921875, 0.001613616943359375, 0.000759124755859375, 0.0, 7.2479248046875e-05], [0.9262924194335938, 0.000461578369140625, 0.005489349365234375, 0.00164031982421875, 0.049037933349609375, 0.014194488525390625, 0.000270843505859375, 0.0003662109375, 0.002246856689453125], [0.9173965454101562, 0.01070404052734375, 0.013092041015625, 0.0308685302734375, 0.003814697265625, 0.002719879150390625, 0.01412200927734375, 0.002979278564453125, 0.004302978515625], [0.9206161499023438, 0.00089263916015625, 0.012470245361328125, 0.007080078125, 0.043399810791015625, 0.012908935546875, 6.866455078125e-05, 0.0012969970703125, 0.0012664794921875], [0.9187278747558594, 0.022212982177734375, 0.006256103515625, 0.017852783203125, 0.00147247314453125, 0.01879119873046875, 0.0128326416015625, 0.000911712646484375, 0.000942230224609375], [0.9249382019042969, 0.00189208984375, 0.0087738037109375, 0.004962921142578125, 0.04888916015625, 0.00699615478515625, 0.001499176025390625, 0.00045013427734375, 0.001598358154296875], [0.9153518676757812, 0.0120086669921875, 0.015071868896484375, 0.031116485595703125, 0.00252532958984375, 0.00323486328125, 0.01331329345703125, 0.00385284423828125, 0.0035247802734375], [0.9818572998046875, 0.001712799072265625, 0.0, 0.01157379150390625, 0.0, 0.0005340576171875, 0.004322052001953125, 0.0, 0.0], [0.9143142700195312, 0.009700775146484375, 0.012725830078125, 0.031147003173828125, 0.005229949951171875, 0.009258270263671875, 0.009937286376953125, 0.002231597900390625, 0.00545501708984375], [0.9335517883300781, 0.00016021728515625, 0.012420654296875, 0.004364013671875, 0.036285400390625, 0.010524749755859375, 0.00070953369140625, 0.001697540283203125, 0.000286102294921875], [0.9256439208984375, 0.0224609375, 0.00739288330078125, 0.016666412353515625, 0.01010894775390625, 0.004360198974609375, 0.006206512451171875, 0.003307342529296875, 0.00385284423828125], [0.9608917236328125, 0.004955291748046875, 0.00971221923828125, 0.005596160888671875, 0.01683807373046875, 0.000278472900390625, 0.00121307373046875, 0.000514984130859375, 0.0], [0.9744110107421875, 0.0046539306640625, 0.00811004638671875, 0.006114959716796875, 0.00531005859375, 0.0007171630859375, 0.000682830810546875, 0.0, 0.0], [0.91778564453125, 8.0108642578125e-05, 0.029964447021484375, 0.009490966796875, 0.0341949462890625, 0.00661468505859375, 0.0, 0.001399993896484375, 0.000469207763671875], [0.9218521118164062, 0.000102996826171875, 0.011959075927734375, 0.006374359130859375, 0.04784393310546875, 0.00640869140625, 0.00020599365234375, 0.003910064697265625, 0.0013427734375], [0.9508934020996094, 0.001491546630859375, 0.00043487548828125, 0.009975433349609375, 0.02490997314453125, 0.00389862060546875, 0.00049591064453125, 0.00476837158203125, 0.003131866455078125], [0.9113578796386719, 0.021869659423828125, 0.0102996826171875, 0.016963958740234375, 0.002864837646484375, 0.02329254150390625, 0.012012481689453125, 0.001338958740234375, 0.0], [0.9273033142089844, 0.030124664306640625, 0.005252838134765625, 0.008533477783203125, 0.013202667236328125, 0.006282806396484375, 0.002658843994140625, 0.003997802734375, 0.002643585205078125], [0.9637298583984375, 0.013427734375, 0.00689697265625, 0.008480072021484375, 0.00128936767578125, 0.00293731689453125, 0.001880645751953125, 0.000213623046875, 0.0011444091796875], [0.9492912292480469, 0.00213623046875, 0.00492095947265625, 0.003459930419921875, 0.0301361083984375, 0.007328033447265625, 0.000461578369140625, 0.001026153564453125, 0.001239776611328125], [0.940582275390625, 0.015018463134765625, 0.0037841796875, 0.019611358642578125, 0.001506805419921875, 0.00452423095703125, 0.0067596435546875, 0.002201080322265625, 0.006011962890625], [0.9198951721191406, 0.001522064208984375, 0.014453887939453125, 0.002819061279296875, 0.045215606689453125, 0.0009002685546875, 0.00222015380859375, 0.01094818115234375, 0.002025604248046875], [0.96087646484375, 0.003589630126953125, 0.011096954345703125, 0.00701904296875, 0.01447296142578125, 0.0008087158203125, 0.0012969970703125, 0.0008392333984375, 0.0], [0.9702186584472656, 0.00994110107421875, 0.005817413330078125, 0.007320404052734375, 0.001628875732421875, 0.001201629638671875, 0.002513885498046875, 0.00043487548828125, 0.00092315673828125], [0.919830322265625, 0.010784149169921875, 0.017425537109375, 0.027568817138671875, 0.00750732421875, 0.003528594970703125, 0.005413055419921875, 0.00392913818359375, 0.0040130615234375], [0.9223861694335938, 0.000629425048828125, 0.00598907470703125, 0.004116058349609375, 0.053562164306640625, 0.01232147216796875, 0.0, 0.000560760498046875, 0.00043487548828125], [0.9661331176757812, 0.01751708984375, 0.000476837158203125, 0.007659912109375, 0.001087188720703125, 0.003589630126953125, 0.002376556396484375, 0.0001220703125, 0.00103759765625], [0.9295768737792969, 0.027004241943359375, 0.006946563720703125, 0.0155792236328125, 0.00876617431640625, 0.006328582763671875, 0.002407073974609375, 0.00131988525390625, 0.002071380615234375], [0.9516143798828125, 0.000301361083984375, 0.0051116943359375, 0.001926422119140625, 0.03012847900390625, 0.007747650146484375, 0.00093841552734375, 0.001224517822265625, 0.001007080078125], [0.9400062561035156, 0.028289794921875, 0.001312255859375, 0.0030059814453125, 0.01776885986328125, 0.0027313232421875, 0.00116729736328125, 0.00406646728515625, 0.001651763916015625], [0.9896736145019531, 0.002948760986328125, 0.00096893310546875, 0.004322052001953125, 0.0001678466796875, 0.001007080078125, 0.00086212158203125, 0.0, 4.9591064453125e-05], [0.9385986328125, 0.004123687744140625, 0.017059326171875, 0.007869720458984375, 0.02239990234375, 0.000583648681640625, 0.001659393310546875, 0.006099700927734375, 0.001605987548828125], [0.9770736694335938, 0.01302337646484375, 0.001373291015625, 0.005245208740234375, 0.001983642578125, 0.0005340576171875, 0.0006256103515625, 3.814697265625e-06, 0.0001373291015625], [0.9379081726074219, 0.02169036865234375, 0.007080078125, 0.013317108154296875, 0.00894927978515625, 0.0034027099609375, 0.0048065185546875, 0.00096893310546875, 0.0018768310546875], [0.9678802490234375, 0.01763153076171875, 0.00046539306640625, 0.0046539306640625, 0.00115203857421875, 0.00522613525390625, 0.001811981201171875, 0.00109100341796875, 8.7738037109375e-05], [0.9498443603515625, 0.012317657470703125, 0.0012054443359375, 0.00998687744140625, 0.00518798828125, 0.0030975341796875, 0.0039825439453125, 0.00029754638671875, 0.014080047607421875], [0.9890670776367188, 0.003887176513671875, 0.000553131103515625, 0.002971649169921875, 0.00028228759765625, 0.00045013427734375, 0.00211334228515625, 0.0002288818359375, 0.000446319580078125], [0.9103927612304688, 0.00194549560546875, 0.020824432373046875, 0.006740570068359375, 0.045238494873046875, 0.000766754150390625, 0.00274658203125, 0.0105438232421875, 0.00080108642578125], [0.9516334533691406, 0.0017852783203125, 0.006866455078125, 0.004779815673828125, 0.02899932861328125, 0.001758575439453125, 0.000766754150390625, 0.0030975341796875, 0.00031280517578125], [0.970947265625, 0.011859893798828125, 0.007354736328125, 0.005779266357421875, 0.00223541259765625, 0.001560211181640625, 0.000232696533203125, 3.0517578125e-05, 0.0], [0.9582290649414062, 0.000209808349609375, 0.00690460205078125, 0.004436492919921875, 0.014522552490234375, 0.007480621337890625, 0.00144195556640625, 0.00331878662109375, 0.00345611572265625], [0.9640350341796875, 0.015277862548828125, 0.0037689208984375, 0.010417938232421875, 0.00084686279296875, 0.00325775146484375, 0.001018524169921875, 0.000133514404296875, 0.00124359130859375], [0.9537086486816406, 0.003559112548828125, 0.00399017333984375, 0.011688232421875, 0.007053375244140625, 0.00304412841796875, 0.005275726318359375, 0.0035552978515625, 0.00812530517578125]], "candidate_count": 2450, "candidate_scores_path": "/groups/echambe2/gmeng/MedAL-Agent/repo/code/runs/frozen_v5/candidate_scores/hvsmr2016__P1__s2000__r1.json", "predictions_path": "", "initial_labeled_path": "/groups/echambe2/gmeng/MedAL-Agent/repo/code/runs/frozen_v5/init_sets/hvsmr2016__s2000__n25.json", "initial_labeled_ids": [], "selection_diagnostics": {}, "training": {"num_iters": 1000, "batch_size": 12, "lr": 0.001, "image_size": 512, "aspect_preserve": true, "resolution_policy": "longside_pad32", "preproc_cache": {"pool": "hit", "val": "hit"}, "train_runtime_sec": 420.88054943084717, "query_runtime_sec": 84.08142638206482, "iters": 3600, "stop_iter": 3600, "mean_loss": 0.28679257804734837, "last_loss": 0.037791959941387177, "stop_reason": "plateau", "hit_max_iters": false, "final_smooth_loss": 0.040989811345934865, "best_smooth_loss": 0.04527455788105726, "diverged": false, "loss_curve": [[1000, 0.17628752142190934], [1100, 0.15649774223566054], [1200, 0.1279977037012577], [1300, 0.11525178231298923], [1400, 0.10273045323789119], [1500, 0.10021191291511058], [1600, 0.09329839579761029], [1700, 0.08241229198873043], [1800, 0.08963858775794506], [1900, 0.08890656027942896], [2000, 0.07881420459598303], [2100, 0.08551697708666324], [2200, 0.07137332927435637], [2300, 0.06242082353681326], [2400, 0.05986552193760872], [2500, 0.07202369585633278], [2600, 0.06613795515149831], [2700, 0.06131405655294657], [2800, 0.05319330975413322], [2900, 0.04934682451188564], [3000, 0.04821204781532287], [3100, 0.04527455788105726], [3200, 0.045081323198974135], [3300, 0.044746160469949246], [3400, 0.04626528579741716], [3500, 0.044475571736693385], [3600, 0.040989811345934865]]}, "ckpt_id": "hvsmr2016__P1__s2000__r1", "ckpt_path": "", "ckpt_hash": "173524fdc412ff3e09600f7a3df497e8e94c7bb7d2220c1306b39688b7a7cc44", "config_hash": "e4fae46d1c013eb7c36e2eeecfd787bd198e1e60b7f9bf7f044c146e0d2a9270", "feature_cache_keys": {}, "sam_model_type": "", "sam_checkpoint": "", "metrics": {"primary_metric": "mean_dsc_fg_case_macro", "metric_version": "v3_case_macro", "eval_scope": "case_retained_slices", "mean_dsc_fg_case_macro": 0.2063043472286233, "mean_dsc_fg": 0.2063043472286233, "mean_dsc_fg_pooled_diagnostic": 0.227273472663726, "dsc_per_class_pooled": [0.9919321632136229, 0.3247106943269711, 0.31682691664772195, 0.32202930367118027, 0.3158131563567784, 0.25779850742302474, 0.1347570037281923, 0.03495062258480034, 0.11130157657113884], "dsc_per_class": [0.9919321632136229, 0.3247106943269711, 0.31682691664772195, 0.32202930367118027, 0.3158131563567784, 0.25779850742302474, 0.1347570037281923, 0.03495062258480034, 0.11130157657113884], "n_cases": 5, "n_eval": 500, "structure_detection_rate": 1.0, "missed_structure_rate": 0.0}, "runtime_sec": {"train": 420.88054943084717, "eval": 5.384660720825195, "select": 84.08142638206482}, "gpu_mem_mb": 9490.906112, "gpu_name": "NVIDIA H100 80GB HBM3", "gpu_total_mem_mb": 85294.972928, "foundation": {}, "notes": ""}
