{"schema_version": "v3", "run_id": "hvsmr2016__P1__s1000", "round": 0, "dataset": "hvsmr2016", "modality": "cardiac_mri", "target": "lv_blood", "dim": "3d", "query_unit": "slice", "seed": 1000, "round_seed": 1000, "component_seeds": {"model_init_seed": 2989689681, "loader_seed": 4191542321, "query_seed": 2529548519, "dropout_seed": 3619692248}, "total_rounds": 7, "budget_denominator": {"full_train_N": 5267, "requested_pool_cap": 5000, "actual_AL_pool_N": 2500, "budget_plan": [25, 50, 100, 176, 250, 375, 500], "fraction_of_AL_pool": 0.2, "fraction_of_full_train": 0.09493070058857034}, "policy_id": "P1", "policy_name": "EntropyFull", "method_version": "1.0", "is_ablation": false, "policy_config": {}, "cumulative_budget": 25, "incremental_query_count": 25, "labeled_count": 25, "labeled_ratio": 0.01, "selected_ids": ["pat58_orig_s235", "pat58_orig_s231", "pat58_orig_s234", "pat55_orig_s158", "pat58_orig_s230", "pat58_orig_s238", "pat45_orig_s208", "pat5_orig_s146", "pat45_orig_s182", "pat58_orig_s243", "pat45_orig_s212", "pat55_orig_s157", "pat58_orig_s251", "pat58_orig_s239", "pat55_orig_s165", "pat45_orig_s214", "pat58_orig_s250", "pat45_orig_s183", "pat45_orig_s210", "pat42_orig_s236", "pat45_orig_s202", "pat42_orig_s205", "pat1_orig_s226", "pat5_orig_s148", "pat58_orig_s247"], "selected_scores": [0.01493113860487938, 0.013293302617967129, 0.013069773092865944, 0.011801310814917088, 0.01128870714455843, 0.010969782248139381, 0.010907930321991444, 0.010781703516840935, 0.01062807533890009, 0.010612037032842636, 0.010572778061032295, 0.010549780912697315, 0.010514137335121632, 0.010396542027592659, 0.009850846603512764, 0.00972713716328144, 0.009725096635520458, 0.009586689993739128, 0.009530782699584961, 0.00952962227165699, 0.009460889734327793, 0.009398761205375195, 0.00929591991007328, 0.00917194876819849, 0.009162009693682194], "selected_pred_fg_ratio": [0.037494659423828125, 0.03122711181640625, 0.03769683837890625, 0.04180908203125, 0.027828216552734375, 0.031955718994140625, 0.032054901123046875, 0.037830352783203125, 0.032047271728515625, 0.033145904541015625, 0.035091400146484375, 0.042819976806640625, 0.0299835205078125, 0.034702301025390625, 0.039943695068359375, 0.032123565673828125, 0.030117034912109375, 0.031864166259765625, 0.03719329833984375, 0.03472137451171875, 0.024936676025390625, 0.022518157958984375, 0.03011322021484375, 0.03227996826171875, 0.03064727783203125], "selected_pred_class_dist": [[0.9625053405761719, 0.002960205078125, 0.00630950927734375, 0.004871368408203125, 0.017612457275390625, 0.00144195556640625, 0.0001983642578125, 0.0019073486328125, 0.002193450927734375], [0.9687728881835938, 0.002689361572265625, 0.01023101806640625, 0.00312042236328125, 0.008609771728515625, 0.0019073486328125, 0.0, 0.00279998779296875, 0.00186920166015625], [0.9623031616210938, 0.00383758544921875, 0.00608062744140625, 0.003757476806640625, 0.017520904541015625, 0.0020904541015625, 0.00016021728515625, 0.003215789794921875, 0.001033782958984375], [0.95819091796875, 0.00225067138671875, 0.00186920166015625, 0.006366729736328125, 0.016475677490234375, 0.010746002197265625, 0.002651214599609375, 0.000720977783203125, 0.000728607177734375], [0.9721717834472656, 0.001438140869140625, 0.007869720458984375, 0.00307464599609375, 0.00873565673828125, 0.003345489501953125, 0.0, 0.00145721435546875, 0.0019073486328125], [0.9680442810058594, 0.00089263916015625, 0.003643035888671875, 0.00677490234375, 0.014217376708984375, 0.0012054443359375, 0.000400543212890625, 0.004055023193359375, 0.000766754150390625], [0.9679450988769531, 0.004180908203125, 0.000110626220703125, 0.00376129150390625, 0.0147857666015625, 0.003902435302734375, 0.00152587890625, 0.00323486328125, 0.000553131103515625], [0.9621696472167969, 0.009113311767578125, 0.0081939697265625, 0.004085540771484375, 0.004871368408203125, 0.00128936767578125, 0.00960540771484375, 0.00048828125, 0.00018310546875], [0.9679527282714844, 0.014247894287109375, 0.000133514404296875, 0.00222015380859375, 0.008358001708984375, 0.00185394287109375, 0.001537322998046875, 0.002758026123046875, 0.00093841552734375], [0.9668540954589844, 0.0018768310546875, 0.0031890869140625, 0.00743865966796875, 0.012882232666015625, 0.004360198974609375, 1.52587890625e-05, 0.00327301025390625, 0.000110626220703125], [0.9649085998535156, 0.00354766845703125, 0.001255035400390625, 0.0044097900390625, 0.01549530029296875, 0.00507354736328125, 0.002490997314453125, 0.00238800048828125, 0.000431060791015625], [0.9571800231933594, 0.00496673583984375, 0.003021240234375, 0.0068511962890625, 0.011852264404296875, 0.0120849609375, 0.0026702880859375, 0.0007781982421875, 0.0005950927734375], [0.9700164794921875, 0.0034637451171875, 0.007598876953125, 0.0027618408203125, 0.012577056884765625, 0.002056121826171875, 0.001140594482421875, 0.000385284423828125, 0.0], [0.9652976989746094, 0.000949859619140625, 0.00534820556640625, 0.006134033203125, 0.015781402587890625, 0.002285003662109375, 0.00016021728515625, 0.003711700439453125, 0.000331878662109375], [0.9600563049316406, 0.00882720947265625, 0.003864288330078125, 0.002269744873046875, 0.0133514404296875, 0.006710052490234375, 0.0026397705078125, 0.001800537109375, 0.00048065185546875], [0.9678764343261719, 0.003849029541015625, 0.000560760498046875, 0.0025787353515625, 0.013019561767578125, 0.008457183837890625, 0.001178741455078125, 0.000972747802734375, 0.001506805419921875], [0.9698829650878906, 0.002338409423828125, 0.00506591796875, 0.00408935546875, 0.014263153076171875, 0.001644134521484375, 0.001354217529296875, 0.001354217529296875, 7.62939453125e-06], [0.9681358337402344, 0.013492584228515625, 0.00055694580078125, 0.002033233642578125, 0.01039886474609375, 0.00217437744140625, 0.000896453857421875, 0.001987457275390625, 0.000324249267578125], [0.9628067016601562, 0.002559661865234375, 0.0003509521484375, 0.0055084228515625, 0.0149993896484375, 0.0056610107421875, 0.003002166748046875, 0.00426483154296875, 0.00084686279296875], [0.9652786254882812, 0.00714874267578125, 0.004604339599609375, 0.009609222412109375, 0.00557708740234375, 0.0030975341796875, 0.0006561279296875, 0.003589630126953125, 0.000438690185546875], [0.9750633239746094, 0.001617431640625, 0.001346588134765625, 0.001861572265625, 0.015155792236328125, 0.0009765625, 0.00049591064453125, 0.003482818603515625, 0.0], [0.9774818420410156, 0.001617431640625, 0.000232696533203125, 0.00717926025390625, 0.005786895751953125, 0.0014801025390625, 0.002902984619140625, 0.0016937255859375, 0.00162506103515625], [0.9698867797851562, 0.0034942626953125, 0.005527496337890625, 0.0064544677734375, 0.00513458251953125, 0.001934051513671875, 0.001834869384765625, 0.004665374755859375, 0.001068115234375], [0.9677200317382812, 0.007427215576171875, 0.01236724853515625, 0.001323699951171875, 0.00571441650390625, 0.001155853271484375, 0.004150390625, 0.000141143798828125, 0.0], [0.9693527221679688, 0.0012664794921875, 0.00226593017578125, 0.00711822509765625, 0.0142364501953125, 0.002742767333984375, 0.000179290771484375, 0.00235748291015625, 0.00048065185546875]], "candidate_count": 2475, "candidate_scores_path": "/groups/echambe2/gmeng/MedAL-Agent/repo/code/runs/frozen_v5/candidate_scores/hvsmr2016__P1__s1000__r0.json", "predictions_path": "", "initial_labeled_path": "/groups/echambe2/gmeng/MedAL-Agent/repo/code/runs/frozen_v5/init_sets/hvsmr2016__s1000__n25.json", "initial_labeled_ids": ["pat10_orig_s013", "pat10_orig_s120", "pat10_orig_s127", "pat10_orig_s180", "pat14_orig_s016", "pat22_orig_s078", "pat23_orig_s067", "pat25_orig_s246", "pat27_orig_s029", "pat31_orig_s125", "pat31_orig_s127", "pat32_orig_s126", "pat34_orig_s039", "pat3_orig_s017", "pat3_orig_s050", "pat41_orig_s077", "pat42_orig_s297", "pat50_orig_s061", "pat52_orig_s044", "pat59_orig_s037", "pat59_orig_s171", "pat6_orig_s109", "pat7_orig_s045", "pat9_orig_s033", "pat9_orig_s094"], "selection_diagnostics": {}, "training": {"num_iters": 1000, "batch_size": 12, "lr": 0.001, "image_size": 512, "aspect_preserve": true, "resolution_policy": "longside_pad32", "preproc_cache": {"pool": "hit", "val": "hit"}, "train_runtime_sec": 287.7141914367676, "query_runtime_sec": 84.56548500061035, "iters": 2400, "stop_iter": 2400, "mean_loss": 0.3934359585633501, "last_loss": 0.0806809738278389, "stop_reason": "plateau", "hit_max_iters": false, "final_smooth_loss": 0.08316553018987179, "best_smooth_loss": 0.08395811203867197, "diverged": false, "loss_curve": [[1000, 0.24400968000292778], [1100, 0.22358628869056701], [1200, 0.17463057167828083], [1300, 0.1471950539201498], [1400, 0.12899992667138577], [1500, 0.12850957699120044], [1600, 0.13466926760971545], [1700, 0.1067062808573246], [1800, 0.09749152518808842], [1900, 0.08395811203867197], [2000, 0.08213402174413204], [2100, 0.0879985722526908], [2200, 0.08163990836590529], [2300, 0.08238049246370792], [2400, 0.08316553018987179]]}, "ckpt_id": "hvsmr2016__P1__s1000__r0", "ckpt_path": "", "ckpt_hash": "18b08dc0c125a1a1f58c0ae80d0e163b3fc0da6d99901102b70eb4906268ee05", "config_hash": "e4fae46d1c013eb7c36e2eeecfd787bd198e1e60b7f9bf7f044c146e0d2a9270", "feature_cache_keys": {}, "sam_model_type": "", "sam_checkpoint": "", "metrics": {"primary_metric": "mean_dsc_fg_case_macro", "metric_version": "v3_case_macro", "eval_scope": "case_retained_slices", "mean_dsc_fg_case_macro": 0.2241268879013869, "mean_dsc_fg": 0.2241268879013869, "mean_dsc_fg_pooled_diagnostic": 0.24246093028935928, "dsc_per_class_pooled": [0.9908744221330247, 0.46169292373497756, 0.5126153867523464, 0.38979380703721744, 0.10343468047843157, 0.17929648756598124, 0.11406451817711051, 0.01113815318539728, 0.16765148538341204], "dsc_per_class": [0.9908744221330247, 0.46169292373497756, 0.5126153867523464, 0.38979380703721744, 0.10343468047843157, 0.17929648756598124, 0.11406451817711051, 0.01113815318539728, 0.16765148538341204], "n_cases": 5, "n_eval": 500, "structure_detection_rate": 1.0, "missed_structure_rate": 0.0}, "runtime_sec": {"train": 287.7141914367676, "eval": 5.245868444442749, "select": 84.56548500061035}, "gpu_mem_mb": 9443.511808, "gpu_name": "NVIDIA H100 80GB HBM3", "gpu_total_mem_mb": 85294.972928, "foundation": {}, "notes": ""}
{"schema_version": "v3", "run_id": "hvsmr2016__P1__s1000", "round": 1, "dataset": "hvsmr2016", "modality": "cardiac_mri", "target": "lv_blood", "dim": "3d", "query_unit": "slice", "seed": 1000, "round_seed": 1001, "component_seeds": {"model_init_seed": 1028625171, "loader_seed": 316625031, "query_seed": 253434028, "dropout_seed": 3317428529}, "total_rounds": 7, "budget_denominator": {"full_train_N": 5267, "requested_pool_cap": 5000, "actual_AL_pool_N": 2500, "budget_plan": [25, 50, 100, 176, 250, 375, 500], "fraction_of_AL_pool": 0.2, "fraction_of_full_train": 0.09493070058857034}, "policy_id": "P1", "policy_name": "EntropyFull", "method_version": "1.0", "is_ablation": false, "policy_config": {}, "cumulative_budget": 50, "incremental_query_count": 50, "labeled_count": 50, "labeled_ratio": 0.02, "selected_ids": ["pat55_orig_s171", "pat55_orig_s175", "pat21_orig_s178", "pat55_orig_s176", "pat4_orig_s119", "pat21_orig_s175", "pat4_orig_s120", "pat4_orig_s150", "pat21_orig_s182", "pat55_orig_s174", "pat55_orig_s169", "pat4_orig_s118", "pat21_orig_s167", "pat4_orig_s124", "pat55_orig_s189", "pat21_orig_s174", "pat4_orig_s155", "pat55_orig_s196", "pat48_orig_s229", "pat55_orig_s178", "pat55_orig_s172", "pat4_orig_s135", "pat4_orig_s111", "pat4_orig_s117", "pat4_orig_s149", "pat4_orig_s101", "pat42_orig_s256", "pat55_orig_s180", "pat1_orig_s165", "pat4_orig_s145", "pat4_orig_s134", "pat25_orig_s280", "pat4_orig_s132", "pat48_orig_s214", "pat1_orig_s155", "pat55_orig_s184", "pat21_orig_s166", "pat48_orig_s215", "pat1_orig_s156", "pat1_orig_s139", "pat55_orig_s186", "pat25_orig_s265", "pat21_orig_s152", "pat1_orig_s176", "pat45_orig_s221", "pat55_orig_s185", "pat48_orig_s211", "pat45_orig_s223", "pat21_orig_s184", "pat48_orig_s188"], "selected_scores": [0.009421437978744507, 0.008334741927683353, 0.007635073270648718, 0.007511174771934748, 0.007475831545889378, 0.007312072906643152, 0.0071237534284591675, 0.007093713153153658, 0.006968519184738398, 0.006968454457819462, 0.006942711770534515, 0.006899651605635881, 0.006894969381392002, 0.006878979969769716, 0.006757697556167841, 0.006686699576675892, 0.0066626532934606075, 0.006452126894146204, 0.006431164685636759, 0.006300670560449362, 0.006296457722783089, 0.006272760685533285, 0.006125834304839373, 0.006062545347958803, 0.00602357042953372, 0.005995290819555521, 0.005954279098659754, 0.005943346302956343, 0.005911751184612513, 0.005877475254237652, 0.005854789633303881, 0.005833671428263187, 0.005809212569147348, 0.005803199484944344, 0.005760271102190018, 0.005757665261626244, 0.005707938689738512, 0.005654368549585342, 0.005614614114165306, 0.005573777016252279, 0.005535254254937172, 0.005522505380213261, 0.00549719063565135, 0.0054900795221328735, 0.005489999894052744, 0.005485016852617264, 0.005485002417117357, 0.005460245534777641, 0.0054551586508750916, 0.005452796351164579], "selected_pred_fg_ratio": [0.05710601806640625, 0.052371978759765625, 0.024982452392578125, 0.047588348388671875, 0.048503875732421875, 0.03525543212890625, 0.048572540283203125, 0.0528717041015625, 0.03012847900390625, 0.052165985107421875, 0.061611175537109375, 0.048610687255859375, 0.031215667724609375, 0.0463409423828125, 0.03997039794921875, 0.0349273681640625, 0.055393218994140625, 0.04144287109375, 0.031177520751953125, 0.04155731201171875, 0.045200347900390625, 0.041961669921875, 0.050746917724609375, 0.05454254150390625, 0.04901123046875, 0.044158935546875, 0.0323638916015625, 0.03966522216796875, 0.02704620361328125, 0.0423736572265625, 0.036762237548828125, 0.039897918701171875, 0.036449432373046875, 0.024372100830078125, 0.028392791748046875, 0.030254364013671875, 0.034023284912109375, 0.025623321533203125, 0.0291900634765625, 0.036895751953125, 0.029903411865234375, 0.059505462646484375, 0.0405426025390625, 0.03802490234375, 0.030925750732421875, 0.02872467041015625, 0.025634765625, 0.027069091796875, 0.0279693603515625, 0.0166015625], "selected_pred_class_dist": [[0.9428939819335938, 0.016468048095703125, 0.013645172119140625, 0.00171661376953125, 0.013690948486328125, 0.008182525634765625, 0.000576019287109375, 0.0011749267578125, 0.001651763916015625], [0.9476280212402344, 0.009044647216796875, 0.0219573974609375, 0.000843048095703125, 0.005828857421875, 0.008884429931640625, 0.00420379638671875, 7.2479248046875e-05, 0.001537322998046875], [0.9750175476074219, 0.00229644775390625, 0.00800323486328125, 0.00276947021484375, 0.0015869140625, 0.005870819091796875, 0.0021209716796875, 0.00075531005859375, 0.00157928466796875], [0.9524116516113281, 0.010101318359375, 0.016788482666015625, 0.0006103515625, 0.003383636474609375, 0.00978851318359375, 0.00406646728515625, 0.000560760498046875, 0.002288818359375], [0.9514961242675781, 0.0070953369140625, 0.02276611328125, 0.001369476318359375, 0.00136566162109375, 0.00501251220703125, 0.010540008544921875, 0.000232696533203125, 0.0001220703125], [0.9647445678710938, 0.006923675537109375, 0.0129852294921875, 0.00118255615234375, 0.0040740966796875, 0.0067291259765625, 0.000736236572265625, 0.00045013427734375, 0.00217437744140625], [0.9514274597167969, 0.011753082275390625, 0.020473480224609375, 0.001956939697265625, 0.0, 0.005756378173828125, 0.008632659912109375, 0.0, 0.0], [0.9471282958984375, 0.004138946533203125, 0.032917022705078125, 0.001068115234375, 0.00399017333984375, 0.005939483642578125, 0.004817962646484375, 0.0, 0.0], [0.9698715209960938, 0.004909515380859375, 0.014095306396484375, 0.002498626708984375, 0.001312255859375, 0.004756927490234375, 0.001071929931640625, 0.0, 0.001483917236328125], [0.9478340148925781, 0.012210845947265625, 0.01847076416015625, 0.000476837158203125, 0.0066680908203125, 0.009113311767578125, 0.002277374267578125, 0.0, 0.002948760986328125], [0.9383888244628906, 0.014881134033203125, 0.01525115966796875, 0.002246856689453125, 0.02237701416015625, 0.0036773681640625, 0.002170562744140625, 6.103515625e-05, 0.000946044921875], [0.9513893127441406, 0.006145477294921875, 0.018718719482421875, 0.004924774169921875, 0.001434326171875, 0.00815582275390625, 0.008586883544921875, 0.00037384033203125, 0.000270843505859375], [0.9687843322753906, 0.00031280517578125, 0.01525115966796875, 0.004058837890625, 0.0041351318359375, 0.00463104248046875, 0.0007781982421875, 0.0002288818359375, 0.001819610595703125], [0.9536590576171875, 0.004199981689453125, 0.021625518798828125, 0.003604888916015625, 0.00345611572265625, 0.002361297607421875, 0.010555267333984375, 6.103515625e-05, 0.000476837158203125], [0.9600296020507812, 0.003505706787109375, 0.011844635009765625, 0.001773834228515625, 0.0078887939453125, 0.0126800537109375, 0.0, 7.62939453125e-05, 0.002201080322265625], [0.9650726318359375, 0.004512786865234375, 0.01495361328125, 0.001361846923828125, 0.004993438720703125, 0.00675201416015625, 0.0006103515625, 0.0001220703125, 0.001621246337890625], [0.9446067810058594, 0.00701141357421875, 0.026702880859375, 0.005588531494140625, 0.004180908203125, 0.00370025634765625, 0.007404327392578125, 0.0, 0.000804901123046875], [0.95855712890625, 0.003757476806640625, 0.009708404541015625, 0.004764556884765625, 0.00702667236328125, 0.009685516357421875, 0.0, 1.9073486328125e-05, 0.006481170654296875], [0.9688224792480469, 0.00095367431640625, 0.00989532470703125, 0.00572967529296875, 0.00078582763671875, 0.0049896240234375, 0.003765106201171875, 0.0, 0.00505828857421875], [0.9584426879882812, 0.010723114013671875, 0.01459503173828125, 0.000537872314453125, 0.00951385498046875, 0.00344085693359375, 0.002666473388671875, 0.0, 8.0108642578125e-05], [0.9547996520996094, 0.015872955322265625, 0.00839996337890625, 0.001361846923828125, 0.010547637939453125, 0.005306243896484375, 0.00148773193359375, 0.000339508056640625, 0.00188446044921875], [0.958038330078125, 0.0112152099609375, 0.009304046630859375, 0.011135101318359375, 0.00189971923828125, 0.006404876708984375, 0.002002716064453125, 0.0, 0.0], [0.9492530822753906, 0.010128021240234375, 0.020050048828125, 0.004150390625, 0.00411224365234375, 0.003772735595703125, 0.008419036865234375, 0.0, 0.00011444091796875], [0.9454574584960938, 0.011749267578125, 0.026653289794921875, 0.006542205810546875, 0.000797271728515625, 0.001617431640625, 0.00702667236328125, 0.000156402587890625, 0.0], [0.95098876953125, 0.00342559814453125, 0.02591705322265625, 0.003940582275390625, 0.0055694580078125, 0.006267547607421875, 0.00376129150390625, 0.0, 0.00012969970703125], [0.955841064453125, 0.00562286376953125, 0.027614593505859375, 0.0014801025390625, 0.00037384033203125, 0.00612640380859375, 0.002620697021484375, 0.0001983642578125, 0.0001220703125], [0.9676361083984375, 0.00070953369140625, 0.015796661376953125, 0.0, 0.0037994384765625, 0.001804351806640625, 0.00444793701171875, 0.0003814697265625, 0.00542449951171875], [0.9603347778320312, 0.003307342529296875, 0.013580322265625, 0.004566192626953125, 0.00624847412109375, 0.00907135009765625, 0.001239776611328125, 0.0, 0.001651763916015625], [0.9729537963867188, 0.0052337646484375, 0.0097503662109375, 0.0, 0.000762939453125, 0.00127410888671875, 0.003032684326171875, 0.002803802490234375, 0.00418853759765625], [0.9576263427734375, 0.008087158203125, 0.01798248291015625, 0.001148223876953125, 0.001560211181640625, 0.00926971435546875, 0.00421905517578125, 0.0, 0.0001068115234375], [0.9632377624511719, 0.004024505615234375, 0.013477325439453125, 0.006244659423828125, 0.00493621826171875, 0.004291534423828125, 0.000965118408203125, 0.00089263916015625, 0.00193023681640625], [0.9601020812988281, 0.005157470703125, 0.01152801513671875, 0.005283355712890625, 0.008159637451171875, 0.00445556640625, 0.00148773193359375, 0.0, 0.003826141357421875], [0.9635505676269531, 0.001796722412109375, 0.023677825927734375, 0.002407073974609375, 0.001068115234375, 0.004711151123046875, 0.001667022705078125, 0.0001068115234375, 0.00101470947265625], [0.9756278991699219, 0.001617431640625, 0.009853363037109375, 0.00652313232421875, 0.000217437744140625, 0.001529693603515625, 0.002170562744140625, 3.814697265625e-06, 0.0024566650390625], [0.9716072082519531, 0.00152587890625, 0.014118194580078125, 0.00051116943359375, 0.005878448486328125, 0.001743316650390625, 0.00034332275390625, 0.000102996826171875, 0.004169464111328125], [0.9697456359863281, 0.003162384033203125, 0.00396728515625, 0.001232147216796875, 0.001422882080078125, 0.015331268310546875, 0.0016021728515625, 0.00138092041015625, 0.002155303955078125], [0.9659767150878906, 0.001888275146484375, 0.01551055908203125, 0.005130767822265625, 0.002086639404296875, 0.004199981689453125, 0.000629425048828125, 0.0009765625, 0.00360107421875], [0.9743766784667969, 0.001209259033203125, 0.00926971435546875, 0.0070343017578125, 4.9591064453125e-05, 0.002223968505859375, 0.0025787353515625, 0.0, 0.00325775146484375], [0.9708099365234375, 0.003154754638671875, 0.010494232177734375, 0.000553131103515625, 0.00530242919921875, 0.0026397705078125, 0.000690460205078125, 8.7738037109375e-05, 0.006267547607421875], [0.963104248046875, 0.00064849853515625, 0.01763916015625, 0.00577545166015625, 0.004619598388671875, 0.000247955322265625, 0.00081634521484375, 0.000560760498046875, 0.006587982177734375], [0.9700965881347656, 0.003604888916015625, 0.0081329345703125, 1.52587890625e-05, 0.00244140625, 0.0146026611328125, 0.000385284423828125, 6.4849853515625e-05, 0.0006561279296875], [0.9404945373535156, 0.013153076171875, 0.005931854248046875, 0.00858306884765625, 0.0229949951171875, 0.00534820556640625, 0.00080108642578125, 0.0, 0.00269317626953125], [0.9594573974609375, 0.002307891845703125, 0.0147705078125, 0.003200531005859375, 0.00804901123046875, 0.00460052490234375, 0.006832122802734375, 0.000133514404296875, 0.00064849853515625], [0.96197509765625, 0.011615753173828125, 0.008052825927734375, 0.00164794921875, 0.003475189208984375, 0.00197601318359375, 0.002166748046875, 0.000762939453125, 0.008327484130859375], [0.9690742492675781, 0.004459381103515625, 0.0137481689453125, 0.005523681640625, 0.0005035400390625, 0.00445556640625, 0.0013275146484375, 0.0, 0.00090789794921875], [0.9712753295898438, 0.003604888916015625, 0.00534820556640625, 5.340576171875e-05, 0.00189971923828125, 0.016796112060546875, 0.000484466552734375, 0.000171661376953125, 0.0003662109375], [0.974365234375, 0.004238128662109375, 0.004764556884765625, 0.009029388427734375, 0.001247406005859375, 0.00420379638671875, 0.0013275146484375, 0.00023651123046875, 0.00058746337890625], [0.972930908203125, 0.008861541748046875, 0.002025604248046875, 0.00919342041015625, 0.000881195068359375, 0.004535675048828125, 0.0002288818359375, 0.0011138916015625, 0.0002288818359375], [0.9720306396484375, 0.000469207763671875, 0.01760101318359375, 0.001186370849609375, 0.00079345703125, 0.005615234375, 0.000213623046875, 0.000518798828125, 0.0015716552734375], [0.9833984375, 0.006603240966796875, 0.000980377197265625, 0.00446319580078125, 0.001705169677734375, 0.000701904296875, 0.0018310546875, 0.0, 0.000316619873046875]], "candidate_count": 2450, "candidate_scores_path": "/groups/echambe2/gmeng/MedAL-Agent/repo/code/runs/frozen_v5/candidate_scores/hvsmr2016__P1__s1000__r1.json", "predictions_path": "", "initial_labeled_path": "/groups/echambe2/gmeng/MedAL-Agent/repo/code/runs/frozen_v5/init_sets/hvsmr2016__s1000__n25.json", "initial_labeled_ids": [], "selection_diagnostics": {}, "training": {"num_iters": 1000, "batch_size": 12, "lr": 0.001, "image_size": 512, "aspect_preserve": true, "resolution_policy": "longside_pad32", "preproc_cache": {"pool": "hit", "val": "hit"}, "train_runtime_sec": 399.0630168914795, "query_runtime_sec": 83.95853900909424, "iters": 3400, "stop_iter": 3400, "mean_loss": 0.3116196059884832, "last_loss": 0.0562901571393013, "stop_reason": "plateau", "hit_max_iters": false, "final_smooth_loss": 0.06764541380107403, "best_smooth_loss": 0.07041624784469605, "diverged": false, "loss_curve": [[1000, 0.3024615368247032], [1100, 0.25162054821848867], [1200, 0.20363081812858583], [1300, 0.1643437647819519], [1400, 0.13428726248443126], [1500, 0.11224350087344646], [1600, 0.12586322277784348], [1700, 0.10799201369285584], [1800, 0.09785206001251937], [1900, 0.10503200568258762], [2000, 0.09395667307078838], [2100, 0.0844088004156947], [2200, 0.08572446379810572], [2300, 0.08703297082334757], [2400, 0.0886165539547801], [2500, 0.07898238770663739], [2600, 0.07800346847623586], [2700, 0.09011831656098365], [2800, 0.07788995124399661], [2900, 0.07041624784469605], [3000, 0.07230331648141146], [3100, 0.07169105041772127], [3200, 0.08632955994457006], [3300, 0.07683131635189057], [3400, 0.06764541380107403]]}, "ckpt_id": "hvsmr2016__P1__s1000__r1", "ckpt_path": "", "ckpt_hash": "cd4ba995599592932895398c71b2e7388fc65cd5e906fac0ffb8f2a0da2af3fc", "config_hash": "e4fae46d1c013eb7c36e2eeecfd787bd198e1e60b7f9bf7f044c146e0d2a9270", "feature_cache_keys": {}, "sam_model_type": "", "sam_checkpoint": "", "metrics": {"primary_metric": "mean_dsc_fg_case_macro", "metric_version": "v3_case_macro", "eval_scope": "case_retained_slices", "mean_dsc_fg_case_macro": 0.18475243978764708, "mean_dsc_fg": 0.18475243978764708, "mean_dsc_fg_pooled_diagnostic": 0.21252760833407205, "dsc_per_class_pooled": [0.9921657816061111, 0.4952860936268861, 0.5592106887056331, 0.26717363679764494, 0.09200184262804825, 0.1808745638829087, 0.06141593189882285, 7.837451260849972e-05, 0.04417973462002413], "dsc_per_class": [0.9921657816061111, 0.4952860936268861, 0.5592106887056331, 0.26717363679764494, 0.09200184262804825, 0.1808745638829087, 0.06141593189882285, 7.837451260849972e-05, 0.04417973462002413], "n_cases": 5, "n_eval": 500, "structure_detection_rate": 1.0, "missed_structure_rate": 0.0}, "runtime_sec": {"train": 399.0630168914795, "eval": 5.5028321743011475, "select": 83.95853900909424}, "gpu_mem_mb": 9490.906112, "gpu_name": "NVIDIA H100 80GB HBM3", "gpu_total_mem_mb": 85294.972928, "foundation": {}, "notes": ""}
