{"schema_version": "v3", "run_id": "hvsmr2016__P1__s3000", "round": 0, "dataset": "hvsmr2016", "modality": "cardiac_mri", "target": "lv_blood", "dim": "3d", "query_unit": "slice", "seed": 3000, "round_seed": 3000, "component_seeds": {"model_init_seed": 4268717614, "loader_seed": 3761024140, "query_seed": 1653928250, "dropout_seed": 3551934248}, "total_rounds": 7, "budget_denominator": {"full_train_N": 5177, "requested_pool_cap": 5000, "actual_AL_pool_N": 2500, "budget_plan": [25, 50, 100, 176, 250, 375, 500], "fraction_of_AL_pool": 0.2, "fraction_of_full_train": 0.09658103148541626}, "policy_id": "P1", "policy_name": "EntropyFull", "method_version": "1.0", "is_ablation": false, "policy_config": {}, "cumulative_budget": 25, "incremental_query_count": 25, "labeled_count": 25, "labeled_ratio": 0.01, "selected_ids": ["pat48_orig_s189", "pat48_orig_s188", "pat48_orig_s191", "pat1_orig_s144", "pat58_orig_s245", "pat1_orig_s226", "pat4_orig_s120", "pat58_orig_s244", "pat4_orig_s116", "pat48_orig_s183", "pat1_orig_s159", "pat4_orig_s119", "pat45_orig_s243", "pat58_orig_s246", "pat1_orig_s161", "pat4_orig_s114", "pat42_orig_s261", "pat55_orig_s157", "pat1_orig_s145", "pat4_orig_s103", "pat55_orig_s154", "pat4_orig_s124", "pat25_orig_s221", "pat55_orig_s181", "pat1_orig_s146"], "selected_scores": [0.010360730811953545, 0.010347899980843067, 0.006956169381737709, 0.006733948830515146, 0.006292307283729315, 0.006182137876749039, 0.006037114188075066, 0.005999486893415451, 0.005922487936913967, 0.005876488517969847, 0.005789887625724077, 0.005776840262115002, 0.00574666541069746, 0.005636249203234911, 0.00552010303363204, 0.0055174315348267555, 0.005429354961961508, 0.005298455711454153, 0.005253476090729237, 0.005230905953794718, 0.00516660138964653, 0.005163919180631638, 0.005118131171911955, 0.005025719758123159, 0.0050140549428761005], "selected_pred_fg_ratio": [0.017333984375, 0.015270233154296875, 0.013477325439453125, 0.02835845947265625, 0.023242950439453125, 0.01898193359375, 0.0523529052734375, 0.0235137939453125, 0.035533905029296875, 0.0086517333984375, 0.034534454345703125, 0.053440093994140625, 0.016338348388671875, 0.01978302001953125, 0.031036376953125, 0.049510955810546875, 0.025188446044921875, 0.0444183349609375, 0.026458740234375, 0.02426910400390625, 0.040767669677734375, 0.043628692626953125, 0.023181915283203125, 0.02735137939453125, 0.026958465576171875], "selected_pred_class_dist": [[0.982666015625, 0.00905609130859375, 8.7738037109375e-05, 0.001171112060546875, 0.00113677978515625, 0.00428009033203125, 0.000732421875, 0.000232696533203125, 0.000637054443359375], [0.9847297668457031, 0.008274078369140625, 0.000736236572265625, 0.00061798095703125, 0.00102996826171875, 0.003017425537109375, 0.000823974609375, 8.7738037109375e-05, 0.000682830810546875], [0.9865226745605469, 0.004009246826171875, 0.00091552734375, 0.000835418701171875, 0.00103759765625, 0.0018768310546875, 0.003368377685546875, 0.000209808349609375, 0.001224517822265625], [0.9716415405273438, 0.0147705078125, 0.003875732421875, 0.000583648681640625, 0.002429962158203125, 0.004688262939453125, 0.00032806396484375, 0.0, 0.001682281494140625], [0.9767570495605469, 0.00313568115234375, 0.010402679443359375, 0.0, 0.00243377685546875, 0.003452301025390625, 0.001857757568359375, 0.000274658203125, 0.00168609619140625], [0.98101806640625, 0.00386810302734375, 0.007923126220703125, 0.000370025634765625, 0.002376556396484375, 0.00426483154296875, 0.0001678466796875, 1.1444091796875e-05, 0.0], [0.9476470947265625, 0.004150390625, 0.011669158935546875, 0.001781463623046875, 0.003704071044921875, 0.01725006103515625, 0.009609222412109375, 0.0, 0.00418853759765625], [0.9764862060546875, 0.001964569091796875, 0.007251739501953125, 0.0, 0.006710052490234375, 0.004810333251953125, 0.001819610595703125, 0.000263214111328125, 0.00069427490234375], [0.9644660949707031, 0.0036773681640625, 0.00240325927734375, 0.00258636474609375, 0.001781463623046875, 0.012355804443359375, 0.008358001708984375, 0.00049591064453125, 0.003875732421875], [0.9913482666015625, 0.0006866455078125, 0.005016326904296875, 0.0, 0.001026153564453125, 0.000705718994140625, 0.001110076904296875, 0.0, 0.0001068115234375], [0.9654655456542969, 0.0206451416015625, 0.00299835205078125, 0.002193450927734375, 0.002956390380859375, 0.003589630126953125, 0.00077056884765625, 1.52587890625e-05, 0.00136566162109375], [0.9465599060058594, 0.00397491455078125, 0.01628875732421875, 0.001796722412109375, 0.003032684326171875, 0.01343536376953125, 0.010921478271484375, 0.0, 0.00399017333984375], [0.9836616516113281, 0.00464630126953125, 0.0027618408203125, 0.001186370849609375, 0.000743865966796875, 0.005245208740234375, 0.0012969970703125, 0.0, 0.000457763671875], [0.9802169799804688, 0.002780914306640625, 0.00742340087890625, 0.0, 0.001628875732421875, 0.003185272216796875, 0.001628875732421875, 4.9591064453125e-05, 0.003086090087890625], [0.968963623046875, 0.01696014404296875, 0.00223541259765625, 0.002521514892578125, 0.00228118896484375, 0.004726409912109375, 0.00055694580078125, 0.000484466552734375, 0.001270294189453125], [0.9504890441894531, 0.005489349365234375, 0.010776519775390625, 0.00394439697265625, 0.002529144287109375, 0.011203765869140625, 0.007472991943359375, 7.2479248046875e-05, 0.008022308349609375], [0.9748115539550781, 0.0020751953125, 0.008762359619140625, 3.814697265625e-05, 0.00272369384765625, 0.00968170166015625, 0.0017547607421875, 0.0, 0.000152587890625], [0.9555816650390625, 0.003711700439453125, 0.004947662353515625, 0.002567291259765625, 0.01056671142578125, 0.01389312744140625, 0.005435943603515625, 0.0, 0.0032958984375], [0.973541259765625, 0.016407012939453125, 0.00305938720703125, 0.0006256103515625, 0.001567840576171875, 0.003803253173828125, 0.000263214111328125, 0.0, 0.000732421875], [0.9757308959960938, 0.00262451171875, 0.00174713134765625, 0.001495361328125, 0.002460479736328125, 0.01000213623046875, 0.00301361083984375, 9.918212890625e-05, 0.002826690673828125], [0.9592323303222656, 0.00336456298828125, 0.010517120361328125, 0.001728057861328125, 0.00162506103515625, 0.015239715576171875, 0.00511932373046875, 0.000888824462890625, 0.002285003662109375], [0.9563713073730469, 0.0098114013671875, 0.00464630126953125, 0.00629425048828125, 0.003070831298828125, 0.0089569091796875, 0.009265899658203125, 0.000110626220703125, 0.00147247314453125], [0.9768180847167969, 0.006687164306640625, 0.005649566650390625, 0.002506256103515625, 0.0011444091796875, 0.00453948974609375, 0.002521514892578125, 0.0, 0.000133514404296875], [0.9726486206054688, 0.003448486328125, 0.00360107421875, 0.002307891845703125, 0.001514434814453125, 0.014301300048828125, 0.00090789794921875, 1.9073486328125e-05, 0.001251220703125], [0.9730415344238281, 0.01483154296875, 0.00417327880859375, 0.0, 0.00273895263671875, 0.004302978515625, 0.000576019287109375, 0.0, 0.000335693359375]], "candidate_count": 2475, "candidate_scores_path": "/groups/echambe2/gmeng/MedAL-Agent/repo/code/runs/frozen_v5/candidate_scores/hvsmr2016__P1__s3000__r0.json", "predictions_path": "", "initial_labeled_path": "/groups/echambe2/gmeng/MedAL-Agent/repo/code/runs/frozen_v5/init_sets/hvsmr2016__s3000__n25.json", "initial_labeled_ids": ["pat10_orig_s096", "pat11_orig_s041", "pat12_orig_s021", "pat14_orig_s088", "pat14_orig_s163", "pat17_orig_s210", "pat19_orig_s163", "pat19_orig_s175", "pat23_orig_s057", "pat23_orig_s142", "pat23_orig_s143", "pat29_orig_s141", "pat30_orig_s015", "pat38_orig_s073", "pat42_orig_s206", "pat42_orig_s302", "pat48_orig_s219", "pat48_orig_s268", "pat52_orig_s129", "pat54_orig_s039", "pat54_orig_s056", "pat54_orig_s112", "pat58_orig_s256", "pat7_orig_s063", "pat9_orig_s099"], "selection_diagnostics": {}, "training": {"num_iters": 1000, "batch_size": 12, "lr": 0.001, "image_size": 512, "aspect_preserve": true, "resolution_policy": "longside_pad32", "preproc_cache": {"pool": "hit", "val": "hit"}, "train_runtime_sec": 338.8031086921692, "query_runtime_sec": 83.96324324607849, "iters": 2900, "stop_iter": 2900, "mean_loss": 0.3232583465966685, "last_loss": 0.053355664014816284, "stop_reason": "plateau", "hit_max_iters": false, "final_smooth_loss": 0.0501415503770113, "best_smooth_loss": 0.04757773507386446, "diverged": false, "loss_curve": [[1000, 0.2432239329814911], [1100, 0.18289166331291198], [1200, 0.1376467175036669], [1300, 0.10747507065534592], [1400, 0.10876319594681264], [1500, 0.08674701102077961], [1600, 0.07551067564636468], [1700, 0.07536385603249073], [1800, 0.07395326387137174], [1900, 0.06998073972761631], [2000, 0.06269699841737747], [2100, 0.05403833407908678], [2200, 0.056019536145031454], [2300, 0.05231784798204899], [2400, 0.04757773507386446], [2500, 0.04792718071490526], [2600, 0.044412359781563285], [2700, 0.042704963311553004], [2800, 0.05442140232771635], [2900, 0.0501415503770113]]}, "ckpt_id": "hvsmr2016__P1__s3000__r0", "ckpt_path": "", "ckpt_hash": "aaaaaebd2604f044f6a723e13ed7d9a549c8cc25c9e582bb46c0fccfe7a52a4d", "config_hash": "e4fae46d1c013eb7c36e2eeecfd787bd198e1e60b7f9bf7f044c146e0d2a9270", "feature_cache_keys": {}, "sam_model_type": "", "sam_checkpoint": "", "metrics": {"primary_metric": "mean_dsc_fg_case_macro", "metric_version": "v3_case_macro", "eval_scope": "case_retained_slices", "mean_dsc_fg_case_macro": 0.07516245912516417, "mean_dsc_fg": 0.07516245912516417, "mean_dsc_fg_pooled_diagnostic": 0.10129983637291981, "dsc_per_class_pooled": [0.9906849772933702, 0.03417060769367433, 0.11283980167550009, 0.055534886489623715, 0.336199601845752, 0.15387817002713172, 0.0215787903094385, 0.0014895729890764648, 0.0947072599531616], "dsc_per_class": [0.9906849772933702, 0.03417060769367433, 0.11283980167550009, 0.055534886489623715, 0.336199601845752, 0.15387817002713172, 0.0215787903094385, 0.0014895729890764648, 0.0947072599531616], "n_cases": 5, "n_eval": 500, "structure_detection_rate": 1.0, "missed_structure_rate": 0.0}, "runtime_sec": {"train": 338.8031086921692, "eval": 5.472590446472168, "select": 83.96324324607849}, "gpu_mem_mb": 9443.511808, "gpu_name": "NVIDIA H100 80GB HBM3", "gpu_total_mem_mb": 85294.972928, "foundation": {}, "notes": ""}
{"schema_version": "v3", "run_id": "hvsmr2016__P1__s3000", "round": 1, "dataset": "hvsmr2016", "modality": "cardiac_mri", "target": "lv_blood", "dim": "3d", "query_unit": "slice", "seed": 3000, "round_seed": 3001, "component_seeds": {"model_init_seed": 1368497401, "loader_seed": 724338150, "query_seed": 2939650167, "dropout_seed": 1283938365}, "total_rounds": 7, "budget_denominator": {"full_train_N": 5177, "requested_pool_cap": 5000, "actual_AL_pool_N": 2500, "budget_plan": [25, 50, 100, 176, 250, 375, 500], "fraction_of_AL_pool": 0.2, "fraction_of_full_train": 0.09658103148541626}, "policy_id": "P1", "policy_name": "EntropyFull", "method_version": "1.0", "is_ablation": false, "policy_config": {}, "cumulative_budget": 50, "incremental_query_count": 50, "labeled_count": 50, "labeled_ratio": 0.02, "selected_ids": ["pat4_orig_s145", "pat5_orig_s157", "pat4_orig_s143", "pat4_orig_s147", "pat4_orig_s154", "pat4_orig_s132", "pat4_orig_s141", "pat5_orig_s155", "pat4_orig_s157", "pat1_orig_s180", "pat45_orig_s202", "pat45_orig_s200", "pat45_orig_s205", "pat5_orig_s154", "pat5_orig_s151", "pat5_orig_s134", "pat5_orig_s135", "pat1_orig_s181", "pat45_orig_s203", "pat4_orig_s137", "pat4_orig_s134", "pat45_orig_s196", "pat45_orig_s189", "pat45_orig_s211", "pat45_orig_s190", "pat45_orig_s201", "pat1_orig_s183", "pat45_orig_s206", "pat45_orig_s195", "pat23_orig_s183", "pat5_orig_s128", "pat4_orig_s089", "pat1_orig_s185", "pat5_orig_s127", "pat4_orig_s127", "pat5_orig_s152", "pat5_orig_s129", "pat48_orig_s244", "pat5_orig_s130", "pat5_orig_s136", "pat5_orig_s148", "pat5_orig_s131", "pat25_orig_s255", "pat1_orig_s186", "pat1_orig_s178", "pat48_orig_s248", "pat5_orig_s125", "pat45_orig_s193", "pat5_orig_s147", "pat1_orig_s170"], "selected_scores": [0.010505953803658485, 0.010286845266819, 0.010124771855771542, 0.009940274059772491, 0.009862900711596012, 0.009175695478916168, 0.008668673224747181, 0.008582287468016148, 0.008414705283939838, 0.008037641644477844, 0.008029555901885033, 0.007996538653969765, 0.007663701195269823, 0.007587329484522343, 0.007517593447118998, 0.007477717474102974, 0.007392555475234985, 0.007325396873056889, 0.0072775851003825665, 0.007245103362947702, 0.007225506007671356, 0.007039826828986406, 0.006910436321049929, 0.00687974039465189, 0.006685204338282347, 0.006682395935058594, 0.006586415693163872, 0.006532610859721899, 0.006527053192257881, 0.006483085453510284, 0.006466429214924574, 0.006449945271015167, 0.006411843467503786, 0.006361713632941246, 0.006354873534291983, 0.006346678826957941, 0.006313768681138754, 0.006278160959482193, 0.006258639041334391, 0.006233449559658766, 0.00617205398157239, 0.006146804429590702, 0.0061045861802995205, 0.0060723754577338696, 0.006070008035749197, 0.006067268550395966, 0.006055259145796299, 0.006003843620419502, 0.005970687605440617, 0.005947144702076912], "selected_pred_fg_ratio": [0.08250045776367188, 0.06349945068359375, 0.0533294677734375, 0.047954559326171875, 0.057735443115234375, 0.10489654541015625, 0.06283187866210938, 0.04769134521484375, 0.05764007568359375, 0.05503082275390625, 0.050323486328125, 0.054836273193359375, 0.052097320556640625, 0.055377960205078125, 0.040241241455078125, 0.035945892333984375, 0.050933837890625, 0.053615570068359375, 0.050495147705078125, 0.07562255859375, 0.09770584106445312, 0.0513763427734375, 0.047565460205078125, 0.045612335205078125, 0.052490234375, 0.05389404296875, 0.04864501953125, 0.053226470947265625, 0.05252838134765625, 0.058567047119140625, 0.038982391357421875, 0.0378570556640625, 0.046375274658203125, 0.040119171142578125, 0.098236083984375, 0.0439453125, 0.030170440673828125, 0.019954681396484375, 0.033130645751953125, 0.05036163330078125, 0.04128265380859375, 0.041965484619140625, 0.05097198486328125, 0.04479217529296875, 0.057384490966796875, 0.01670074462890625, 0.033740997314453125, 0.048679351806640625, 0.03885650634765625, 0.059459686279296875], "selected_pred_class_dist": [[0.9174995422363281, 0.003795623779296875, 0.022701263427734375, 0.00341796875, 0.029998779296875, 0.01454925537109375, 0.000591278076171875, 0.001804351806640625, 0.005641937255859375], [0.9365005493164062, 0.00124359130859375, 0.020450592041015625, 0.006229400634765625, 0.0193634033203125, 0.007862091064453125, 0.004901885986328125, 0.000293731689453125, 0.003154754638671875], [0.9466705322265625, 0.006870269775390625, 0.00962066650390625, 0.002155303955078125, 0.015750885009765625, 0.0128936767578125, 0.00139617919921875, 0.0025787353515625, 0.002063751220703125], [0.9520454406738281, 0.00208282470703125, 0.015918731689453125, 0.002269744873046875, 0.010772705078125, 0.013519287109375, 0.00038909912109375, 0.000621795654296875, 0.00238037109375], [0.9422645568847656, 0.00763702392578125, 0.018238067626953125, 0.00218963623046875, 0.01690673828125, 0.009563446044921875, 0.002208709716796875, 0.0003509521484375, 0.000640869140625], [0.8951034545898438, 0.006610870361328125, 0.00836181640625, 0.001373291015625, 0.06276321411132812, 0.0214385986328125, 0.00032806396484375, 0.00402069091796875, 0.0], [0.9371681213378906, 0.002201080322265625, 0.009624481201171875, 0.005535125732421875, 0.024013519287109375, 0.015842437744140625, 0.00074005126953125, 0.003559112548828125, 0.001316070556640625], [0.9523086547851562, 0.002162933349609375, 0.026958465576171875, 0.004795074462890625, 0.00450897216796875, 0.006511688232421875, 0.00167083740234375, 0.000209808349609375, 0.000873565673828125], [0.9423599243164062, 0.01166534423828125, 0.014186859130859375, 0.00247955322265625, 0.01418304443359375, 0.006145477294921875, 0.007595062255859375, 9.918212890625e-05, 0.001285552978515625], [0.9449691772460938, 0.022914886474609375, 0.01491546630859375, 0.0, 0.00836181640625, 0.00411224365234375, 0.004085540771484375, 0.000453948974609375, 0.000186920166015625], [0.949676513671875, 0.013797760009765625, 0.01029205322265625, 0.001064300537109375, 0.017719268798828125, 0.00244140625, 0.004673004150390625, 1.1444091796875e-05, 0.000324249267578125], [0.9451637268066406, 0.01668548583984375, 0.011409759521484375, 0.003864288330078125, 0.013881683349609375, 0.005336761474609375, 0.003040313720703125, 0.0, 0.00061798095703125], [0.9479026794433594, 0.020305633544921875, 0.009525299072265625, 0.0028076171875, 0.00707244873046875, 0.006404876708984375, 0.005199432373046875, 0.0, 0.000782012939453125], [0.9446220397949219, 0.002346038818359375, 0.026485443115234375, 0.00466156005859375, 0.013820648193359375, 0.00318145751953125, 0.004047393798828125, 7.62939453125e-06, 0.000827789306640625], [0.9597587585449219, 0.00042724609375, 0.01641845703125, 0.003597259521484375, 0.01071929931640625, 0.006542205810546875, 0.000980377197265625, 6.4849853515625e-05, 0.001491546630859375], [0.9640541076660156, 0.01122283935546875, 0.011455535888671875, 0.002376556396484375, 0.006206512451171875, 0.001926422119140625, 0.001434326171875, 0.0004119873046875, 0.000911712646484375], [0.949066162109375, 0.0080718994140625, 0.011890411376953125, 0.004024505615234375, 0.0192413330078125, 0.004425048828125, 0.000766754150390625, 0.0004730224609375, 0.002040863037109375], [0.9463844299316406, 0.027263641357421875, 0.01125335693359375, 0.0003509521484375, 0.007869720458984375, 0.004917144775390625, 0.0015411376953125, 0.0001220703125, 0.00029754638671875], [0.9495048522949219, 0.01294708251953125, 0.014614105224609375, 0.00386810302734375, 0.011028289794921875, 0.0025634765625, 0.00493621826171875, 0.0, 0.000537872314453125], [0.92437744140625, 0.00240325927734375, 0.007564544677734375, 0.00356292724609375, 0.037891387939453125, 0.0188140869140625, 0.000885009765625, 0.004497528076171875, 3.814697265625e-06], [0.9022941589355469, 0.005184173583984375, 0.007877349853515625, 0.001209259033203125, 0.050266265869140625, 0.025951385498046875, 0.000213623046875, 0.006038665771484375, 0.000965118408203125], [0.9486236572265625, 0.020511627197265625, 0.00310516357421875, 0.003314971923828125, 0.016391754150390625, 0.00446319580078125, 0.001789093017578125, 0.0, 0.001800537109375], [0.9524345397949219, 0.023174285888671875, 0.004795074462890625, 0.001155853271484375, 0.01212310791015625, 0.000873565673828125, 0.003505706787109375, 0.0, 0.0019378662109375], [0.9543876647949219, 0.016666412353515625, 0.0070343017578125, 0.00366973876953125, 0.01056671142578125, 0.00476837158203125, 0.00238037109375, 6.4849853515625e-05, 0.000461578369140625], [0.947509765625, 0.02165985107421875, 0.00655364990234375, 0.00167083740234375, 0.013256072998046875, 0.003627777099609375, 0.00383758544921875, 0.0001373291015625, 0.00174713134765625], [0.94610595703125, 0.013729095458984375, 0.00713348388671875, 0.003360748291015625, 0.01912689208984375, 0.004665374755859375, 0.005157470703125, 0.0, 0.000720977783203125], [0.95135498046875, 0.02295684814453125, 0.011707305908203125, 0.00048828125, 0.00644683837890625, 0.001773834228515625, 0.004352569580078125, 0.0, 0.000919342041015625], [0.9467735290527344, 0.0252685546875, 0.01198577880859375, 0.0008392333984375, 0.004405975341796875, 0.007038116455078125, 0.002323150634765625, 0.0, 0.00136566162109375], [0.9474716186523438, 0.021717071533203125, 0.004253387451171875, 0.002079010009765625, 0.017810821533203125, 0.004238128662109375, 0.002048492431640625, 0.0, 0.0003814697265625], [0.9414329528808594, 0.010402679443359375, 0.011936187744140625, 0.003509521484375, 0.03173065185546875, 1.1444091796875e-05, 0.00028228759765625, 0.0, 0.00069427490234375], [0.9610176086425781, 0.004924774169921875, 0.0060882568359375, 0.0044097900390625, 0.01779937744140625, 0.004337310791015625, 0.0004119873046875, 0.000518798828125, 0.000492095947265625], [0.9621429443359375, 0.00157928466796875, 0.007617950439453125, 0.003002166748046875, 0.015331268310546875, 0.003025054931640625, 0.000904083251953125, 0.000667572021484375, 0.00572967529296875], [0.9536247253417969, 0.014987945556640625, 0.02214813232421875, 0.000186920166015625, 0.004974365234375, 0.001491546630859375, 0.00133514404296875, 9.918212890625e-05, 0.00115203857421875], [0.9598808288574219, 0.006786346435546875, 0.00628662109375, 0.004150390625, 0.02017974853515625, 0.0016632080078125, 0.00016021728515625, 0.000102996826171875, 0.000789642333984375], [0.901763916015625, 0.00418853759765625, 0.00305938720703125, 0.007701873779296875, 0.061664581298828125, 0.0135498046875, 0.00057220458984375, 0.0072784423828125, 0.00022125244140625], [0.9560546875, 0.002590179443359375, 0.015411376953125, 0.004703521728515625, 0.009288787841796875, 0.00609588623046875, 0.002902984619140625, 0.000102996826171875, 0.002849578857421875], [0.9698295593261719, 0.002445220947265625, 0.006496429443359375, 0.0039520263671875, 0.01108551025390625, 0.003559112548828125, 0.00038909912109375, 0.00096893310546875, 0.00127410888671875], [0.9800453186035156, 0.004291534423828125, 0.004520416259765625, 0.003498077392578125, 0.003826141357421875, 0.001873016357421875, 0.00048065185546875, 0.000225067138671875, 0.001239776611328125], [0.9668693542480469, 0.005828857421875, 0.011425018310546875, 0.004425048828125, 0.006542205810546875, 0.002048492431640625, 0.0004730224609375, 0.00173187255859375, 0.0006561279296875], [0.9496383666992188, 0.005992889404296875, 0.0084686279296875, 0.004638671875, 0.02341461181640625, 0.003360748291015625, 0.0014801025390625, 0.00200653076171875, 0.00099945068359375], [0.9587173461914062, 0.001590728759765625, 0.010883331298828125, 0.00511932373046875, 0.010456085205078125, 0.009746551513671875, 0.000705718994140625, 0.000133514404296875, 0.00264739990234375], [0.9580345153808594, 0.0057373046875, 0.00971221923828125, 0.0116119384765625, 0.007160186767578125, 0.003192901611328125, 0.001262664794921875, 0.000858306884765625, 0.002429962158203125], [0.9490280151367188, 0.016109466552734375, 0.005573272705078125, 0.004016876220703125, 0.01917266845703125, 0.001590728759765625, 0.004119873046875, 0.0, 0.00038909912109375], [0.9552078247070312, 0.014614105224609375, 0.023288726806640625, 0.000545501708984375, 0.00255584716796875, 0.001209259033203125, 0.000148773193359375, 0.00022125244140625, 0.002208709716796875], [0.9426155090332031, 0.01967620849609375, 0.023258209228515625, 0.0, 0.006927490234375, 0.00472259521484375, 0.002780914306640625, 0.0, 1.9073486328125e-05], [0.9832992553710938, 0.00258636474609375, 0.002666473388671875, 0.001903533935546875, 0.001163482666015625, 0.007289886474609375, 0.00084686279296875, 0.00014495849609375, 9.918212890625e-05], [0.9662590026855469, 0.002166748046875, 0.0069580078125, 0.00494384765625, 0.015110015869140625, 0.0021209716796875, 0.000392913818359375, 0.0014801025390625, 0.000568389892578125], [0.9513206481933594, 0.016979217529296875, 0.005603790283203125, 0.00170135498046875, 0.0153961181640625, 0.00518798828125, 0.001605987548828125, 0.0, 0.00220489501953125], [0.9611434936523438, 0.00372314453125, 0.0154571533203125, 0.00402069091796875, 0.003940582275390625, 0.009021759033203125, 0.001110076904296875, 5.7220458984375e-05, 0.00152587890625], [0.9405403137207031, 0.019725799560546875, 0.022663116455078125, 0.0, 0.005496978759765625, 0.009296417236328125, 0.0021514892578125, 8.7738037109375e-05, 3.814697265625e-05]], "candidate_count": 2450, "candidate_scores_path": "/groups/echambe2/gmeng/MedAL-Agent/repo/code/runs/frozen_v5/candidate_scores/hvsmr2016__P1__s3000__r1.json", "predictions_path": "", "initial_labeled_path": "/groups/echambe2/gmeng/MedAL-Agent/repo/code/runs/frozen_v5/init_sets/hvsmr2016__s3000__n25.json", "initial_labeled_ids": [], "selection_diagnostics": {}, "training": {"num_iters": 1000, "batch_size": 12, "lr": 0.001, "image_size": 512, "aspect_preserve": true, "resolution_policy": "longside_pad32", "preproc_cache": {"pool": "hit", "val": "hit"}, "train_runtime_sec": 578.218790769577, "query_runtime_sec": 83.68691802024841, "iters": 5000, "stop_iter": 5000, "mean_loss": 0.2976886345475912, "last_loss": 0.05975554883480072, "stop_reason": "plateau_max", "hit_max_iters": true, "final_smooth_loss": 0.06986062310636043, "best_smooth_loss": 0.06568241212517023, "diverged": false, "loss_curve": [[1000, 0.49996239989995955], [1100, 0.3886611047387123], [1200, 0.34887354642152785], [1300, 0.3362830036878586], [1400, 0.303752685636282], [1500, 0.26874734833836555], [1600, 0.2585391533374786], [1700, 0.22274144142866134], [1800, 0.19437440276145934], [1900, 0.20541714236140252], [2000, 0.15809066697955132], [2100, 0.1560381006449461], [2200, 0.12418542213737965], [2300, 0.11786708310246467], [2400, 0.12485478721559047], [2500, 0.12099363885819912], [2600, 0.12037185192108155], [2700, 0.11480102732777596], [2800, 0.10766322821378708], [2900, 0.10014994610100984], [3000, 0.10054345034062863], [3100, 0.09210374385118485], [3200, 0.10442802514880896], [3300, 0.0931864557042718], [3400, 0.08583202842622996], [3500, 0.09095421709120273], [3600, 0.08482510544359684], [3700, 0.08577628437429667], [3800, 0.08417080037295818], [3900, 0.07954546187072992], [4000, 0.08014330197125673], [4100, 0.08587145160883665], [4200, 0.08367663782089949], [4300, 0.07605766247957944], [4400, 0.07093583606183529], [4500, 0.07833660770207644], [4600, 0.0681752710416913], [4700, 0.08267720095813275], [4800, 0.07189235437661409], [4900, 0.06568241212517023], [5000, 0.06986062310636043]]}, "ckpt_id": "hvsmr2016__P1__s3000__r1", "ckpt_path": "", "ckpt_hash": "b01abfb69b4eedf53252390860fce55c8636b6d36de9a3dd2f527151dcd087ac", "config_hash": "e4fae46d1c013eb7c36e2eeecfd787bd198e1e60b7f9bf7f044c146e0d2a9270", "feature_cache_keys": {}, "sam_model_type": "", "sam_checkpoint": "", "metrics": {"primary_metric": "mean_dsc_fg_case_macro", "metric_version": "v3_case_macro", "eval_scope": "case_retained_slices", "mean_dsc_fg_case_macro": 0.1277155534183897, "mean_dsc_fg": 0.1277155534183897, "mean_dsc_fg_pooled_diagnostic": 0.13791161083469405, "dsc_per_class_pooled": [0.9929425937872265, 0.19206806727587228, 0.12992028558452104, 0.16205483405483406, 0.19725290585112748, 0.15933968772165058, 0.035901992869450255, 0.02444944087910779, 0.2023056724409891], "dsc_per_class": [0.9929425937872265, 0.19206806727587228, 0.12992028558452104, 0.16205483405483406, 0.19725290585112748, 0.15933968772165058, 0.035901992869450255, 0.02444944087910779, 0.2023056724409891], "n_cases": 5, "n_eval": 500, "structure_detection_rate": 1.0, "missed_structure_rate": 0.0}, "runtime_sec": {"train": 578.218790769577, "eval": 5.2482664585113525, "select": 83.68691802024841}, "gpu_mem_mb": 9490.906112, "gpu_name": "NVIDIA H100 80GB HBM3", "gpu_total_mem_mb": 85294.972928, "foundation": {}, "notes": ""}
