{"schema_version": "v3", "run_id": "kits19__P5__s2000", "round": 0, "dataset": "kits19", "modality": "ct", "target": "kidney", "dim": "3d", "query_unit": "slice", "seed": 2000, "round_seed": 2000, "component_seeds": {"model_init_seed": 1733582241, "loader_seed": 3333593949, "query_seed": 2915079519, "dropout_seed": 1768907296}, "total_rounds": 7, "budget_denominator": {"full_train_N": 8590, "requested_pool_cap": 5000, "actual_AL_pool_N": 2500, "budget_plan": [25, 50, 100, 176, 250, 375, 500], "fraction_of_AL_pool": 0.2, "fraction_of_full_train": 0.05820721769499418}, "policy_id": "P5", "policy_name": "EntropyCoreSet", "method_version": "1.0", "is_ablation": false, "policy_config": {}, "cumulative_budget": 25, "incremental_query_count": 25, "labeled_count": 25, "labeled_ratio": 0.01, "selected_ids": ["case_00101_s301", "case_00063_s246", "case_00116_s289", "case_00103_s228", "case_00135_s210", "case_00091_s218", "case_00141_s274", "case_00071_s346", "case_00063_s285", "case_00113_s018", "case_00135_s277", "case_00068_s228", "case_00154_s276", "case_00115_s288", "case_00091_s193", "case_00063_s270", "case_00030_s022", "case_00022_s226", "case_00132_s303", "case_00027_s305", "case_00063_s313", "case_00135_s259", "case_00116_s274", "case_00101_s375", "case_00132_s330"], "selected_scores": [0.006917152553796768, 0.003813099581748247, 0.0031759869307279587, 0.004091319162398577, 0.00314697390422225, 0.002925484674051404, 0.0030773577746003866, 0.0030009918846189976, 0.004933749791234732, 0.0031273586209863424, 0.0028788095805794, 0.002925117965787649, 0.0028204270638525486, 0.0028123948723077774, 0.0029091760516166687, 0.0042435117065906525, 0.002893756842240691, 0.002859576838091016, 0.0029384044464677572, 0.0034340701531618834, 0.003499576821923256, 0.003909316845238209, 0.003059494774788618, 0.002845283132046461, 0.002827642485499382], "selected_pred_fg_ratio": [0.011722564697265625, 0.014812469482421875, 0.014537811279296875, 0.003719329833984375, 0.019123077392578125, 0.013347625732421875, 0.00421905517578125, 0.004177093505859375, 0.004932403564453125, 0.006641387939453125, 0.001064300537109375, 0.003631591796875, 0.02135467529296875, 0.012172698974609375, 0.0045013427734375, 0.0042877197265625, 0.038814544677734375, 0.015789031982421875, 0.007244110107421875, 0.02716064453125, 0.001613616943359375, 0.0044708251953125, 0.010833740234375, 0.005146026611328125, 0.01032257080078125], "selected_pred_class_dist": [[0.9882774353027344, 0.009296417236328125, 0.0024261474609375], [0.9851875305175781, 0.013744354248046875, 0.001068115234375], [0.9854621887207031, 0.014514923095703125, 2.288818359375e-05], [0.9962806701660156, 0.003719329833984375, 0.0], [0.9808769226074219, 0.019123077392578125, 0.0], [0.9866523742675781, 0.013347625732421875, 0.0], [0.9957809448242188, 0.00080108642578125, 0.00341796875], [0.9958229064941406, 0.0039825439453125, 0.000194549560546875], [0.9950675964355469, 0.0045013427734375, 0.000431060791015625], [0.9933586120605469, 0.002841949462890625, 0.0037994384765625], [0.9989356994628906, 0.001064300537109375, 0.0], [0.996368408203125, 0.003437042236328125, 0.000194549560546875], [0.9786453247070312, 0.0198516845703125, 0.00150299072265625], [0.9878273010253906, 0.012172698974609375, 0.0], [0.9954986572265625, 0.0045013427734375, 0.0], [0.9957122802734375, 0.004261016845703125, 2.6702880859375e-05], [0.9611854553222656, 0.0290374755859375, 0.009777069091796875], [0.9842109680175781, 0.0115814208984375, 0.004207611083984375], [0.9927558898925781, 0.006290435791015625, 0.00095367431640625], [0.97283935546875, 0.02716064453125, 0.0], [0.9983863830566406, 0.001338958740234375, 0.000274658203125], [0.9955291748046875, 0.002948760986328125, 0.001522064208984375], [0.989166259765625, 0.010471343994140625, 0.000362396240234375], [0.9948539733886719, 0.005146026611328125, 0.0], [0.9896774291992188, 0.01032257080078125, 0.0]], "candidate_count": 2475, "candidate_scores_path": "/groups/echambe2/gmeng/MedAL-Agent/repo/code/runs/frozen_v5/candidate_scores/kits19__P5__s2000__r0.json", "predictions_path": "", "initial_labeled_path": "/groups/echambe2/gmeng/MedAL-Agent/repo/code/runs/frozen_v5/init_sets/kits19__s2000__n25.json", "initial_labeled_ids": ["case_00001_s333", "case_00008_s122", "case_00020_s034", "case_00040_s100", "case_00066_s205", "case_00066_s220", "case_00069_s035", "case_00073_s079", "case_00083_s079", "case_00092_s028", "case_00093_s213", "case_00096_s376", "case_00098_s140", "case_00098_s145", "case_00111_s051", "case_00111_s073", "case_00116_s373", "case_00120_s191", "case_00138_s042", "case_00147_s027", "case_00150_s064", "case_00177_s026", "case_00177_s029", "case_00188_s113", "case_00193_s112"], "selection_diagnostics": {}, "training": {"num_iters": 1000, "batch_size": 12, "lr": 0.001, "image_size": 512, "aspect_preserve": true, "resolution_policy": "longside_pad32", "preproc_cache": {"pool": "hit", "val": "hit"}, "train_runtime_sec": 629.9745028018951, "query_runtime_sec": 53.150670528411865, "iters": 1600, "stop_iter": 1600, "mean_loss": 0.19727218615240416, "last_loss": 0.017191370949149132, "stop_reason": "plateau", "hit_max_iters": false, "final_smooth_loss": 0.023710708916187286, "best_smooth_loss": 0.026777077447623015, "diverged": false, "loss_curve": [[1000, 0.03355864904820919], [1100, 0.026777077447623015], [1200, 0.02827889960259199], [1300, 0.026851065773516893], [1400, 0.06164297102019191], [1500, 0.033703307155519724], [1600, 0.023710708916187286]]}, "ckpt_id": "kits19__P5__s2000__r0", "ckpt_path": "", "ckpt_hash": "24b83cf19a4cca541c742ffbb01a2b60db047d2a052ac440ef2bfe06afe5c1e6", "config_hash": "e4fae46d1c013eb7c36e2eeecfd787bd198e1e60b7f9bf7f044c146e0d2a9270", "feature_cache_keys": {"task_unet": "task_unet_bottleneck@24b83cf19a4c"}, "sam_model_type": "", "sam_checkpoint": "", "metrics": {"primary_metric": "mean_dsc_fg_case_macro", "metric_version": "v3_case_macro", "eval_scope": "case_retained_slices", "mean_dsc_fg_case_macro": 0.3399646221749001, "mean_dsc_fg": 0.3399646221749001, "mean_dsc_fg_pooled_diagnostic": 0.32611851771145706, "dsc_per_class_pooled": [0.9903259974095662, 0.5963838506769781, 0.055853184745936], "dsc_per_class": [0.9903259974095662, 0.5963838506769781, 0.055853184745936], "n_cases": 18, "n_eval": 500, "structure_detection_rate": 1.0, "missed_structure_rate": 0.0}, "runtime_sec": {"train": 629.9745028018951, "eval": 6.909053564071655, "select": 53.150670528411865}, "gpu_mem_mb": 9368.62208, "gpu_name": "NVIDIA A40", "gpu_total_mem_mb": 47960.489984, "foundation": {}, "notes": ""}
{"schema_version": "v3", "run_id": "kits19__P5__s2000", "round": 1, "dataset": "kits19", "modality": "ct", "target": "kidney", "dim": "3d", "query_unit": "slice", "seed": 2000, "round_seed": 2001, "component_seeds": {"model_init_seed": 4092542587, "loader_seed": 4022314598, "query_seed": 1275594993, "dropout_seed": 1443935428}, "total_rounds": 7, "budget_denominator": {"full_train_N": 8590, "requested_pool_cap": 5000, "actual_AL_pool_N": 2500, "budget_plan": [25, 50, 100, 176, 250, 375, 500], "fraction_of_AL_pool": 0.2, "fraction_of_full_train": 0.05820721769499418}, "policy_id": "P5", "policy_name": "EntropyCoreSet", "method_version": "1.0", "is_ablation": false, "policy_config": {}, "cumulative_budget": 50, "incremental_query_count": 50, "labeled_count": 50, "labeled_ratio": 0.02, "selected_ids": ["case_00178_s038", "case_00178_s027", "case_00160_s183", "case_00178_s016", "case_00056_s032", "case_00009_s060", "case_00160_s144", "case_00093_s200", "case_00156_s326", "case_00051_s052", "case_00151_s295", "case_00151_s173", "case_00115_s331", "case_00178_s035", "case_00176_s045", "case_00177_s035", "case_00008_s138", "case_00005_s285", "case_00065_s057", "case_00103_s257", "case_00049_s275", "case_00141_s321", "case_00141_s355", "case_00062_s045", "case_00055_s024", "case_00091_s304", "case_00001_s212", "case_00016_s090", "case_00005_s266", "case_00034_s033", "case_00154_s291", "case_00086_s045", "case_00150_s033", "case_00062_s033", "case_00182_s034", "case_00001_s281", "case_00005_s262", "case_00160_s190", "case_00011_s022", "case_00091_s258", "case_00037_s044", "case_00001_s266", "case_00120_s153", "case_00154_s315", "case_00030_s025", "case_00071_s307", "case_00022_s211", "case_00062_s035", "case_00086_s037", "case_00001_s230"], "selected_scores": [0.005645557306706905, 0.005993903614580631, 0.004366699606180191, 0.0038162763230502605, 0.003976856824010611, 0.00401687528938055, 0.0038917632773518562, 0.004293670412153006, 0.0038786157965660095, 0.0041189659386873245, 0.004280155524611473, 0.003957360051572323, 0.004311882890760899, 0.007132569327950478, 0.003872330766171217, 0.003815848147496581, 0.003789712907746434, 0.003715755883604288, 0.004101583268493414, 0.0042734043672680855, 0.004635402467101812, 0.003978171851485968, 0.003961269278079271, 0.005161011591553688, 0.003859122283756733, 0.004706744570285082, 0.0037155430763959885, 0.0039194622077047825, 0.004113512113690376, 0.0037454324774444103, 0.0039927284233272076, 0.004206253681331873, 0.004514963366091251, 0.0037543070502579212, 0.0038088499568402767, 0.004043448716402054, 0.0055888621136546135, 0.00508811604231596, 0.004649296402931213, 0.004299257416278124, 0.004271837882697582, 0.004925576038658619, 0.0037188089918345213, 0.0038910398725420237, 0.003984346054494381, 0.005481655243784189, 0.004818915389478207, 0.003927495330572128, 0.00424007885158062, 0.004182644188404083], "selected_pred_fg_ratio": [0.06571197509765625, 0.07024765014648438, 0.025188446044921875, 0.019161224365234375, 0.05937957763671875, 0.028270721435546875, 0.039241790771484375, 0.010463714599609375, 0.016101837158203125, 0.028720855712890625, 0.006866455078125, 0.015350341796875, 0.03594207763671875, 0.06121063232421875, 0.03783416748046875, 0.03343963623046875, 0.024837493896484375, 0.015625, 0.032352447509765625, 0.032917022705078125, 0.028362274169921875, 0.06592559814453125, 0.06612014770507812, 0.047832489013671875, 0.030948638916015625, 0.0289154052734375, 0.01686859130859375, 0.019893646240234375, 0.01596832275390625, 0.037017822265625, 0.0218048095703125, 0.047916412353515625, 0.0397186279296875, 0.040958404541015625, 0.05112457275390625, 0.04500579833984375, 0.022747039794921875, 0.01485443115234375, 0.034732818603515625, 0.026927947998046875, 0.036548614501953125, 0.043331146240234375, 0.032215118408203125, 0.03311920166015625, 0.09608840942382812, 0.0153350830078125, 0.011157989501953125, 0.048122406005859375, 0.021915435791015625, 0.017974853515625], "selected_pred_class_dist": [[0.9342880249023438, 0.06412506103515625, 0.0015869140625], [0.9297523498535156, 0.035022735595703125, 0.03522491455078125], [0.9748115539550781, 0.023624420166015625, 0.00156402587890625], [0.9808387756347656, 0.011714935302734375, 0.0074462890625], [0.9406204223632812, 0.027187347412109375, 0.032192230224609375], [0.9717292785644531, 0.028270721435546875, 0.0], [0.9607582092285156, 0.03064727783203125, 0.008594512939453125], [0.9895362854003906, 0.00745391845703125, 0.003009796142578125], [0.9838981628417969, 0.016101837158203125, 0.0], [0.9712791442871094, 0.026493072509765625, 0.002227783203125], [0.993133544921875, 0.006622314453125, 0.000244140625], [0.984649658203125, 0.015350341796875, 0.0], [0.9640579223632812, 0.035858154296875, 8.392333984375e-05], [0.9387893676757812, 0.05242919921875, 0.00878143310546875], [0.9621658325195312, 0.036754608154296875, 0.001079559326171875], [0.9665603637695312, 0.0316162109375, 0.00182342529296875], [0.9751625061035156, 0.00992584228515625, 0.014911651611328125], [0.984375, 0.015514373779296875, 0.000110626220703125], [0.9676475524902344, 0.024753570556640625, 0.007598876953125], [0.9670829772949219, 0.03275299072265625, 0.000164031982421875], [0.9716377258300781, 0.02691650390625, 0.001445770263671875], [0.9340744018554688, 0.06592559814453125, 0.0], [0.9338798522949219, 0.06612014770507812, 0.0], [0.9521675109863281, 0.04177093505859375, 0.006061553955078125], [0.9690513610839844, 0.025421142578125, 0.005527496337890625], [0.9710845947265625, 0.0289154052734375, 0.0], [0.9831314086914062, 0.011013031005859375, 0.005855560302734375], [0.9801063537597656, 0.0121307373046875, 0.007762908935546875], [0.9840316772460938, 0.00849151611328125, 0.007476806640625], [0.962982177734375, 0.02564239501953125, 0.01137542724609375], [0.9781951904296875, 0.019695281982421875, 0.002109527587890625], [0.9520835876464844, 0.032352447509765625, 0.01556396484375], [0.9602813720703125, 0.034637451171875, 0.0050811767578125], [0.9590415954589844, 0.032012939453125, 0.008945465087890625], [0.9488754272460938, 0.0472412109375, 0.00388336181640625], [0.9549942016601562, 0.04500579833984375, 0.0], [0.9772529602050781, 0.019496917724609375, 0.0032501220703125], [0.9851455688476562, 0.01457977294921875, 0.000274658203125], [0.9652671813964844, 0.02463531494140625, 0.010097503662109375], [0.9730720520019531, 0.021015167236328125, 0.00591278076171875], [0.9634513854980469, 0.03336334228515625, 0.003185272216796875], [0.9566688537597656, 0.043331146240234375, 0.0], [0.9677848815917969, 0.029476165771484375, 0.00273895263671875], [0.9668807983398438, 0.0306854248046875, 0.00243377685546875], [0.9039115905761719, 0.0339508056640625, 0.062137603759765625], [0.9846649169921875, 0.011890411376953125, 0.003444671630859375], [0.9888420104980469, 0.008075714111328125, 0.003082275390625], [0.9518775939941406, 0.03710174560546875, 0.011020660400390625], [0.9780845642089844, 0.016780853271484375, 0.00513458251953125], [0.982025146484375, 0.017910003662109375, 6.4849853515625e-05]], "candidate_count": 2450, "candidate_scores_path": "/groups/echambe2/gmeng/MedAL-Agent/repo/code/runs/frozen_v5/candidate_scores/kits19__P5__s2000__r1.json", "predictions_path": "", "initial_labeled_path": "/groups/echambe2/gmeng/MedAL-Agent/repo/code/runs/frozen_v5/init_sets/kits19__s2000__n25.json", "initial_labeled_ids": [], "selection_diagnostics": {}, "training": {"num_iters": 1000, "batch_size": 12, "lr": 0.001, "image_size": 512, "aspect_preserve": true, "resolution_policy": "longside_pad32", "preproc_cache": {"pool": "hit", "val": "hit"}, "train_runtime_sec": 986.3596034049988, "query_runtime_sec": 58.71950101852417, "iters": 2500, "stop_iter": 2500, "mean_loss": 0.27015237823426724, "last_loss": 0.03487706929445267, "stop_reason": "plateau", "hit_max_iters": false, "final_smooth_loss": 0.09669516772031785, "best_smooth_loss": 0.04351387064903975, "diverged": false, "loss_curve": [[1000, 0.1464467963948846], [1100, 0.10996423006057739], [1200, 0.10910354278981686], [1300, 0.07326812636107206], [1400, 0.07789799667894841], [1500, 0.10373536288738251], [1600, 0.07027219664305448], [1700, 0.06499981347471476], [1800, 0.05411212868988514], [1900, 0.05344854284077883], [2000, 0.04351387064903975], [2100, 0.05258260346949101], [2200, 0.04913353256881237], [2300, 0.05693159691989422], [2400, 0.06961803533136844], [2500, 0.09669516772031785]]}, "ckpt_id": "kits19__P5__s2000__r1", "ckpt_path": "", "ckpt_hash": "64ee0c7dbbff30a7394f5f13eae8062ebc92c42f31b16fced994581c9e31664f", "config_hash": "e4fae46d1c013eb7c36e2eeecfd787bd198e1e60b7f9bf7f044c146e0d2a9270", "feature_cache_keys": {"task_unet": "task_unet_bottleneck@64ee0c7dbbff"}, "sam_model_type": "", "sam_checkpoint": "", "metrics": {"primary_metric": "mean_dsc_fg_case_macro", "metric_version": "v3_case_macro", "eval_scope": "case_retained_slices", "mean_dsc_fg_case_macro": 0.41280352757078204, "mean_dsc_fg": 0.41280352757078204, "mean_dsc_fg_pooled_diagnostic": 0.43380310511082953, "dsc_per_class_pooled": [0.9907496250094467, 0.706166639437948, 0.16143957078371102], "dsc_per_class": [0.9907496250094467, 0.706166639437948, 0.16143957078371102], "n_cases": 18, "n_eval": 500, "structure_detection_rate": 1.0, "missed_structure_rate": 0.0}, "runtime_sec": {"train": 986.3596034049988, "eval": 8.104712724685669, "select": 58.71950101852417}, "gpu_mem_mb": 9417.150464, "gpu_name": "NVIDIA A40", "gpu_total_mem_mb": 47960.489984, "foundation": {}, "notes": ""}
{"schema_version": "v3", "run_id": "kits19__P5__s2000", "round": 2, "dataset": "kits19", "modality": "ct", "target": "kidney", "dim": "3d", "query_unit": "slice", "seed": 2000, "round_seed": 2002, "component_seeds": {"model_init_seed": 1225426498, "loader_seed": 1158739311, "query_seed": 3667345588, "dropout_seed": 1372419812}, "total_rounds": 7, "budget_denominator": {"full_train_N": 8590, "requested_pool_cap": 5000, "actual_AL_pool_N": 2500, "budget_plan": [25, 50, 100, 176, 250, 375, 500], "fraction_of_AL_pool": 0.2, "fraction_of_full_train": 0.05820721769499418}, "policy_id": "P5", "policy_name": "EntropyCoreSet", "method_version": "1.0", "is_ablation": false, "policy_config": {}, "cumulative_budget": 100, "incremental_query_count": 76, "labeled_count": 100, "labeled_ratio": 0.04, "selected_ids": ["case_00151_s260", "case_00115_s240", "case_00009_s027", "case_00156_s310", "case_00160_s115", "case_00002_s116", "case_00113_s029", "case_00042_s149", "case_00057_s048", "case_00027_s259", "case_00001_s252", "case_00172_s036", "case_00199_s047", "case_00145_s044", "case_00115_s251", "case_00016_s045", "case_00160_s130", "case_00115_s236", "case_00093_s237", "case_00203_s329", "case_00188_s169", "case_00098_s105", "case_00048_s030", "case_00130_s029", "case_00199_s074", "case_00102_s102", "case_00042_s215", "case_00008_s157", "case_00188_s160", "case_00116_s336", "case_00039_s018", "case_00005_s279", "case_00163_s029", "case_00092_s039", "case_00115_s276", "case_00012_s013", "case_00005_s325", "case_00198_s141", "case_00001_s222", "case_00183_s079", "case_00144_s062", "case_00183_s118", "case_00061_s016", "case_00102_s161", "case_00008_s152", "case_00205_s022", "case_00037_s041", "case_00119_s023", "case_00130_s010", "case_00125_s056", "case_00124_s138", "case_00115_s259", "case_00026_s161", "case_00184_s067", "case_00149_s044", "case_00157_s322", "case_00135_s267", "case_00008_s135", "case_00001_s272", "case_00027_s271", "case_00113_s038", "case_00102_s124", "case_00030_s030", "case_00144_s056", "case_00116_s362", "case_00140_s105", "case_00097_s021", "case_00068_s304", "case_00192_s070", "case_00207_s076", "case_00096_s278", "case_00098_s166", "case_00122_s028", "case_00042_s193", "case_00036_s029", "case_00198_s123"], "selected_scores": [0.0031837946735322475, 0.004798807203769684, 0.002920504193753004, 0.003163854591548443, 0.005311138927936554, 0.003647193079814315, 0.0045596822164952755, 0.0040346249006688595, 0.002971203997731209, 0.003509730100631714, 0.0030755114275962114, 0.0032391224522143602, 0.0034206234849989414, 0.002981234109029174, 0.004061921499669552, 0.002976984716951847, 0.005392367020249367, 0.004053319804370403, 0.003019282128661871, 0.0028982036747038364, 0.0030033839866518974, 0.002910786075517535, 0.0029073108453303576, 0.0032551444601267576, 0.003251793794333935, 0.0037090512923896313, 0.004339868202805519, 0.003550733206793666, 0.0028968979604542255, 0.004072473384439945, 0.0030922596342861652, 0.0031736025121062994, 0.002951226430013776, 0.003829787950962782, 0.00316209951415658, 0.004204961471259594, 0.0028830338269472122, 0.0034594086464494467, 0.0032977017108350992, 0.003087127348408103, 0.0033631278201937675, 0.002873731777071953, 0.004554947838187218, 0.003541653510183096, 0.00351432291790843, 0.004011128097772598, 0.0030312011949718, 0.0036034993827342987, 0.003322072559967637, 0.0029208683408796787, 0.002942040329799056, 0.0029656365513801575, 0.002984900027513504, 0.00330164423212409, 0.0038875890895724297, 0.002920896979048848, 0.0028939940966665745, 0.003795912256464362, 0.003846448613330722, 0.0028637053910642862, 0.0034388680942356586, 0.004475656896829605, 0.0028665941208601, 0.0029079713858664036, 0.0031778025440871716, 0.0030063744634389877, 0.0036143003962934017, 0.004149505868554115, 0.0034802453592419624, 0.003113310318440199, 0.00312126986682415, 0.003490376053377986, 0.003796250792220235, 0.004398012533783913, 0.0036036414094269276, 0.004094513598829508], "selected_pred_fg_ratio": [0.009960174560546875, 0.013729095458984375, 0.018596649169921875, 0.00865936279296875, 0.031581878662109375, 0.027637481689453125, 0.02313232421875, 0.0449981689453125, 0.02974700927734375, 0.005390167236328125, 0.034824371337890625, 0.061260223388671875, 0.025482177734375, 0.0102081298828125, 0.0210723876953125, 0.0135040283203125, 0.027179718017578125, 0.0142364501953125, 0.035205841064453125, 0.01934051513671875, 0.01992034912109375, 0.025592803955078125, 0.011829376220703125, 0.022541046142578125, 0.048736572265625, 0.0137939453125, 0.05162811279296875, 0.030487060546875, 0.047710418701171875, 0.02158355712890625, 0.011837005615234375, 0.00893402099609375, 0.034397125244140625, 0.05316162109375, 0.047519683837890625, 0.023105621337890625, 0.006378173828125, 0.04204559326171875, 0.018291473388671875, 0.02980804443359375, 0.0294952392578125, 0.040592193603515625, 0.035037994384765625, 0.029674530029296875, 0.027362823486328125, 0.015094757080078125, 0.0487060546875, 0.05187225341796875, 0.024646759033203125, 0.029972076416015625, 0.04598236083984375, 0.024784088134765625, 0.0406036376953125, 0.041015625, 0.02225494384765625, 0.0587310791015625, 0.03989410400390625, 0.06175994873046875, 0.050441741943359375, 0.006435394287109375, 0.033794403076171875, 0.020633697509765625, 0.05764007568359375, 0.01471710205078125, 0.021747589111328125, 0.0205230712890625, 0.02025604248046875, 0.061023712158203125, 0.058704376220703125, 0.029697418212890625, 0.0208740234375, 0.02984619140625, 0.052425384521484375, 0.05425262451171875, 0.0074310302734375, 0.018321990966796875], "selected_pred_class_dist": [[0.9900398254394531, 0.009960174560546875, 0.0], [0.9862709045410156, 0.013729095458984375, 0.0], [0.9814033508300781, 0.018596649169921875, 0.0], [0.9913406372070312, 0.00865936279296875, 0.0], [0.9684181213378906, 0.0245361328125, 0.007045745849609375], [0.9723625183105469, 0.027637481689453125, 0.0], [0.97686767578125, 0.010524749755859375, 0.012607574462890625], [0.9550018310546875, 0.035648345947265625, 0.009349822998046875], [0.9702529907226562, 0.02657318115234375, 0.003173828125], [0.9946098327636719, 0.005390167236328125, 0.0], [0.9651756286621094, 0.034824371337890625, 0.0], [0.9387397766113281, 0.020107269287109375, 0.0411529541015625], [0.974517822265625, 0.01892852783203125, 0.00655364990234375], [0.9897918701171875, 0.0102081298828125, 0.0], [0.9789276123046875, 0.0210723876953125, 0.0], [0.9864959716796875, 0.011829376220703125, 0.001674652099609375], [0.9728202819824219, 0.020397186279296875, 0.00678253173828125], [0.9857635498046875, 0.01337432861328125, 0.00086212158203125], [0.9647941589355469, 0.035205841064453125, 0.0], [0.9806594848632812, 0.013919830322265625, 0.005420684814453125], [0.9800796508789062, 0.013431549072265625, 0.006488800048828125], [0.9744071960449219, 0.025592803955078125, 0.0], [0.9881706237792969, 0.011829376220703125, 0.0], [0.9774589538574219, 0.020153045654296875, 0.00238800048828125], [0.951263427734375, 0.04709625244140625, 0.00164031982421875], [0.9862060546875, 0.006168365478515625, 0.007625579833984375], [0.9483718872070312, 0.0098419189453125, 0.04178619384765625], [0.969512939453125, 0.02211761474609375, 0.00836944580078125], [0.9522895812988281, 0.029117584228515625, 0.01859283447265625], [0.9784164428710938, 0.0214080810546875, 0.00017547607421875], [0.9881629943847656, 0.003582000732421875, 0.0082550048828125], [0.9910659790039062, 0.00893402099609375, 0.0], [0.9656028747558594, 0.034397125244140625, 0.0], [0.94683837890625, 0.035923004150390625, 0.017238616943359375], [0.9524803161621094, 0.047519683837890625, 0.0], [0.9768943786621094, 0.0125274658203125, 0.010578155517578125], [0.993621826171875, 0.006378173828125, 0.0], [0.9579544067382812, 0.04204559326171875, 0.0], [0.9817085266113281, 0.01812744140625, 0.000164031982421875], [0.9701919555664062, 0.013641357421875, 0.01616668701171875], [0.9705047607421875, 0.006572723388671875, 0.022922515869140625], [0.9594078063964844, 0.034626007080078125, 0.0059661865234375], [0.9649620056152344, 0.026264190673828125, 0.0087738037109375], [0.9703254699707031, 0.020534515380859375, 0.0091400146484375], [0.9726371765136719, 0.018444061279296875, 0.00891876220703125], [0.9849052429199219, 0.005954742431640625, 0.0091400146484375], [0.9512939453125, 0.018367767333984375, 0.030338287353515625], [0.9481277465820312, 0.02988433837890625, 0.0219879150390625], [0.9753532409667969, 0.023319244384765625, 0.0013275146484375], [0.9700279235839844, 0.029972076416015625, 0.0], [0.9540176391601562, 0.04598236083984375, 0.0], [0.9752159118652344, 0.024784088134765625, 0.0], [0.9593963623046875, 0.03841400146484375, 0.00218963623046875], [0.958984375, 0.039432525634765625, 0.001583099365234375], [0.9777450561523438, 0.018550872802734375, 0.003704071044921875], [0.9412689208984375, 0.05812835693359375, 0.00060272216796875], [0.9601058959960938, 0.007968902587890625, 0.031925201416015625], [0.9382400512695312, 0.02100372314453125, 0.0407562255859375], [0.9495582580566406, 0.050441741943359375, 0.0], [0.9935646057128906, 0.006435394287109375, 0.0], [0.9662055969238281, 0.03366851806640625, 0.000125885009765625], [0.9793663024902344, 0.0123291015625, 0.008304595947265625], [0.9423599243164062, 0.0177764892578125, 0.03986358642578125], [0.9852828979492188, 0.0095062255859375, 0.00521087646484375], [0.9782524108886719, 0.021747589111328125, 0.0], [0.9794769287109375, 0.018611907958984375, 0.001911163330078125], [0.9797439575195312, 0.016571044921875, 0.00368499755859375], [0.9389762878417969, 0.061023712158203125, 0.0], [0.9412956237792969, 0.0408477783203125, 0.017856597900390625], [0.9703025817871094, 0.029697418212890625, 0.0], [0.9791259765625, 0.0208740234375, 0.0], [0.97015380859375, 0.02984619140625, 0.0], [0.9475746154785156, 0.041774749755859375, 0.010650634765625], [0.9457473754882812, 0.016307830810546875, 0.037944793701171875], [0.9925689697265625, 0.005039215087890625, 0.002391815185546875], [0.9816780090332031, 0.01569366455078125, 0.002628326416015625]], "candidate_count": 2400, "candidate_scores_path": "/groups/echambe2/gmeng/MedAL-Agent/repo/code/runs/frozen_v5/candidate_scores/kits19__P5__s2000__r2.json", "predictions_path": "", "initial_labeled_path": "/groups/echambe2/gmeng/MedAL-Agent/repo/code/runs/frozen_v5/init_sets/kits19__s2000__n25.json", "initial_labeled_ids": [], "selection_diagnostics": {}, "training": {"num_iters": 1000, "batch_size": 12, "lr": 0.001, "image_size": 512, "aspect_preserve": true, "resolution_policy": "longside_pad32", "preproc_cache": {"pool": "hit", "val": "hit"}, "train_runtime_sec": 705.1282505989075, "query_runtime_sec": 42.91196918487549, "iters": 1800, "stop_iter": 1800, "mean_loss": 0.36986202222398584, "last_loss": 0.04390779882669449, "stop_reason": "plateau", "hit_max_iters": false, "final_smooth_loss": 0.12423486728221178, "best_smooth_loss": 0.12319615133106708, "diverged": false, "loss_curve": [[1000, 0.1598809304833412], [1100, 0.14030344672501088], [1200, 0.16173619884997606], [1300, 0.12319615133106708], [1400, 0.12529670022428036], [1500, 0.1792586385831237], [1600, 0.1984795042872429], [1700, 0.11912263892590999], [1800, 0.12423486728221178]]}, "ckpt_id": "kits19__P5__s2000__r2", "ckpt_path": "", "ckpt_hash": "fa4cd8c7fdf375e207cb10ba2851b93b8bb8ba48af07358d4db887bcfbdd9b20", "config_hash": "e4fae46d1c013eb7c36e2eeecfd787bd198e1e60b7f9bf7f044c146e0d2a9270", "feature_cache_keys": {"task_unet": "task_unet_bottleneck@fa4cd8c7fdf3"}, "sam_model_type": "", "sam_checkpoint": "", "metrics": {"primary_metric": "mean_dsc_fg_case_macro", "metric_version": "v3_case_macro", "eval_scope": "case_retained_slices", "mean_dsc_fg_case_macro": 0.49853614812613994, "mean_dsc_fg": 0.49853614812613994, "mean_dsc_fg_pooled_diagnostic": 0.6094641967335329, "dsc_per_class_pooled": [0.9952866391959938, 0.8500042831865726, 0.36892411028049327], "dsc_per_class": [0.9952866391959938, 0.8500042831865726, 0.36892411028049327], "n_cases": 18, "n_eval": 500, "structure_detection_rate": 0.9444444444444444, "missed_structure_rate": 0.05555555555555558}, "runtime_sec": {"train": 705.1282505989075, "eval": 6.541609287261963, "select": 42.91196918487549}, "gpu_mem_mb": 9418.0352, "gpu_name": "NVIDIA A40", "gpu_total_mem_mb": 47960.489984, "foundation": {}, "notes": ""}
