{"schema_version": "v3", "run_id": "kits19__P6__s3000", "round": 0, "dataset": "kits19", "modality": "ct", "target": "kidney", "dim": "3d", "query_unit": "slice", "seed": 3000, "round_seed": 3000, "component_seeds": {"model_init_seed": 4268717614, "loader_seed": 3761024140, "query_seed": 1653928250, "dropout_seed": 3551934248}, "total_rounds": 7, "budget_denominator": {"full_train_N": 8071, "requested_pool_cap": 5000, "actual_AL_pool_N": 2500, "budget_plan": [25, 50, 100, 176, 250, 375, 500], "fraction_of_AL_pool": 0.2, "fraction_of_full_train": 0.06195019204559534}, "policy_id": "P6", "policy_name": "SelectiveUncertaintyAL", "method_version": "1.0", "is_ablation": false, "policy_config": {}, "cumulative_budget": 25, "incremental_query_count": 25, "labeled_count": 25, "labeled_ratio": 0.01, "selected_ids": ["case_00033_s091", "case_00166_s041", "case_00185_s041", "case_00183_s114", "case_00102_s100", "case_00073_s072", "case_00030_s004", "case_00188_s167", "case_00202_s111", "case_00141_s330", "case_00059_s349", "case_00183_s096", "case_00174_s020", "case_00040_s045", "case_00003_s099", "case_00178_s034", "case_00109_s045", "case_00178_s023", "case_00057_s029", "case_00125_s056", "case_00002_s201", "case_00120_s150", "case_00148_s007", "case_00141_s334", "case_00120_s133"], "selected_scores": [0.5535231232643127, 0.36923104524612427, 0.484619140625, 0.36646440625190735, 0.4811449646949768, 0.37120261788368225, 0.4791169762611389, 0.3755250871181488, 0.477933406829834, 0.3643477261066437, 0.4695020020008087, 0.35553741455078125, 0.4729340076446533, 0.40418732166290283, 0.15663684904575348, 0.35012826323509216, 0.4694957733154297, 0.36080169677734375, 0.47589319944381714, 0.3636043071746826, 0.4492008686065674, 0.3654484152793884, 0.43895223736763, 0.3648621141910553, 0.4424901008605957], "selected_pred_fg_ratio": [6.103515625e-05, 0.026302337646484375, 0.00128173828125, 0.02454376220703125, 0.00063323974609375, 0.034740447998046875, 0.002613067626953125, 0.014301300048828125, 0.000476837158203125, 0.059169769287109375, 0.001491546630859375, 0.020404815673828125, 0.00086212158203125, 0.006481170654296875, 0.0, 0.015438079833984375, 0.00093841552734375, 0.01128387451171875, 0.001979827880859375, 0.0238800048828125, 0.00220489501953125, 0.011837005615234375, 0.003177642822265625, 0.06931304931640625, 0.003597259521484375], "selected_pred_class_dist": [[0.99993896484375, 3.4332275390625e-05, 2.6702880859375e-05], [0.9736976623535156, 0.014507293701171875, 0.0117950439453125], [0.99871826171875, 0.00127410888671875, 7.62939453125e-06], [0.9754562377929688, 0.02333831787109375, 0.0012054443359375], [0.9993667602539062, 2.6702880859375e-05, 0.000606536865234375], [0.9652595520019531, 0.028568267822265625, 0.00617218017578125], [0.9973869323730469, 0.002613067626953125, 0.0], [0.9856986999511719, 0.004489898681640625, 0.0098114013671875], [0.9995231628417969, 0.0001983642578125, 0.000278472900390625], [0.9408302307128906, 0.056339263916015625, 0.00283050537109375], [0.9985084533691406, 0.001491546630859375, 0.0], [0.9795951843261719, 0.017406463623046875, 0.00299835205078125], [0.9991378784179688, 0.000560760498046875, 0.000301361083984375], [0.9935188293457031, 0.005496978759765625, 0.00098419189453125], [1.0, 0.0, 0.0], [0.9845619201660156, 3.814697265625e-05, 0.015399932861328125], [0.9990615844726562, 0.00093841552734375, 0.0], [0.9887161254882812, 0.003177642822265625, 0.008106231689453125], [0.9980201721191406, 0.000919342041015625, 0.00106048583984375], [0.9761199951171875, 0.0201568603515625, 0.00372314453125], [0.9977951049804688, 0.00186920166015625, 0.000335693359375], [0.9881629943847656, 0.011089324951171875, 0.0007476806640625], [0.9968223571777344, 0.003177642822265625, 0.0], [0.9306869506835938, 0.06717681884765625, 0.00213623046875], [0.9964027404785156, 0.003200531005859375, 0.000396728515625]], "candidate_count": 2475, "candidate_scores_path": "/groups/echambe2/gmeng/MedAL-Agent/repo/code/runs/frozen_v5/candidate_scores/kits19__P6__s3000__r0.json", "predictions_path": "", "initial_labeled_path": "/groups/echambe2/gmeng/MedAL-Agent/repo/code/runs/frozen_v5/init_sets/kits19__s3000__n25.json", "initial_labeled_ids": ["case_00003_s102", "case_00008_s128", "case_00016_s049", "case_00022_s265", "case_00027_s342", "case_00033_s150", "case_00036_s051", "case_00072_s055", "case_00077_s020", "case_00079_s079", "case_00091_s314", "case_00102_s137", "case_00102_s145", "case_00111_s045", "case_00132_s327", "case_00140_s170", "case_00145_s047", "case_00156_s308", "case_00159_s280", "case_00159_s287", "case_00164_s031", "case_00165_s381", "case_00178_s038", "case_00183_s099", "case_00206_s036"], "selection_diagnostics": {"selu_valid_intersected": true, "selu_target_frac": 0.022552676498889923, "selu_boundary_frac": 0.00039548470522277057, "selu_score_target_mean": 0.06213672459125519, "selu_score_boundary_mean": 0.6295795440673828}, "training": {"num_iters": 1000, "batch_size": 12, "lr": 0.001, "image_size": 512, "aspect_preserve": true, "resolution_policy": "longside_pad32", "preproc_cache": {"pool": "hit", "val": "hit"}, "train_runtime_sec": 709.487681388855, "query_runtime_sec": 75.67212796211243, "iters": 1800, "stop_iter": 1800, "mean_loss": 0.16545023828434446, "last_loss": 0.01874830573797226, "stop_reason": "plateau", "hit_max_iters": false, "final_smooth_loss": 0.028519812375307083, "best_smooth_loss": 0.03010113101452589, "diverged": false, "loss_curve": [[1000, 0.06786330623552203], [1100, 0.035514161735773084], [1200, 0.039251307304948566], [1300, 0.03010113101452589], [1400, 0.03620014257729053], [1500, 0.03739643786102533], [1600, 0.07435573276132346], [1700, 0.043137538433074954], [1800, 0.028519812375307083]]}, "ckpt_id": "kits19__P6__s3000__r0", "ckpt_path": "", "ckpt_hash": "159e95b9203f0f6aa1f6ba93bafbd74217de3a48a1ae85eb86e44d46e41e14a9", "config_hash": "e4fae46d1c013eb7c36e2eeecfd787bd198e1e60b7f9bf7f044c146e0d2a9270", "feature_cache_keys": {}, "sam_model_type": "", "sam_checkpoint": "", "metrics": {"primary_metric": "mean_dsc_fg_case_macro", "metric_version": "v3_case_macro", "eval_scope": "case_retained_slices", "mean_dsc_fg_case_macro": 0.437338120435566, "mean_dsc_fg": 0.437338120435566, "mean_dsc_fg_pooled_diagnostic": 0.42392432871367086, "dsc_per_class_pooled": [0.9924971410227842, 0.7191686621508655, 0.12867999527647625], "dsc_per_class": [0.9924971410227842, 0.7191686621508655, 0.12867999527647625], "n_cases": 18, "n_eval": 500, "structure_detection_rate": 1.0, "missed_structure_rate": 0.0}, "runtime_sec": {"train": 709.487681388855, "eval": 7.5177106857299805, "select": 75.67212796211243}, "gpu_mem_mb": 9368.62208, "gpu_name": "NVIDIA A40", "gpu_total_mem_mb": 47960.489984, "foundation": {}, "notes": ""}
{"schema_version": "v3", "run_id": "kits19__P6__s3000", "round": 1, "dataset": "kits19", "modality": "ct", "target": "kidney", "dim": "3d", "query_unit": "slice", "seed": 3000, "round_seed": 3001, "component_seeds": {"model_init_seed": 1368497401, "loader_seed": 724338150, "query_seed": 2939650167, "dropout_seed": 1283938365}, "total_rounds": 7, "budget_denominator": {"full_train_N": 8071, "requested_pool_cap": 5000, "actual_AL_pool_N": 2500, "budget_plan": [25, 50, 100, 176, 250, 375, 500], "fraction_of_AL_pool": 0.2, "fraction_of_full_train": 0.06195019204559534}, "policy_id": "P6", "policy_name": "SelectiveUncertaintyAL", "method_version": "1.0", "is_ablation": false, "policy_config": {}, "cumulative_budget": 50, "incremental_query_count": 50, "labeled_count": 50, "labeled_ratio": 0.02, "selected_ids": ["case_00202_s200", "case_00202_s198", "case_00033_s211", "case_00058_s045", "case_00040_s145", "case_00202_s170", "case_00202_s184", "case_00056_s047", "case_00145_s081", "case_00026_s194", "case_00003_s193", "case_00062_s044", "case_00107_s024", "case_00018_s099", "case_00010_s009", "case_00037_s021", "case_00102_s200", "case_00165_s304", "case_00178_s041", "case_00120_s212", "case_00040_s144", "case_00123_s171", "case_00204_s051", "case_00074_s035", "case_00109_s048", "case_00165_s428", "case_00008_s122", "case_00165_s303", "case_00109_s036", "case_00170_s222", "case_00134_s055", "case_00002_s198", "case_00009_s063", "case_00083_s076", "case_00010_s029", "case_00102_s234", "case_00102_s128", "case_00204_s066", "case_00102_s132", "case_00165_s427", "case_00102_s152", "case_00003_s218", "case_00013_s029", "case_00165_s425", "case_00182_s050", "case_00042_s280", "case_00188_s186", "case_00125_s085", "case_00010_s035", "case_00018_s095"], "selected_scores": [0.7108185291290283, 0.6402181386947632, 0.5739775896072388, 0.25884848833084106, 0.4000293016433716, 0.5692958831787109, 0.508426308631897, 0.5686808824539185, 0.4390905499458313, 0.5664839744567871, 0.386531800031662, 0.5646772384643555, 0.37928566336631775, 0.5589053630828857, 0.4676845073699951, 0.5582970380783081, 0.36350107192993164, 0.5575256943702698, 0.4175395369529724, 0.5509711503982544, 0.37460750341415405, 0.5532763600349426, 0.3603675067424774, 0.5433627367019653, 0.36929309368133545, 0.5409747362136841, 0.3736949861049652, 0.5362175107002258, 0.36173272132873535, 0.5341973304748535, 0.4233092665672302, 0.5261869430541992, 0.3702984154224396, 0.5331792831420898, 0.3755093812942505, 0.5484365224838257, 0.36076444387435913, 0.5261846780776978, 0.3531121015548706, 0.5271503925323486, 0.3530868589878082, 0.20890340209007263, 0.356869637966156, 0.5197187662124634, 0.40671324729919434, 0.5133926868438721, 0.3872337341308594, 0.5247500538825989, 0.39227938652038574, 0.512519121170044], "selected_pred_fg_ratio": [6.103515625e-05, 0.000186920166015625, 3.4332275390625e-05, 0.0, 0.01477813720703125, 4.9591064453125e-05, 0.000690460205078125, 3.814697265625e-05, 0.001125335693359375, 1.52587890625e-05, 0.009510040283203125, 0.0, 0.0509185791015625, 6.4849853515625e-05, 0.001224517822265625, 0.000110626220703125, 0.0150299072265625, 1.1444091796875e-05, 0.004764556884765625, 3.0517578125e-05, 0.01747894287109375, 3.814697265625e-06, 0.030467987060546875, 0.000102996826171875, 0.01941680908203125, 8.7738037109375e-05, 0.035701751708984375, 0.0, 0.022769927978515625, 7.62939453125e-05, 0.002948760986328125, 0.0, 0.00290679931640625, 2.6702880859375e-05, 0.019245147705078125, 0.000133514404296875, 0.047328948974609375, 0.0, 0.047283172607421875, 0.00055694580078125, 0.054042816162109375, 0.0, 0.03728485107421875, 2.288818359375e-05, 0.00213623046875, 3.814697265625e-05, 0.005611419677734375, 0.000244140625, 0.007740020751953125, 0.00017547607421875], "selected_pred_class_dist": [[0.99993896484375, 6.103515625e-05, 0.0], [0.9998130798339844, 0.000179290771484375, 7.62939453125e-06], [0.9999656677246094, 3.4332275390625e-05, 0.0], [1.0, 0.0, 0.0], [0.9852218627929688, 0.010234832763671875, 0.004543304443359375], [0.9999504089355469, 4.9591064453125e-05, 0.0], [0.9993095397949219, 0.000148773193359375, 0.00054168701171875], [0.9999618530273438, 3.814697265625e-05, 0.0], [0.9988746643066406, 0.000705718994140625, 0.00041961669921875], [0.9999847412109375, 1.52587890625e-05, 0.0], [0.9904899597167969, 0.008087158203125, 0.001422882080078125], [1.0, 0.0, 0.0], [0.9490814208984375, 0.020061492919921875, 0.030857086181640625], [0.9999351501464844, 6.4849853515625e-05, 0.0], [0.9987754821777344, 0.000171661376953125, 0.0010528564453125], [0.9998893737792969, 0.000110626220703125, 0.0], [0.9849700927734375, 0.013545989990234375, 0.001483917236328125], [0.9999885559082031, 1.1444091796875e-05, 0.0], [0.9952354431152344, 0.0015869140625, 0.003177642822265625], [0.999969482421875, 3.0517578125e-05, 0.0], [0.9825210571289062, 0.010730743408203125, 0.006748199462890625], [0.9999961853027344, 3.814697265625e-06, 0.0], [0.9695320129394531, 0.03009033203125, 0.000377655029296875], [0.9998970031738281, 0.000102996826171875, 0.0], [0.9805831909179688, 0.010997772216796875, 0.008419036865234375], [0.9999122619628906, 8.7738037109375e-05, 0.0], [0.9642982482910156, 0.014217376708984375, 0.021484375], [1.0, 0.0, 0.0], [0.9772300720214844, 0.015361785888671875, 0.00740814208984375], [0.9999237060546875, 7.62939453125e-05, 0.0], [0.9970512390136719, 0.0001983642578125, 0.002750396728515625], [1.0, 0.0, 0.0], [0.9970932006835938, 0.0, 0.00290679931640625], [0.9999732971191406, 2.6702880859375e-05, 0.0], [0.9807548522949219, 0.016216278076171875, 0.00302886962890625], [0.9998664855957031, 0.0, 0.000133514404296875], [0.9526710510253906, 0.0046234130859375, 0.042705535888671875], [1.0, 0.0, 0.0], [0.9527168273925781, 0.001399993896484375, 0.0458831787109375], [0.9994430541992188, 0.00055694580078125, 0.0], [0.9459571838378906, 0.0103912353515625, 0.043651580810546875], [1.0, 0.0, 0.0], [0.9627151489257812, 0.03399658203125, 0.00328826904296875], [0.9999771118164062, 2.288818359375e-05, 0.0], [0.99786376953125, 7.62939453125e-05, 0.0020599365234375], [0.9999618530273438, 3.814697265625e-05, 0.0], [0.9943885803222656, 0.00382232666015625, 0.001789093017578125], [0.999755859375, 0.000202178955078125, 4.1961669921875e-05], [0.9922599792480469, 0.00710296630859375, 0.000637054443359375], [0.9998245239257812, 0.00017547607421875, 0.0]], "candidate_count": 2450, "candidate_scores_path": "/groups/echambe2/gmeng/MedAL-Agent/repo/code/runs/frozen_v5/candidate_scores/kits19__P6__s3000__r1.json", "predictions_path": "", "initial_labeled_path": "/groups/echambe2/gmeng/MedAL-Agent/repo/code/runs/frozen_v5/init_sets/kits19__s3000__n25.json", "initial_labeled_ids": [], "selection_diagnostics": {"selu_valid_intersected": true, "selu_target_frac": 0.028159497305750847, "selu_boundary_frac": 0.00044423629879020154, "selu_score_target_mean": 0.06859742850065231, "selu_score_boundary_mean": 0.6303240656852722}, "training": {"num_iters": 1000, "batch_size": 12, "lr": 0.001, "image_size": 512, "aspect_preserve": true, "resolution_policy": "longside_pad32", "preproc_cache": {"pool": "hit", "val": "hit"}, "train_runtime_sec": 714.6939916610718, "query_runtime_sec": 74.82699799537659, "iters": 1800, "stop_iter": 1800, "mean_loss": 0.27176061465094487, "last_loss": 0.08978725224733353, "stop_reason": "plateau", "hit_max_iters": false, "final_smooth_loss": 0.052564673721790314, "best_smooth_loss": 0.04725233243778348, "diverged": false, "loss_curve": [[1000, 0.09343727007508278], [1100, 0.062081136740744114], [1200, 0.05703957764431834], [1300, 0.04725233243778348], [1400, 0.08213006470352412], [1500, 0.0813252018392086], [1600, 0.05257007654756308], [1700, 0.04983302164822817], [1800, 0.052564673721790314]]}, "ckpt_id": "kits19__P6__s3000__r1", "ckpt_path": "", "ckpt_hash": "a28b04cfe65c812c78c12ede12c8648a6ffb018f4a4fe22717887468205870d2", "config_hash": "e4fae46d1c013eb7c36e2eeecfd787bd198e1e60b7f9bf7f044c146e0d2a9270", "feature_cache_keys": {}, "sam_model_type": "", "sam_checkpoint": "", "metrics": {"primary_metric": "mean_dsc_fg_case_macro", "metric_version": "v3_case_macro", "eval_scope": "case_retained_slices", "mean_dsc_fg_case_macro": 0.4572706974326091, "mean_dsc_fg": 0.4572706974326091, "mean_dsc_fg_pooled_diagnostic": 0.44230238801735106, "dsc_per_class_pooled": [0.991828143709071, 0.7260083923387168, 0.15859638369598528], "dsc_per_class": [0.991828143709071, 0.7260083923387168, 0.15859638369598528], "n_cases": 18, "n_eval": 500, "structure_detection_rate": 1.0, "missed_structure_rate": 0.0}, "runtime_sec": {"train": 714.6939916610718, "eval": 7.883207321166992, "select": 74.82699799537659}, "gpu_mem_mb": 9417.150464, "gpu_name": "NVIDIA A40", "gpu_total_mem_mb": 47960.489984, "foundation": {}, "notes": ""}
{"schema_version": "v3", "run_id": "kits19__P6__s3000", "round": 2, "dataset": "kits19", "modality": "ct", "target": "kidney", "dim": "3d", "query_unit": "slice", "seed": 3000, "round_seed": 3002, "component_seeds": {"model_init_seed": 3745551808, "loader_seed": 2465835433, "query_seed": 2701088630, "dropout_seed": 1393056386}, "total_rounds": 7, "budget_denominator": {"full_train_N": 8071, "requested_pool_cap": 5000, "actual_AL_pool_N": 2500, "budget_plan": [25, 50, 100, 176, 250, 375, 500], "fraction_of_AL_pool": 0.2, "fraction_of_full_train": 0.06195019204559534}, "policy_id": "P6", "policy_name": "SelectiveUncertaintyAL", "method_version": "1.0", "is_ablation": false, "policy_config": {}, "cumulative_budget": 100, "incremental_query_count": 76, "labeled_count": 100, "labeled_ratio": 0.04, "selected_ids": ["case_00115_s334", "case_00134_s025", "case_00042_s268", "case_00065_s085", "case_00204_s068", "case_00202_s154", "case_00057_s064", "case_00134_s051", "case_00108_s019", "case_00003_s116", "case_00183_s172", "case_00176_s051", "case_00102_s249", "case_00147_s046", "case_00042_s267", "case_00065_s087", "case_00042_s266", "case_00131_s058", "case_00025_s035", "case_00025_s087", "case_00052_s307", "case_00003_s163", "case_00183_s171", "case_00046_s034", "case_00170_s228", "case_00040_s078", "case_00028_s022", "case_00134_s044", "case_00002_s047", "case_00079_s056", "case_00004_s019", "case_00042_s154", "case_00107_s018", "case_00109_s026", "case_00136_s024", "case_00183_s083", "case_00034_s030", "case_00131_s074", "case_00042_s277", "case_00125_s052", "case_00135_s203", "case_00165_s360", "case_00157_s358", "case_00119_s024", "case_00156_s347", "case_00206_s045", "case_00145_s072", "case_00048_s014", "case_00042_s249", "case_00002_s049", "case_00111_s089", "case_00109_s038", "case_00065_s041", "case_00012_s037", "case_00208_s045", "case_00140_s159", "case_00154_s341", "case_00014_s069", "case_00042_s271", "case_00055_s034", "case_00191_s194", "case_00109_s027", "case_00155_s366", "case_00104_s043", "case_00166_s027", "case_00102_s156", "case_00022_s339", "case_00033_s112", "case_00059_s335", "case_00030_s012", "case_00156_s291", "case_00096_s339", "case_00059_s343", "case_00201_s024", "case_00034_s054", "case_00128_s062"], "selected_scores": [0.5758142471313477, 0.4599795341491699, 0.5508020520210266, 0.4098004698753357, 0.546140193939209, 0.3702666461467743, 0.5460623502731323, 0.39814746379852295, 0.5404383540153503, 0.36247509717941284, 0.2251049429178238, 0.3597642481327057, 0.534782350063324, 0.3946690261363983, 0.22068651020526886, 0.3801442086696625, 0.21773357689380646, 0.3602657616138458, 0.5290217399597168, 0.3698209524154663, 0.5221437811851501, 0.36869773268699646, 0.20232681930065155, 0.3653305470943451, 0.19944584369659424, 0.3671029210090637, 0.5135289430618286, 0.3628809154033661, 0.5181874632835388, 0.3763945400714874, 0.19316361844539642, 0.35510051250457764, 0.5008512735366821, 0.40745413303375244, 0.4959735870361328, 0.37106674909591675, 0.4912019968032837, 0.38989055156707764, 0.17653582990169525, 0.4016494154930115, 0.486962229013443, 0.35919761657714844, 0.4870048463344574, 0.3621767461299896, 0.48372548818588257, 0.35506364703178406, 0.48604369163513184, 0.3592248857021332, 0.1678200364112854, 0.3650544285774231, 0.49531105160713196, 0.36013758182525635, 0.47947925329208374, 0.3610585927963257, 0.1601976454257965, 0.3500978350639343, 0.47156184911727905, 0.3938121795654297, 0.15555408596992493, 0.3545510172843933, 0.4690547585487366, 0.3740377724170685, 0.46689388155937195, 0.35898423194885254, 0.15158042311668396, 0.3430536389350891, 0.4601626992225647, 0.34544482827186584, 0.4576367139816284, 0.3537691533565521, 0.45714569091796875, 0.35703155398368835, 0.4572039842605591, 0.3588469326496124, 0.45504656434059143, 0.34833359718322754], "selected_pred_fg_ratio": [5.7220458984375e-05, 0.009174346923828125, 3.814697265625e-06, 0.012760162353515625, 5.7220458984375e-05, 0.024448394775390625, 4.57763671875e-05, 0.014255523681640625, 9.918212890625e-05, 0.006938934326171875, 0.0, 0.0155792236328125, 7.62939453125e-05, 0.002681732177734375, 0.0, 0.01134490966796875, 0.0, 0.03913116455078125, 6.4849853515625e-05, 0.01194000244140625, 0.0007171630859375, 0.023342132568359375, 0.0, 0.0113983154296875, 0.0, 0.005588531494140625, 3.4332275390625e-05, 0.011203765869140625, 0.000213623046875, 0.005157470703125, 0.0, 0.030426025390625, 0.0001220703125, 0.004856109619140625, 0.00063323974609375, 0.008213043212890625, 0.0005645751953125, 0.007045745849609375, 0.0, 0.003704071044921875, 0.000164031982421875, 0.015460968017578125, 0.002536773681640625, 0.03487396240234375, 9.918212890625e-05, 0.008636474609375, 0.000370025634765625, 0.01790618896484375, 0.0, 0.00775146484375, 0.000896453857421875, 0.04283905029296875, 0.00017547607421875, 0.01207733154296875, 0.0, 0.03136444091796875, 0.001178741455078125, 0.00313568115234375, 0.0, 0.028964996337890625, 0.000354766845703125, 0.00780487060546875, 0.0038299560546875, 0.033329010009765625, 0.0, 0.05614471435546875, 0.00554656982421875, 0.018726348876953125, 0.00116729736328125, 0.033687591552734375, 0.000949859619140625, 0.036251068115234375, 0.000911712646484375, 0.041439056396484375, 0.002864837646484375, 0.02179718017578125], "selected_pred_class_dist": [[0.9999427795410156, 5.7220458984375e-05, 0.0], [0.9908256530761719, 0.0084381103515625, 0.000736236572265625], [0.9999961853027344, 3.814697265625e-06, 0.0], [0.9872398376464844, 0.007568359375, 0.005191802978515625], [0.9999427795410156, 5.7220458984375e-05, 0.0], [0.9755516052246094, 0.024379730224609375, 6.866455078125e-05], [0.9999542236328125, 4.57763671875e-05, 0.0], [0.9857444763183594, 0.0126190185546875, 0.001636505126953125], [0.9999008178710938, 9.918212890625e-05, 0.0], [0.9930610656738281, 0.006809234619140625, 0.00012969970703125], [1.0, 0.0, 0.0], [0.9844207763671875, 0.014984130859375, 0.0005950927734375], [0.9999237060546875, 7.62939453125e-05, 0.0], [0.9973182678222656, 0.00225830078125, 0.000423431396484375], [1.0, 0.0, 0.0], [0.9886550903320312, 0.008838653564453125, 0.002506256103515625], [1.0, 0.0, 0.0], [0.9608688354492188, 0.035877227783203125, 0.003253936767578125], [0.9999351501464844, 6.4849853515625e-05, 0.0], [0.9880599975585938, 0.01172637939453125, 0.000213623046875], [0.9992828369140625, 0.00048828125, 0.0002288818359375], [0.9766578674316406, 0.022708892822265625, 0.00063323974609375], [1.0, 0.0, 0.0], [0.9886016845703125, 0.00939178466796875, 0.00200653076171875], [1.0, 0.0, 0.0], [0.9944114685058594, 0.005443572998046875, 0.00014495849609375], [0.9999656677246094, 0.0, 3.4332275390625e-05], [0.9887962341308594, 0.01045989990234375, 0.000743865966796875], [0.999786376953125, 5.7220458984375e-05, 0.000156402587890625], [0.994842529296875, 1.9073486328125e-05, 0.005138397216796875], [1.0, 0.0, 0.0], [0.969573974609375, 0.03000640869140625, 0.00041961669921875], [0.9998779296875, 0.0001220703125, 0.0], [0.9951438903808594, 0.004150390625, 0.000705718994140625], [0.9993667602539062, 0.00063323974609375, 0.0], [0.9917869567871094, 0.00728607177734375, 0.000926971435546875], [0.9994354248046875, 0.0005645751953125, 0.0], [0.9929542541503906, 0.005382537841796875, 0.0016632080078125], [1.0, 0.0, 0.0], [0.9962959289550781, 0.00160980224609375, 0.002094268798828125], [0.9998359680175781, 0.000164031982421875, 0.0], [0.9845390319824219, 0.014621734619140625, 0.0008392333984375], [0.9974632263183594, 0.002536773681640625, 0.0], [0.9651260375976562, 0.024501800537109375, 0.010372161865234375], [0.9999008178710938, 0.0, 9.918212890625e-05], [0.991363525390625, 0.0079193115234375, 0.0007171630859375], [0.9996299743652344, 0.000370025634765625, 0.0], [0.9820938110351562, 0.00690460205078125, 0.0110015869140625], [1.0, 0.0, 0.0], [0.99224853515625, 0.006114959716796875, 0.001636505126953125], [0.9991035461425781, 0.000888824462890625, 7.62939453125e-06], [0.9571609497070312, 0.02188873291015625, 0.0209503173828125], [0.9998245239257812, 0.00017547607421875, 0.0], [0.9879226684570312, 0.007968902587890625, 0.004108428955078125], [1.0, 0.0, 0.0], [0.9686355590820312, 0.02960205078125, 0.00176239013671875], [0.9988212585449219, 0.0011444091796875, 3.4332275390625e-05], [0.9968643188476562, 0.00313568115234375, 0.0], [1.0, 0.0, 0.0], [0.9710350036621094, 0.021820068359375, 0.007144927978515625], [0.9996452331542969, 0.000354766845703125, 0.0], [0.9921951293945312, 0.005218505859375, 0.00258636474609375], [0.9961700439453125, 0.00351715087890625, 0.00031280517578125], [0.9666709899902344, 0.032379150390625, 0.000949859619140625], [1.0, 0.0, 0.0], [0.9438552856445312, 0.01136016845703125, 0.0447845458984375], [0.9944534301757812, 0.005420684814453125, 0.000125885009765625], [0.9812736511230469, 0.018291473388671875, 0.00043487548828125], [0.9988327026367188, 0.00116729736328125, 0.0], [0.9663124084472656, 0.010517120361328125, 0.02317047119140625], [0.9990501403808594, 0.000949859619140625, 0.0], [0.9637489318847656, 0.03458404541015625, 0.001667022705078125], [0.9990882873535156, 0.000911712646484375, 0.0], [0.9585609436035156, 0.020000457763671875, 0.0214385986328125], [0.9971351623535156, 0.002864837646484375, 0.0], [0.9782028198242188, 0.021671295166015625, 0.000125885009765625]], "candidate_count": 2400, "candidate_scores_path": "/groups/echambe2/gmeng/MedAL-Agent/repo/code/runs/frozen_v5/candidate_scores/kits19__P6__s3000__r2.json", "predictions_path": "", "initial_labeled_path": "/groups/echambe2/gmeng/MedAL-Agent/repo/code/runs/frozen_v5/init_sets/kits19__s3000__n25.json", "initial_labeled_ids": [], "selection_diagnostics": {"selu_valid_intersected": true, "selu_target_frac": 0.024532677605748177, "selu_boundary_frac": 0.0003261899983044714, "selu_score_target_mean": 0.053883858025074005, "selu_score_boundary_mean": 0.6220877766609192}, "training": {"num_iters": 1000, "batch_size": 12, "lr": 0.001, "image_size": 512, "aspect_preserve": true, "resolution_policy": "longside_pad32", "preproc_cache": {"pool": "hit", "val": "hit"}, "train_runtime_sec": 1326.1802985668182, "query_runtime_sec": 48.68617916107178, "iters": 3400, "stop_iter": 3400, "mean_loss": 0.2456285822572296, "last_loss": 0.030550263822078705, "stop_reason": "plateau", "hit_max_iters": false, "final_smooth_loss": 0.04554240783676505, "best_smooth_loss": 0.04879057830199599, "diverged": false, "loss_curve": [[1000, 0.24040265448391437], [1100, 0.23318402372300626], [1200, 0.20749964363873005], [1300, 0.19046669829636811], [1400, 0.15816982336342333], [1500, 0.1675783645734191], [1600, 0.13824561480432748], [1700, 0.13184522856026887], [1800, 0.126842136438936], [1900, 0.12798245344311], [2000, 0.14664302505552768], [2100, 0.09810858499258757], [2200, 0.10666780006140471], [2300, 0.08379882954061031], [2400, 0.06677101472392678], [2500, 0.06568089889362455], [2600, 0.08305881613865494], [2700, 0.09170521337538957], [2800, 0.08525125436484814], [2900, 0.04879057830199599], [3000, 0.058748818933963776], [3100, 0.06303346302360296], [3200, 0.06553306508809328], [3300, 0.0474475778080523], [3400, 0.04554240783676505]]}, "ckpt_id": "kits19__P6__s3000__r2", "ckpt_path": "", "ckpt_hash": "2c5f92129f61702ad4c6ddd9848412b54c446ff86d77914aed6098f2c3301d66", "config_hash": "e4fae46d1c013eb7c36e2eeecfd787bd198e1e60b7f9bf7f044c146e0d2a9270", "feature_cache_keys": {}, "sam_model_type": "", "sam_checkpoint": "", "metrics": {"primary_metric": "mean_dsc_fg_case_macro", "metric_version": "v3_case_macro", "eval_scope": "case_retained_slices", "mean_dsc_fg_case_macro": 0.4629499641056166, "mean_dsc_fg": 0.4629499641056166, "mean_dsc_fg_pooled_diagnostic": 0.4258213508928331, "dsc_per_class_pooled": [0.9927128654624008, 0.7475394455409352, 0.10410325624473092], "dsc_per_class": [0.9927128654624008, 0.7475394455409352, 0.10410325624473092], "n_cases": 18, "n_eval": 500, "structure_detection_rate": 1.0, "missed_structure_rate": 0.0}, "runtime_sec": {"train": 1326.1802985668182, "eval": 6.648507356643677, "select": 48.68617916107178}, "gpu_mem_mb": 9418.0352, "gpu_name": "NVIDIA A40", "gpu_total_mem_mb": 47960.489984, "foundation": {}, "notes": ""}
{"schema_version": "v3", "run_id": "kits19__P6__s3000", "round": 3, "dataset": "kits19", "modality": "ct", "target": "kidney", "dim": "3d", "query_unit": "slice", "seed": 3000, "round_seed": 3003, "component_seeds": {"model_init_seed": 3579842532, "loader_seed": 3462212509, "query_seed": 3091667733, "dropout_seed": 1977868587}, "total_rounds": 7, "budget_denominator": {"full_train_N": 8071, "requested_pool_cap": 5000, "actual_AL_pool_N": 2500, "budget_plan": [25, 50, 100, 176, 250, 375, 500], "fraction_of_AL_pool": 0.2, "fraction_of_full_train": 0.06195019204559534}, "policy_id": "P6", "policy_name": "SelectiveUncertaintyAL", "method_version": "1.0", "is_ablation": false, "policy_config": {}, "cumulative_budget": 176, "incremental_query_count": 74, "labeled_count": 176, "labeled_ratio": 0.0704, "selected_ids": ["case_00036_s029", "case_00061_s023", "case_00079_s066", "case_00002_s194", "case_00188_s183", "case_00081_s072", "case_00030_s014", "case_00122_s044", "case_00186_s067", "case_00029_s084", "case_00056_s042", "case_00027_s271", "case_00079_s067", "case_00091_s337", "case_00178_s037", "case_00135_s222", "case_00107_s027", "case_00032_s037", "case_00192_s088", "case_00025_s039", "case_00145_s075", "case_00086_s026", "case_00181_s045", "case_00052_s236", "case_00143_s019", "case_00175_s026", "case_00124_s117", "case_00135_s292", "case_00145_s080", "case_00157_s270", "case_00102_s121", "case_00001_s215", "case_00030_s016", "case_00208_s042", "case_00079_s058", "case_00185_s042", "case_00181_s053", "case_00044_s050", "case_00196_s051", "case_00071_s384", "case_00102_s124", "case_00157_s273", "case_00008_s134", "case_00135_s223", "case_00079_s055", "case_00120_s220", "case_00030_s018", "case_00207_s086", "case_00030_s015", "case_00170_s227", "case_00040_s119", "case_00052_s235", "case_00102_s123", "case_00059_s241", "case_00178_s014", "case_00152_s014", "case_00073_s095", "case_00042_s188", "case_00001_s231", "case_00075_s015", "case_00001_s230", "case_00102_s118", "case_00102_s247", "case_00008_s139", "case_00155_s368", "case_00192_s064", "case_00103_s315", "case_00102_s159", "case_00135_s228", "case_00107_s029", "case_00181_s055", "case_00042_s185", "case_00056_s017", "case_00102_s207"], "selected_scores": [0.5974083542823792, 0.6907718181610107, 0.3966103196144104, 0.5759059190750122, 0.4753672480583191, 0.5661419630050659, 0.3892616927623749, 0.5668917894363403, 0.3974168300628662, 0.5614598989486694, 0.4030199944972992, 0.5554695129394531, 0.3795700669288635, 0.5442347526550293, 0.4017123281955719, 0.5372242331504822, 0.38494211435317993, 0.5337793231010437, 0.40460655093193054, 0.5463616847991943, 0.389601469039917, 0.5346786975860596, 0.40028560161590576, 0.5250532627105713, 0.4103781580924988, 0.5248038172721863, 0.5243479609489441, 0.5232817530632019, 0.39238011837005615, 0.5227422714233398, 0.36132222414016724, 0.5230652689933777, 0.36880379915237427, 0.5220650434494019, 0.3732503652572632, 0.5185816884040833, 0.3791274130344391, 0.5185760259628296, 0.3771217465400696, 0.5142927765846252, 0.3580428957939148, 0.5142735242843628, 0.3788982927799225, 0.5111407041549683, 0.47929561138153076, 0.5098357796669006, 0.36629822850227356, 0.19153815507888794, 0.36285820603370667, 0.5016281008720398, 0.4622725546360016, 0.4991258978843689, 0.35692912340164185, 0.49600496888160706, 0.40663260221481323, 0.3678510785102844, 0.48455438017845154, 0.3616132438182831, 0.496454119682312, 0.3959519565105438, 0.47779732942581177, 0.35686925053596497, 0.47306591272354126, 0.3785114288330078, 0.15626120567321777, 0.38383013010025024, 0.15442466735839844, 0.3571094572544098, 0.4652327299118042, 0.35809701681137085, 0.46443483233451843, 0.36074599623680115, 0.1488875448703766, 0.36066457629203796], "selected_pred_fg_ratio": [1.1444091796875e-05, 8.7738037109375e-05, 0.07028579711914062, 2.6702880859375e-05, 0.00038909912109375, 4.1961669921875e-05, 0.0661468505859375, 3.814697265625e-06, 0.00478363037109375, 7.62939453125e-06, 0.016002655029296875, 1.52587890625e-05, 0.062347412109375, 3.0517578125e-05, 0.007450103759765625, 0.00040435791015625, 0.06627655029296875, 4.1961669921875e-05, 0.00278472900390625, 3.0517578125e-05, 0.0099029541015625, 2.6702880859375e-05, 0.013118743896484375, 9.918212890625e-05, 0.004985809326171875, 0.00016021728515625, 0.00128173828125, 0.000621795654296875, 0.004169464111328125, 0.000240325927734375, 0.038288116455078125, 0.0001220703125, 0.0635986328125, 0.00029754638671875, 0.03911590576171875, 0.000152587890625, 0.0122222900390625, 3.0517578125e-05, 0.00325775146484375, 0.00016021728515625, 0.0410919189453125, 0.000484466552734375, 0.057888031005859375, 0.00020599365234375, 0.002025604248046875, 0.000858306884765625, 0.07477951049804688, 0.0, 0.06281280517578125, 0.00019073486328125, 0.00058746337890625, 0.0004425048828125, 0.04016876220703125, 0.00078582763671875, 0.001903533935546875, 0.0166778564453125, 0.0003509521484375, 0.07384872436523438, 0.001338958740234375, 0.00461578369140625, 0.00067901611328125, 0.0361175537109375, 0.001064300537109375, 0.0334625244140625, 0.0, 0.005954742431640625, 0.0, 0.046543121337890625, 0.001804351806640625, 0.0662841796875, 0.000835418701171875, 0.07201004028320312, 0.0, 0.03609466552734375], "selected_pred_class_dist": [[0.9999885559082031, 1.1444091796875e-05, 0.0], [0.9999122619628906, 4.9591064453125e-05, 3.814697265625e-05], [0.9297142028808594, 0.02828216552734375, 0.042003631591796875], [0.9999732971191406, 2.6702880859375e-05, 0.0], [0.9996109008789062, 4.1961669921875e-05, 0.000347137451171875], [0.9999580383300781, 4.1961669921875e-05, 0.0], [0.9338531494140625, 0.0167083740234375, 0.0494384765625], [0.9999961853027344, 3.814697265625e-06, 0.0], [0.9952163696289062, 2.6702880859375e-05, 0.004756927490234375], [0.9999923706054688, 7.62939453125e-06, 0.0], [0.9839973449707031, 0.004154205322265625, 0.01184844970703125], [0.9999847412109375, 1.52587890625e-05, 0.0], [0.937652587890625, 0.025379180908203125, 0.036968231201171875], [0.999969482421875, 3.0517578125e-05, 0.0], [0.9925498962402344, 0.000934600830078125, 0.0065155029296875], [0.9995956420898438, 0.00040435791015625, 0.0], [0.9337234497070312, 0.01995086669921875, 0.04632568359375], [0.9999580383300781, 4.1961669921875e-05, 0.0], [0.9972152709960938, 1.9073486328125e-05, 0.002765655517578125], [0.999969482421875, 0.0, 3.0517578125e-05], [0.9900970458984375, 0.000545501708984375, 0.009357452392578125], [0.9999732971191406, 2.6702880859375e-05, 0.0], [0.9868812561035156, 0.009521484375, 0.003597259521484375], [0.9999008178710938, 9.918212890625e-05, 0.0], [0.9950141906738281, 0.003650665283203125, 0.00133514404296875], [0.9998397827148438, 0.00016021728515625, 0.0], [0.99871826171875, 0.001224517822265625, 5.7220458984375e-05], [0.9993782043457031, 0.000621795654296875, 0.0], [0.9958305358886719, 0.00106048583984375, 0.003108978271484375], [0.9997596740722656, 0.000240325927734375, 0.0], [0.9617118835449219, 0.000141143798828125, 0.03814697265625], [0.9998779296875, 0.0001220703125, 0.0], [0.9364013671875, 0.016002655029296875, 0.047595977783203125], [0.9997024536132812, 0.00029754638671875, 0.0], [0.9608840942382812, 0.005634307861328125, 0.033481597900390625], [0.999847412109375, 0.000152587890625, 0.0], [0.9877777099609375, 0.000457763671875, 0.0117645263671875], [0.999969482421875, 3.0517578125e-05, 0.0], [0.9967422485351562, 0.003238677978515625, 1.9073486328125e-05], [0.9998397827148438, 0.00016021728515625, 0.0], [0.9589080810546875, 9.1552734375e-05, 0.0410003662109375], [0.9995155334472656, 0.000408172607421875, 7.62939453125e-05], [0.9421119689941406, 0.016742706298828125, 0.04114532470703125], [0.9997940063476562, 0.00020599365234375, 0.0], [0.9979743957519531, 0.000865936279296875, 0.00115966796875], [0.9991416931152344, 0.000858306884765625, 0.0], [0.9252204895019531, 0.0176544189453125, 0.057125091552734375], [1.0, 0.0, 0.0], [0.9371871948242188, 0.016384124755859375, 0.046428680419921875], [0.9998092651367188, 0.00019073486328125, 0.0], [0.9994125366210938, 0.000217437744140625, 0.000370025634765625], [0.9995574951171875, 0.0004425048828125, 0.0], [0.9598312377929688, 6.4849853515625e-05, 0.040103912353515625], [0.9992141723632812, 0.00078582763671875, 0.0], [0.9980964660644531, 0.000133514404296875, 0.00177001953125], [0.9833221435546875, 0.01555633544921875, 0.00112152099609375], [0.9996490478515625, 0.0003509521484375, 0.0], [0.9261512756347656, 0.017242431640625, 0.056606292724609375], [0.9986610412597656, 0.001285552978515625, 5.340576171875e-05], [0.9953842163085938, 9.918212890625e-05, 0.0045166015625], [0.9993209838867188, 0.00067901611328125, 0.0], [0.9638824462890625, 0.00037384033203125, 0.03574371337890625], [0.9989356994628906, 0.001064300537109375, 0.0], [0.9665374755859375, 0.0115966796875, 0.0218658447265625], [1.0, 0.0, 0.0], [0.9940452575683594, 0.003082275390625, 0.002872467041015625], [1.0, 0.0, 0.0], [0.9534568786621094, 0.01267242431640625, 0.033870697021484375], [0.9981956481933594, 0.001804351806640625, 0.0], [0.9337158203125, 0.0210418701171875, 0.0452423095703125], [0.9991645812988281, 0.000835418701171875, 0.0], [0.9279899597167969, 0.01738739013671875, 0.054622650146484375], [1.0, 0.0, 0.0], [0.9639053344726562, 0.02081298828125, 0.01528167724609375]], "candidate_count": 2324, "candidate_scores_path": "/groups/echambe2/gmeng/MedAL-Agent/repo/code/runs/frozen_v5/candidate_scores/kits19__P6__s3000__r3.json", "predictions_path": "", "initial_labeled_path": "/groups/echambe2/gmeng/MedAL-Agent/repo/code/runs/frozen_v5/init_sets/kits19__s3000__n25.json", "initial_labeled_ids": [], "selection_diagnostics": {"selu_valid_intersected": true, "selu_target_frac": 0.023641400039196014, "selu_boundary_frac": 0.00026725203497335315, "selu_score_target_mean": 0.05158223956823349, "selu_score_boundary_mean": 0.6259975433349609}, "training": {"num_iters": 1000, "batch_size": 12, "lr": 0.001, "image_size": 512, "aspect_preserve": true, "resolution_policy": "longside_pad32", "preproc_cache": {"pool": "hit", "val": "hit"}, "train_runtime_sec": 1302.3668603897095, "query_runtime_sec": 49.74154472351074, "iters": 3300, "stop_iter": 3300, "mean_loss": 0.31259838522440103, "last_loss": 0.03149866312742233, "stop_reason": "plateau", "hit_max_iters": false, "final_smooth_loss": 0.06628697879612445, "best_smooth_loss": 0.06310664780437947, "diverged": false, "loss_curve": [[1000, 0.3054798889905214], [1100, 0.28736768387258055], [1200, 0.23881701812148093], [1300, 0.1942509987205267], [1400, 0.14535762432962657], [1500, 0.15135159805417062], [1600, 0.15282187007367612], [1700, 0.13604757454246283], [1800, 0.14216775361448528], [1900, 0.11732365414500237], [2000, 0.12210260521620513], [2100, 0.13927364110946655], [2200, 0.11537149034440518], [2300, 0.10661420106887817], [2400, 0.08102919142693281], [2500, 0.07626400846987963], [2600, 0.09219517443329096], [2700, 0.07458145003765822], [2800, 0.06310664780437947], [2900, 0.10487846124917269], [3000, 0.06261938659474253], [3100, 0.07559673741459846], [3200, 0.05900802709162235], [3300, 0.06628697879612445]]}, "ckpt_id": "kits19__P6__s3000__r3", "ckpt_path": "", "ckpt_hash": "5d0728b486011448630211c5fb2258ae7baff6e2eaa009241c54a9ebd51e6be9", "config_hash": "e4fae46d1c013eb7c36e2eeecfd787bd198e1e60b7f9bf7f044c146e0d2a9270", "feature_cache_keys": {}, "sam_model_type": "", "sam_checkpoint": "", "metrics": {"primary_metric": "mean_dsc_fg_case_macro", "metric_version": "v3_case_macro", "eval_scope": "case_retained_slices", "mean_dsc_fg_case_macro": 0.5011982828977831, "mean_dsc_fg": 0.5011982828977831, "mean_dsc_fg_pooled_diagnostic": 0.5191046569363854, "dsc_per_class_pooled": [0.995591039837763, 0.828696959584278, 0.2095123542884928], "dsc_per_class": [0.995591039837763, 0.828696959584278, 0.2095123542884928], "n_cases": 18, "n_eval": 500, "structure_detection_rate": 0.9714285714285714, "missed_structure_rate": 0.02857142857142858}, "runtime_sec": {"train": 1302.3668603897095, "eval": 6.953477144241333, "select": 49.74154472351074}, "gpu_mem_mb": 9418.051584, "gpu_name": "NVIDIA A40", "gpu_total_mem_mb": 47960.489984, "foundation": {}, "notes": ""}
