{"schema_version": "v3", "run_id": "kits19__P5__s1000", "round": 0, "dataset": "kits19", "modality": "ct", "target": "kidney", "dim": "3d", "query_unit": "slice", "seed": 1000, "round_seed": 1000, "component_seeds": {"model_init_seed": 2989689681, "loader_seed": 4191542321, "query_seed": 2529548519, "dropout_seed": 3619692248}, "total_rounds": 7, "budget_denominator": {"full_train_N": 8207, "requested_pool_cap": 5000, "actual_AL_pool_N": 2500, "budget_plan": [25, 50, 100, 176, 250, 375, 500], "fraction_of_AL_pool": 0.2, "fraction_of_full_train": 0.06092360180333861}, "policy_id": "P5", "policy_name": "EntropyCoreSet", "method_version": "1.0", "is_ablation": false, "policy_config": {}, "cumulative_budget": 25, "incremental_query_count": 25, "labeled_count": 25, "labeled_ratio": 0.01, "selected_ids": ["case_00063_s238", "case_00001_s257", "case_00153_s049", "case_00052_s228", "case_00063_s267", "case_00022_s211", "case_00103_s288", "case_00116_s332", "case_00154_s277", "case_00027_s311", "case_00092_s047", "case_00154_s303", "case_00153_s004", "case_00063_s299", "case_00072_s052", "case_00116_s279", "case_00001_s277", "case_00093_s239", "case_00092_s033", "case_00070_s032", "case_00158_s288", "case_00063_s244", "case_00063_s331", "case_00001_s241", "case_00022_s206"], "selected_scores": [0.0034337611868977547, 0.001825639745220542, 0.0018275214824825525, 0.0018838912947103381, 0.0021056300029158592, 0.002939826576039195, 0.0019091387512162328, 0.0018318783259019256, 0.0017939445096999407, 0.001697559840977192, 0.0023414879105985165, 0.0019974205642938614, 0.0020493241026997566, 0.002463290700688958, 0.0017811134457588196, 0.0016812770627439022, 0.0020128260366618633, 0.0016798812430351973, 0.0018261896912008524, 0.0019313563825562596, 0.0018738373182713985, 0.003069958183914423, 0.0019672256894409657, 0.0018561786273494363, 0.002615588018670678], "selected_pred_fg_ratio": [0.027652740478515625, 0.029392242431640625, 0.00868988037109375, 0.01309967041015625, 0.046558380126953125, 0.04404449462890625, 0.020351409912109375, 0.009937286376953125, 0.018657684326171875, 0.027729034423828125, 0.007045745849609375, 0.04514312744140625, 0.01236724853515625, 0.046932220458984375, 0.027988433837890625, 0.009181976318359375, 0.040172576904296875, 0.02634429931640625, 0.023616790771484375, 0.031047821044921875, 0.02893829345703125, 0.02600860595703125, 0.005870819091796875, 0.0206298828125, 0.03842926025390625], "selected_pred_class_dist": [[0.9723472595214844, 0.02497100830078125, 0.002681732177734375], [0.9706077575683594, 0.0291900634765625, 0.000202178955078125], [0.9913101196289062, 0.008289337158203125, 0.000400543212890625], [0.9869003295898438, 0.01309967041015625, 0.0], [0.9534416198730469, 0.0465240478515625, 3.4332275390625e-05], [0.9559555053710938, 0.04193115234375, 0.00211334228515625], [0.9796485900878906, 0.020050048828125, 0.000301361083984375], [0.9900627136230469, 0.00974273681640625, 0.000194549560546875], [0.9813423156738281, 0.016819000244140625, 0.00183868408203125], [0.9722709655761719, 0.02507781982421875, 0.002651214599609375], [0.9929542541503906, 0.007045745849609375, 0.0], [0.9548568725585938, 0.043201446533203125, 0.001941680908203125], [0.9876327514648438, 0.012287139892578125, 8.0108642578125e-05], [0.9530677795410156, 0.04654693603515625, 0.000385284423828125], [0.9720115661621094, 0.027191162109375, 0.000797271728515625], [0.9908180236816406, 0.00689697265625, 0.002285003662109375], [0.9598274230957031, 0.040119171142578125, 5.340576171875e-05], [0.9736557006835938, 0.02431488037109375, 0.0020294189453125], [0.9763832092285156, 0.021728515625, 0.001888275146484375], [0.9689521789550781, 0.01491546630859375, 0.016132354736328125], [0.9710617065429688, 0.028812408447265625, 0.000125885009765625], [0.9739913940429688, 0.024280548095703125, 0.001728057861328125], [0.9941291809082031, 0.004970550537109375, 0.0009002685546875], [0.9793701171875, 0.019954681396484375, 0.000675201416015625], [0.9615707397460938, 0.038127899169921875, 0.000301361083984375]], "candidate_count": 2475, "candidate_scores_path": "/groups/echambe2/gmeng/MedAL-Agent/repo/code/runs/frozen_v5/candidate_scores/kits19__P5__s1000__r0.json", "predictions_path": "", "initial_labeled_path": "/groups/echambe2/gmeng/MedAL-Agent/repo/code/runs/frozen_v5/init_sets/kits19__s1000__n25.json", "initial_labeled_ids": ["case_00001_s312", "case_00003_s197", "case_00004_s042", "case_00004_s052", "case_00005_s273", "case_00005_s277", "case_00014_s132", "case_00015_s056", "case_00028_s030", "case_00033_s104", "case_00038_s008", "case_00052_s280", "case_00059_s313", "case_00060_s031", "case_00086_s063", "case_00091_s204", "case_00150_s057", "case_00151_s179", "case_00160_s178", "case_00180_s017", "case_00188_s140", "case_00191_s118", "case_00191_s173", "case_00201_s027", "case_00207_s073"], "selection_diagnostics": {}, "training": {"num_iters": 1000, "batch_size": 12, "lr": 0.001, "image_size": 512, "aspect_preserve": true, "resolution_policy": "longside_pad32", "preproc_cache": {"pool": "hit", "val": "hit"}, "train_runtime_sec": 937.3070311546326, "query_runtime_sec": 46.359352350234985, "iters": 2400, "stop_iter": 2400, "mean_loss": 0.15833102873216073, "last_loss": 0.01311313733458519, "stop_reason": "plateau", "hit_max_iters": false, "final_smooth_loss": 0.02541817808523774, "best_smooth_loss": 0.027075041979551316, "diverged": false, "loss_curve": [[1000, 0.05002695729956031], [1100, 0.04512950593605638], [1200, 0.042987772282212976], [1300, 0.041758498176932335], [1400, 0.0397512842155993], [1500, 0.038652482964098456], [1600, 0.03303737359121442], [1700, 0.030735655445605515], [1800, 0.03175987685099244], [1900, 0.027075041979551316], [2000, 0.03140495939180255], [2100, 0.0255656779371202], [2200, 0.0256468746624887], [2300, 0.02468805158510804], [2400, 0.02541817808523774]]}, "ckpt_id": "kits19__P5__s1000__r0", "ckpt_path": "", "ckpt_hash": "d9b92bf620e4c4dd4345df46a1df9f144788191602a26b9b955fb267e4a4453f", "config_hash": "e4fae46d1c013eb7c36e2eeecfd787bd198e1e60b7f9bf7f044c146e0d2a9270", "feature_cache_keys": {"task_unet": "task_unet_bottleneck@d9b92bf620e4"}, "sam_model_type": "", "sam_checkpoint": "", "metrics": {"primary_metric": "mean_dsc_fg_case_macro", "metric_version": "v3_case_macro", "eval_scope": "case_retained_slices", "mean_dsc_fg_case_macro": 0.3383560212429886, "mean_dsc_fg": 0.3383560212429886, "mean_dsc_fg_pooled_diagnostic": 0.3286340720953545, "dsc_per_class_pooled": [0.9870638499402314, 0.6038646703116555, 0.05340347387905352], "dsc_per_class": [0.9870638499402314, 0.6038646703116555, 0.05340347387905352], "n_cases": 18, "n_eval": 500, "structure_detection_rate": 1.0, "missed_structure_rate": 0.0}, "runtime_sec": {"train": 937.3070311546326, "eval": 6.8671886920928955, "select": 46.359352350234985}, "gpu_mem_mb": 9368.62208, "gpu_name": "NVIDIA A40", "gpu_total_mem_mb": 47960.489984, "foundation": {}, "notes": ""}
{"schema_version": "v3", "run_id": "kits19__P5__s1000", "round": 1, "dataset": "kits19", "modality": "ct", "target": "kidney", "dim": "3d", "query_unit": "slice", "seed": 1000, "round_seed": 1001, "component_seeds": {"model_init_seed": 1028625171, "loader_seed": 316625031, "query_seed": 253434028, "dropout_seed": 3317428529}, "total_rounds": 7, "budget_denominator": {"full_train_N": 8207, "requested_pool_cap": 5000, "actual_AL_pool_N": 2500, "budget_plan": [25, 50, 100, 176, 250, 375, 500], "fraction_of_AL_pool": 0.2, "fraction_of_full_train": 0.06092360180333861}, "policy_id": "P5", "policy_name": "EntropyCoreSet", "method_version": "1.0", "is_ablation": false, "policy_config": {}, "cumulative_budget": 50, "incremental_query_count": 50, "labeled_count": 50, "labeled_ratio": 0.02, "selected_ids": ["case_00160_s144", "case_00135_s216", "case_00151_s245", "case_00160_s122", "case_00135_s197", "case_00056_s040", "case_00124_s147", "case_00005_s321", "case_00113_s032", "case_00175_s048", "case_00099_s041", "case_00005_s257", "case_00159_s350", "case_00135_s202", "case_00123_s164", "case_00188_s157", "case_00134_s029", "case_00061_s012", "case_00154_s264", "case_00135_s189", "case_00096_s286", "case_00192_s070", "case_00128_s083", "case_00100_s219", "case_00157_s344", "case_00180_s054", "case_00072_s072", "case_00135_s192", "case_00100_s214", "case_00125_s070", "case_00155_s306", "case_00107_s029", "case_00199_s072", "case_00005_s292", "case_00116_s373", "case_00049_s236", "case_00166_s051", "case_00015_s030", "case_00198_s142", "case_00057_s039", "case_00158_s187", "case_00158_s214", "case_00008_s136", "case_00069_s034", "case_00086_s046", "case_00154_s335", "case_00015_s065", "case_00154_s285", "case_00207_s065", "case_00139_s043"], "selected_scores": [0.002555707236751914, 0.0020181043073534966, 0.0019764569588005543, 0.0021033852826803923, 0.0022609615698456764, 0.0019850258249789476, 0.002081938087940216, 0.002045330358669162, 0.0021870648488402367, 0.0022492376156151295, 0.0019498912151902914, 0.002548589836806059, 0.0028517122846096754, 0.0023722487967461348, 0.0019141831435263157, 0.001918057445436716, 0.0019302661530673504, 0.0020094348583370447, 0.0028071017004549503, 0.0020496028009802103, 0.0021346602588891983, 0.002720941323786974, 0.001913137617520988, 0.0023454679176211357, 0.0022223913110792637, 0.002003119792789221, 0.0020152037031948566, 0.00334996753372252, 0.0018721793312579393, 0.002367025939747691, 0.004562344867736101, 0.002747104736045003, 0.0021747935097664595, 0.003933840896934271, 0.0023351761046797037, 0.0018967833602800965, 0.0018545687198638916, 0.0023729607928544283, 0.0018462302396073937, 0.0018474678508937359, 0.002669702749699354, 0.002164148259907961, 0.002648909343406558, 0.002022482454776764, 0.0026536723598837852, 0.00208833534270525, 0.0018488690257072449, 0.002358111087232828, 0.001957700354978442, 0.0021337189245969057], "selected_pred_fg_ratio": [0.01407623291015625, 0.005367279052734375, 0.00583648681640625, 0.011852264404296875, 0.00677490234375, 0.01477813720703125, 0.037181854248046875, 0.006801605224609375, 0.027027130126953125, 0.010295867919921875, 0.02126312255859375, 0.0140380859375, 0.015300750732421875, 0.00734710693359375, 0.009944915771484375, 0.035060882568359375, 0.01567840576171875, 0.026874542236328125, 0.040439605712890625, 0.008968353271484375, 0.0159454345703125, 0.04274749755859375, 0.022022247314453125, 0.009067535400390625, 0.04575347900390625, 0.026004791259765625, 0.03189849853515625, 0.014522552490234375, 0.011814117431640625, 0.012603759765625, 0.03763580322265625, 0.05408477783203125, 0.0424957275390625, 0.020427703857421875, 0.014251708984375, 0.0135498046875, 0.02324676513671875, 0.0212249755859375, 0.0201568603515625, 0.024051666259765625, 0.01203155517578125, 0.016544342041015625, 0.018093109130859375, 0.027797698974609375, 0.033660888671875, 0.008670806884765625, 0.00501251220703125, 0.040008544921875, 0.02988433837890625, 0.02152252197265625], "selected_pred_class_dist": [[0.9859237670898438, 0.01390838623046875, 0.0001678466796875], [0.9946327209472656, 0.0039520263671875, 0.001415252685546875], [0.9941635131835938, 0.00583648681640625, 0.0], [0.9881477355957031, 0.010852813720703125, 0.00099945068359375], [0.99322509765625, 0.00677490234375, 0.0], [0.9852218627929688, 0.01470184326171875, 7.62939453125e-05], [0.9628181457519531, 0.0370025634765625, 0.000179290771484375], [0.9931983947753906, 0.006801605224609375, 0.0], [0.9729728698730469, 0.0270233154296875, 3.814697265625e-06], [0.9897041320800781, 0.010295867919921875, 0.0], [0.9787368774414062, 0.01753997802734375, 0.00372314453125], [0.9859619140625, 0.0140380859375, 0.0], [0.9846992492675781, 0.015300750732421875, 0.0], [0.9926528930664062, 0.005672454833984375, 0.001674652099609375], [0.9900550842285156, 0.009944915771484375, 0.0], [0.9649391174316406, 0.034366607666015625, 0.00069427490234375], [0.9843215942382812, 0.01567840576171875, 0.0], [0.9731254577636719, 0.026874542236328125, 0.0], [0.9595603942871094, 0.040081024169921875, 0.00035858154296875], [0.9910316467285156, 0.008968353271484375, 0.0], [0.9840545654296875, 0.0159454345703125, 0.0], [0.9572525024414062, 0.035427093505859375, 0.007320404052734375], [0.9779777526855469, 0.022022247314453125, 0.0], [0.9909324645996094, 0.009067535400390625, 0.0], [0.9542465209960938, 0.04506683349609375, 0.0006866455078125], [0.9739952087402344, 0.0255126953125, 0.000492095947265625], [0.9681015014648438, 0.028789520263671875, 0.003108978271484375], [0.9854774475097656, 0.014522552490234375, 0.0], [0.9881858825683594, 0.011547088623046875, 0.00026702880859375], [0.987396240234375, 0.012603759765625, 0.0], [0.9623641967773438, 0.037628173828125, 7.62939453125e-06], [0.9459152221679688, 0.029022216796875, 0.02506256103515625], [0.9575042724609375, 0.0424957275390625, 0.0], [0.9795722961425781, 0.020427703857421875, 0.0], [0.985748291015625, 0.014057159423828125, 0.000194549560546875], [0.9864501953125, 0.0135498046875, 0.0], [0.9767532348632812, 0.020992279052734375, 0.002254486083984375], [0.9787750244140625, 0.0212249755859375, 0.0], [0.9798431396484375, 0.0201416015625, 1.52587890625e-05], [0.9759483337402344, 0.024051666259765625, 0.0], [0.9879684448242188, 0.011932373046875, 9.918212890625e-05], [0.9834556579589844, 0.016544342041015625, 0.0], [0.9819068908691406, 0.017772674560546875, 0.0003204345703125], [0.9722023010253906, 0.026020050048828125, 0.00177764892578125], [0.966339111328125, 0.033660888671875, 0.0], [0.9913291931152344, 0.008670806884765625, 0.0], [0.9949874877929688, 0.00501251220703125, 0.0], [0.959991455078125, 0.040008544921875, 0.0], [0.9701156616210938, 0.02988433837890625, 0.0], [0.9784774780273438, 0.013645172119140625, 0.007877349853515625]], "candidate_count": 2450, "candidate_scores_path": "/groups/echambe2/gmeng/MedAL-Agent/repo/code/runs/frozen_v5/candidate_scores/kits19__P5__s1000__r1.json", "predictions_path": "", "initial_labeled_path": "/groups/echambe2/gmeng/MedAL-Agent/repo/code/runs/frozen_v5/init_sets/kits19__s1000__n25.json", "initial_labeled_ids": [], "selection_diagnostics": {}, "training": {"num_iters": 1000, "batch_size": 12, "lr": 0.001, "image_size": 512, "aspect_preserve": true, "resolution_policy": "longside_pad32", "preproc_cache": {"pool": "hit", "val": "hit"}, "train_runtime_sec": 1171.4299011230469, "query_runtime_sec": 55.686261892318726, "iters": 3000, "stop_iter": 3000, "mean_loss": 0.23325455669127404, "last_loss": 0.04159983620047569, "stop_reason": "plateau", "hit_max_iters": false, "final_smooth_loss": 0.03789524642750621, "best_smooth_loss": 0.042769451923668385, "diverged": false, "loss_curve": [[1000, 0.10413501288741828], [1100, 0.10604045905172825], [1200, 0.09207068391144275], [1300, 0.08064506951719523], [1400, 0.08506822422146797], [1500, 0.09293438367545605], [1600, 0.19510540008544922], [1700, 0.08832423478364944], [1800, 0.061018564738333225], [1900, 0.058541306760162115], [2000, 0.04986480943858623], [2100, 0.05027170764282346], [2200, 0.04680005833506584], [2300, 0.052296179309487344], [2400, 0.048236922603100536], [2500, 0.042769451923668385], [2600, 0.04183521050959826], [2700, 0.04320044523105025], [2800, 0.05022461110725999], [2900, 0.04034706035628915], [3000, 0.03789524642750621]]}, "ckpt_id": "kits19__P5__s1000__r1", "ckpt_path": "", "ckpt_hash": "4a0e6e3ede9dd69da6fd8d82ad18aaf024514422ff655a1dbe2edbbf50376d6c", "config_hash": "e4fae46d1c013eb7c36e2eeecfd787bd198e1e60b7f9bf7f044c146e0d2a9270", "feature_cache_keys": {"task_unet": "task_unet_bottleneck@4a0e6e3ede9d"}, "sam_model_type": "", "sam_checkpoint": "", "metrics": {"primary_metric": "mean_dsc_fg_case_macro", "metric_version": "v3_case_macro", "eval_scope": "case_retained_slices", "mean_dsc_fg_case_macro": 0.4294536880026546, "mean_dsc_fg": 0.4294536880026546, "mean_dsc_fg_pooled_diagnostic": 0.4667039843271832, "dsc_per_class_pooled": [0.9914960399808134, 0.815572601962592, 0.11783536669177438], "dsc_per_class": [0.9914960399808134, 0.815572601962592, 0.11783536669177438], "n_cases": 18, "n_eval": 500, "structure_detection_rate": 1.0, "missed_structure_rate": 0.0}, "runtime_sec": {"train": 1171.4299011230469, "eval": 7.404620885848999, "select": 55.686261892318726}, "gpu_mem_mb": 9417.150464, "gpu_name": "NVIDIA A40", "gpu_total_mem_mb": 47960.489984, "foundation": {}, "notes": ""}
{"schema_version": "v3", "run_id": "kits19__P5__s1000", "round": 2, "dataset": "kits19", "modality": "ct", "target": "kidney", "dim": "3d", "query_unit": "slice", "seed": 1000, "round_seed": 1002, "component_seeds": {"model_init_seed": 265999627, "loader_seed": 1465654863, "query_seed": 2544461518, "dropout_seed": 3552612840}, "total_rounds": 7, "budget_denominator": {"full_train_N": 8207, "requested_pool_cap": 5000, "actual_AL_pool_N": 2500, "budget_plan": [25, 50, 100, 176, 250, 375, 500], "fraction_of_AL_pool": 0.2, "fraction_of_full_train": 0.06092360180333861}, "policy_id": "P5", "policy_name": "EntropyCoreSet", "method_version": "1.0", "is_ablation": false, "policy_config": {}, "cumulative_budget": 100, "incremental_query_count": 76, "labeled_count": 100, "labeled_ratio": 0.04, "selected_ids": ["case_00040_s124", "case_00151_s294", "case_00086_s036", "case_00013_s046", "case_00140_s102", "case_00182_s029", "case_00027_s268", "case_00102_s099", "case_00188_s096", "case_00170_s200", "case_00201_s040", "case_00056_s030", "case_00048_s034", "case_00060_s049", "case_00008_s163", "case_00160_s118", "case_00025_s049", "case_00046_s032", "case_00002_s169", "case_00165_s377", "case_00012_s020", "case_00040_s086", "case_00119_s014", "case_00199_s046", "case_00003_s100", "case_00057_s029", "case_00142_s234", "case_00130_s018", "case_00093_s212", "case_00130_s037", "case_00135_s283", "case_00195_s036", "case_00012_s024", "case_00198_s121", "case_00049_s274", "case_00038_s025", "case_00171_s079", "case_00113_s038", "case_00070_s023", "case_00179_s028", "case_00039_s018", "case_00200_s027", "case_00091_s245", "case_00160_s076", "case_00144_s059", "case_00069_s026", "case_00123_s104", "case_00029_s080", "case_00048_s040", "case_00130_s007", "case_00209_s043", "case_00168_s041", "case_00107_s042", "case_00135_s323", "case_00192_s075", "case_00201_s049", "case_00172_s033", "case_00177_s027", "case_00098_s109", "case_00145_s055", "case_00086_s031", "case_00107_s018", "case_00140_s148", "case_00099_s028", "case_00028_s026", "case_00093_s269", "case_00177_s034", "case_00066_s130", "case_00055_s027", "case_00149_s048", "case_00186_s078", "case_00149_s053", "case_00173_s039", "case_00199_s055", "case_00119_s024", "case_00022_s273"], "selected_scores": [0.0026290074456483126, 0.0023788013495504856, 0.0034109223634004593, 0.0033896148670464754, 0.0032882930245250463, 0.002272243145853281, 0.003209879621863365, 0.002518981695175171, 0.002748538739979267, 0.003145267255604267, 0.0028296601958572865, 0.003800556994974613, 0.0024778905790299177, 0.0028863968327641487, 0.0032124645076692104, 0.003101118840277195, 0.003010159358382225, 0.002566430950537324, 0.0023280985187739134, 0.0028032283298671246, 0.0023147636093199253, 0.0022897219751030207, 0.0025404992047697306, 0.004261886700987816, 0.0024431273341178894, 0.0025282506830990314, 0.0031005381606519222, 0.005034100729972124, 0.0022736608516424894, 0.0029099583625793457, 0.002513607731088996, 0.0022743334993720055, 0.0027608112432062626, 0.003483117325231433, 0.0025171353481709957, 0.0025905275251716375, 0.0025185742415487766, 0.0027313479222357273, 0.0028576862532645464, 0.0027221539057791233, 0.0037214504554867744, 0.0031229588203132153, 0.003674555802717805, 0.002379871904850006, 0.004522373434156179, 0.002393695991486311, 0.002307428978383541, 0.0025313824880868196, 0.005222402513027191, 0.0037530139088630676, 0.002575044287368655, 0.0022746154572814703, 0.0042745270766317844, 0.0026189680211246014, 0.00270422687754035, 0.0024341787211596966, 0.004423863720148802, 0.0031085507944226265, 0.0029225230682641268, 0.003069943282753229, 0.0033980763982981443, 0.002469354309141636, 0.0026908537838608027, 0.0025520585477352142, 0.0033181202597916126, 0.002704112557694316, 0.0024169981479644775, 0.0024698495399206877, 0.0034464600030332804, 0.0036649000830948353, 0.0027975228149443865, 0.002883772598579526, 0.002557311439886689, 0.0025991732254624367, 0.004150046035647392, 0.0030398417729884386], "selected_pred_fg_ratio": [0.013988494873046875, 0.003570556640625, 0.027011871337890625, 0.03203582763671875, 0.013813018798828125, 0.016574859619140625, 0.011791229248046875, 0.011684417724609375, 0.0297088623046875, 0.0247802734375, 0.04622650146484375, 0.061260223388671875, 0.023777008056640625, 0.02858734130859375, 0.0230255126953125, 0.04540252685546875, 0.038242340087890625, 0.01512908935546875, 0.019466400146484375, 0.02452850341796875, 0.02196502685546875, 0.02483367919921875, 0.0080413818359375, 0.017932891845703125, 0.012012481689453125, 0.016391754150390625, 0.009490966796875, 0.01973724365234375, 0.019439697265625, 0.0298004150390625, 0.00853729248046875, 0.028316497802734375, 0.0440216064453125, 0.009067535400390625, 0.0329132080078125, 0.028560638427734375, 0.022884368896484375, 0.0316009521484375, 0.02365875244140625, 0.03665924072265625, 0.018222808837890625, 0.04145050048828125, 0.023227691650390625, 0.002460479736328125, 0.022350311279296875, 0.03436279296875, 0.01607513427734375, 0.025592803955078125, 0.0323028564453125, 0.014862060546875, 0.017391204833984375, 0.026042938232421875, 0.016765594482421875, 0.012699127197265625, 0.071441650390625, 0.05047607421875, 0.0570220947265625, 0.035251617431640625, 0.0146942138671875, 0.020351409912109375, 0.016597747802734375, 0.014316558837890625, 0.0393524169921875, 0.033306121826171875, 0.02057647705078125, 0.0265045166015625, 0.020580291748046875, 0.00992584228515625, 0.0400848388671875, 0.02648162841796875, 0.04181671142578125, 0.044666290283203125, 0.03015899658203125, 0.030063629150390625, 0.051914215087890625, 0.043212890625], "selected_pred_class_dist": [[0.9860115051269531, 0.012889862060546875, 0.0010986328125], [0.996429443359375, 0.001995086669921875, 0.001575469970703125], [0.9729881286621094, 0.0269622802734375, 4.9591064453125e-05], [0.9679641723632812, 0.028656005859375, 0.00337982177734375], [0.9861869812011719, 0.01314544677734375, 0.000667572021484375], [0.9834251403808594, 0.011714935302734375, 0.00485992431640625], [0.9882087707519531, 0.01104736328125, 0.000743865966796875], [0.9883155822753906, 0.00383758544921875, 0.007846832275390625], [0.9702911376953125, 0.024200439453125, 0.0055084228515625], [0.9752197265625, 0.02459716796875, 0.00018310546875], [0.9537734985351562, 0.0369873046875, 0.00923919677734375], [0.9387397766113281, 0.022983551025390625, 0.03827667236328125], [0.9762229919433594, 0.015811920166015625, 0.007965087890625], [0.9714126586914062, 0.02593994140625, 0.00264739990234375], [0.9769744873046875, 0.0230255126953125, 0.0], [0.9545974731445312, 0.043415069580078125, 0.001987457275390625], [0.9617576599121094, 0.0269927978515625, 0.011249542236328125], [0.9848709106445312, 0.013210296630859375, 0.001918792724609375], [0.9805335998535156, 0.013507843017578125, 0.00595855712890625], [0.9754714965820312, 0.021984100341796875, 0.002544403076171875], [0.9780349731445312, 0.0203399658203125, 0.00162506103515625], [0.9751663208007812, 0.02353668212890625, 0.0012969970703125], [0.9919586181640625, 0.0059051513671875, 0.00213623046875], [0.9820671081542969, 0.01183319091796875, 0.006099700927734375], [0.9879875183105469, 0.007289886474609375, 0.00472259521484375], [0.9836082458496094, 0.01160430908203125, 0.004787445068359375], [0.990509033203125, 0.007946014404296875, 0.001544952392578125], [0.9802627563476562, 0.01973724365234375, 0.0], [0.980560302734375, 0.019439697265625, 0.0], [0.9701995849609375, 0.027435302734375, 0.0023651123046875], [0.9914627075195312, 0.008464813232421875, 7.2479248046875e-05], [0.9716835021972656, 0.027927398681640625, 0.00038909912109375], [0.9559783935546875, 0.0345306396484375, 0.009490966796875], [0.9909324645996094, 0.009029388427734375, 3.814697265625e-05], [0.9670867919921875, 0.0329132080078125, 0.0], [0.9714393615722656, 0.019565582275390625, 0.00899505615234375], [0.9771156311035156, 0.02045440673828125, 0.002429962158203125], [0.9683990478515625, 0.02848052978515625, 0.00312042236328125], [0.9763412475585938, 0.01651763916015625, 0.00714111328125], [0.9633407592773438, 0.035144805908203125, 0.001514434814453125], [0.9817771911621094, 0.007282257080078125, 0.0109405517578125], [0.9585494995117188, 0.037509918212890625, 0.003940582275390625], [0.9767723083496094, 0.020076751708984375, 0.00315093994140625], [0.9975395202636719, 0.002460479736328125, 0.0], [0.9776496887207031, 0.008159637451171875, 0.014190673828125], [0.96563720703125, 0.032501220703125, 0.001861572265625], [0.9839248657226562, 0.0159454345703125, 0.00012969970703125], [0.9744071960449219, 0.01888275146484375, 0.006710052490234375], [0.9676971435546875, 0.0088043212890625, 0.02349853515625], [0.985137939453125, 0.0128631591796875, 0.0019989013671875], [0.9826087951660156, 0.017070770263671875, 0.0003204345703125], [0.9739570617675781, 0.022632598876953125, 0.00341033935546875], [0.9832344055175781, 0.0145263671875, 0.002239227294921875], [0.9873008728027344, 0.012371063232421875, 0.00032806396484375], [0.928558349609375, 0.0361785888671875, 0.0352630615234375], [0.94952392578125, 0.04352569580078125, 0.00695037841796875], [0.9429779052734375, 0.03885650634765625, 0.01816558837890625], [0.9647483825683594, 0.031650543212890625, 0.00360107421875], [0.9853057861328125, 0.011890411376953125, 0.002803802490234375], [0.9796485900878906, 0.020290374755859375, 6.103515625e-05], [0.9834022521972656, 0.016597747802734375, 0.0], [0.9856834411621094, 0.0137786865234375, 0.000537872314453125], [0.9606475830078125, 0.038593292236328125, 0.000759124755859375], [0.9666938781738281, 0.020397186279296875, 0.012908935546875], [0.9794235229492188, 0.014301300048828125, 0.006275177001953125], [0.9734954833984375, 0.0265045166015625, 0.0], [0.9794197082519531, 0.01580810546875, 0.004772186279296875], [0.9900741577148438, 0.00377655029296875, 0.0061492919921875], [0.9599151611328125, 0.0243377685546875, 0.0157470703125], [0.9735183715820312, 0.01889801025390625, 0.0075836181640625], [0.9581832885742188, 0.03131103515625, 0.01050567626953125], [0.9553337097167969, 0.029285430908203125, 0.015380859375], [0.9698410034179688, 0.03012847900390625, 3.0517578125e-05], [0.9699363708496094, 0.027599334716796875, 0.00246429443359375], [0.9480857849121094, 0.040737152099609375, 0.01117706298828125], [0.956787109375, 0.043212890625, 0.0]], "candidate_count": 2400, "candidate_scores_path": "/groups/echambe2/gmeng/MedAL-Agent/repo/code/runs/frozen_v5/candidate_scores/kits19__P5__s1000__r2.json", "predictions_path": "", "initial_labeled_path": "/groups/echambe2/gmeng/MedAL-Agent/repo/code/runs/frozen_v5/init_sets/kits19__s1000__n25.json", "initial_labeled_ids": [], "selection_diagnostics": {}, "training": {"num_iters": 1000, "batch_size": 12, "lr": 0.001, "image_size": 512, "aspect_preserve": true, "resolution_policy": "longside_pad32", "preproc_cache": {"pool": "hit", "val": "hit"}, "train_runtime_sec": 1129.506514787674, "query_runtime_sec": 47.318697929382324, "iters": 2900, "stop_iter": 2900, "mean_loss": 0.3181541198421398, "last_loss": 0.05968032777309418, "stop_reason": "plateau", "hit_max_iters": false, "final_smooth_loss": 0.07248972792178393, "best_smooth_loss": 0.07316812472417951, "diverged": false, "loss_curve": [[1000, 0.3110400193929672], [1100, 0.22061265721917153], [1200, 0.18018892250955104], [1300, 0.16235300287604332], [1400, 0.14687815852463246], [1500, 0.1142295628413558], [1600, 0.09417520575225354], [1700, 0.10198668766766787], [1800, 0.1123645780608058], [1900, 0.09904229555279016], [2000, 0.0793614675104618], [2100, 0.07508651554584503], [2200, 0.11605544034391642], [2300, 0.08839920800179243], [2400, 0.07316812472417951], [2500, 0.08177308842539788], [2600, 0.08105494925752282], [2700, 0.08618862343952059], [2800, 0.07127703476697206], [2900, 0.07248972792178393]]}, "ckpt_id": "kits19__P5__s1000__r2", "ckpt_path": "", "ckpt_hash": "daac5bd416074b4192841fdaf2f81ad1f02c8de3e0203c302e2563e5b3f81fde", "config_hash": "e4fae46d1c013eb7c36e2eeecfd787bd198e1e60b7f9bf7f044c146e0d2a9270", "feature_cache_keys": {"task_unet": "task_unet_bottleneck@daac5bd41607"}, "sam_model_type": "", "sam_checkpoint": "", "metrics": {"primary_metric": "mean_dsc_fg_case_macro", "metric_version": "v3_case_macro", "eval_scope": "case_retained_slices", "mean_dsc_fg_case_macro": 0.4668879501270615, "mean_dsc_fg": 0.4668879501270615, "mean_dsc_fg_pooled_diagnostic": 0.6046855797412054, "dsc_per_class_pooled": [0.9923761857796631, 0.7981784936835752, 0.41119266579883557], "dsc_per_class": [0.9923761857796631, 0.7981784936835752, 0.41119266579883557], "n_cases": 18, "n_eval": 500, "structure_detection_rate": 1.0, "missed_structure_rate": 0.0}, "runtime_sec": {"train": 1129.506514787674, "eval": 6.555038213729858, "select": 47.318697929382324}, "gpu_mem_mb": 9418.0352, "gpu_name": "NVIDIA A40", "gpu_total_mem_mb": 47960.489984, "foundation": {}, "notes": ""}
