{"schema_version": "v3", "run_id": "kits19__P1__s2000", "round": 0, "dataset": "kits19", "modality": "ct", "target": "kidney", "dim": "3d", "query_unit": "slice", "seed": 2000, "round_seed": 2000, "component_seeds": {"model_init_seed": 1733582241, "loader_seed": 3333593949, "query_seed": 2915079519, "dropout_seed": 1768907296}, "total_rounds": 7, "budget_denominator": {"full_train_N": 8590, "requested_pool_cap": 5000, "actual_AL_pool_N": 2500, "budget_plan": [25, 50, 100, 176, 250, 375, 500], "fraction_of_AL_pool": 0.2, "fraction_of_full_train": 0.05820721769499418}, "policy_id": "P1", "policy_name": "EntropyFull", "method_version": "1.0", "is_ablation": false, "policy_config": {}, "cumulative_budget": 25, "incremental_query_count": 25, "labeled_count": 25, "labeled_ratio": 0.01, "selected_ids": ["case_00101_s298", "case_00101_s303", "case_00101_s301", "case_00116_s280", "case_00063_s285", "case_00063_s286", "case_00063_s281", "case_00091_s207", "case_00091_s206", "case_00132_s307", "case_00091_s205", "case_00132_s308", "case_00091_s210", "case_00063_s300", "case_00063_s308", "case_00141_s323", "case_00063_s278", "case_00063_s270", "case_00141_s333", "case_00091_s208", "case_00063_s307", "case_00116_s277", "case_00103_s228", "case_00063_s274", "case_00132_s315"], "selected_scores": [0.009397258050739765, 0.007231305819004774, 0.006917152553796768, 0.005539906211197376, 0.004933749791234732, 0.004924611654132605, 0.0048125628381967545, 0.004666083492338657, 0.004661637358367443, 0.004491776693612337, 0.004451848100870848, 0.0043580676428973675, 0.00432406272739172, 0.0043180533684790134, 0.004314854741096497, 0.004276597872376442, 0.0042699906043708324, 0.0042435117065906525, 0.004231901373714209, 0.004230729769915342, 0.004207797814160585, 0.004091842565685511, 0.004091319162398577, 0.00405849190428853, 0.004029388539493084], "selected_pred_fg_ratio": [0.01140594482421875, 0.012744903564453125, 0.011722564697265625, 0.00885772705078125, 0.004932403564453125, 0.008609771728515625, 0.00494384765625, 0.030422210693359375, 0.026775360107421875, 0.00542449951171875, 0.023162841796875, 0.006954193115234375, 0.032146453857421875, 0.010517120361328125, 0.004154205322265625, 0.005924224853515625, 0.008968353271484375, 0.0042877197265625, 0.003116607666015625, 0.03760528564453125, 0.0037994384765625, 0.00986480712890625, 0.003719329833984375, 0.00566864013671875, 0.006999969482421875], "selected_pred_class_dist": [[0.9885940551757812, 0.008876800537109375, 0.002529144287109375], [0.9872550964355469, 0.00986480712890625, 0.002880096435546875], [0.9882774353027344, 0.009296417236328125, 0.0024261474609375], [0.9911422729492188, 0.007961273193359375, 0.000896453857421875], [0.9950675964355469, 0.0045013427734375, 0.000431060791015625], [0.9913902282714844, 0.0079498291015625, 0.000659942626953125], [0.99505615234375, 0.00469970703125, 0.000244140625], [0.9695777893066406, 0.030422210693359375, 0.0], [0.9732246398925781, 0.026775360107421875, 0.0], [0.9945755004882812, 0.00241851806640625, 0.0030059814453125], [0.976837158203125, 0.023162841796875, 0.0], [0.9930458068847656, 0.00347137451171875, 0.003482818603515625], [0.9678535461425781, 0.032146453857421875, 0.0], [0.9894828796386719, 0.01043701171875, 8.0108642578125e-05], [0.9958457946777344, 0.003021240234375, 0.001132965087890625], [0.9940757751464844, 0.005889892578125, 3.4332275390625e-05], [0.9910316467285156, 0.008167266845703125, 0.00080108642578125], [0.9957122802734375, 0.004261016845703125, 2.6702880859375e-05], [0.9968833923339844, 0.002841949462890625, 0.000274658203125], [0.9623947143554688, 0.03760528564453125, 0.0], [0.9962005615234375, 0.002597808837890625, 0.001201629638671875], [0.9901351928710938, 0.009372711181640625, 0.000492095947265625], [0.9962806701660156, 0.003719329833984375, 0.0], [0.9943313598632812, 0.00424957275390625, 0.0014190673828125], [0.9930000305175781, 0.00612640380859375, 0.000873565673828125]], "candidate_count": 2475, "candidate_scores_path": "/groups/echambe2/gmeng/MedAL-Agent/repo/code/runs/frozen_v5/candidate_scores/kits19__P1__s2000__r0.json", "predictions_path": "", "initial_labeled_path": "/groups/echambe2/gmeng/MedAL-Agent/repo/code/runs/frozen_v5/init_sets/kits19__s2000__n25.json", "initial_labeled_ids": ["case_00001_s333", "case_00008_s122", "case_00020_s034", "case_00040_s100", "case_00066_s205", "case_00066_s220", "case_00069_s035", "case_00073_s079", "case_00083_s079", "case_00092_s028", "case_00093_s213", "case_00096_s376", "case_00098_s140", "case_00098_s145", "case_00111_s051", "case_00111_s073", "case_00116_s373", "case_00120_s191", "case_00138_s042", "case_00147_s027", "case_00150_s064", "case_00177_s026", "case_00177_s029", "case_00188_s113", "case_00193_s112"], "selection_diagnostics": {}, "training": {"num_iters": 1000, "batch_size": 12, "lr": 0.001, "image_size": 512, "aspect_preserve": true, "resolution_policy": "longside_pad32", "preproc_cache": {"pool": "hit", "val": "hit"}, "train_runtime_sec": 630.448061466217, "query_runtime_sec": 34.98334574699402, "iters": 1600, "stop_iter": 1600, "mean_loss": 0.19727218615240416, "last_loss": 0.017191370949149132, "stop_reason": "plateau", "hit_max_iters": false, "final_smooth_loss": 0.023710708916187286, "best_smooth_loss": 0.026777077447623015, "diverged": false, "loss_curve": [[1000, 0.03355864904820919], [1100, 0.026777077447623015], [1200, 0.02827889960259199], [1300, 0.026851065773516893], [1400, 0.06164297102019191], [1500, 0.033703307155519724], [1600, 0.023710708916187286]]}, "ckpt_id": "kits19__P1__s2000__r0", "ckpt_path": "", "ckpt_hash": "24b83cf19a4cca541c742ffbb01a2b60db047d2a052ac440ef2bfe06afe5c1e6", "config_hash": "e4fae46d1c013eb7c36e2eeecfd787bd198e1e60b7f9bf7f044c146e0d2a9270", "feature_cache_keys": {}, "sam_model_type": "", "sam_checkpoint": "", "metrics": {"primary_metric": "mean_dsc_fg_case_macro", "metric_version": "v3_case_macro", "eval_scope": "case_retained_slices", "mean_dsc_fg_case_macro": 0.3399646221749001, "mean_dsc_fg": 0.3399646221749001, "mean_dsc_fg_pooled_diagnostic": 0.32611851771145706, "dsc_per_class_pooled": [0.9903259974095662, 0.5963838506769781, 0.055853184745936], "dsc_per_class": [0.9903259974095662, 0.5963838506769781, 0.055853184745936], "n_cases": 18, "n_eval": 500, "structure_detection_rate": 1.0, "missed_structure_rate": 0.0}, "runtime_sec": {"train": 630.448061466217, "eval": 6.981550216674805, "select": 34.98334574699402}, "gpu_mem_mb": 9368.62208, "gpu_name": "NVIDIA A40", "gpu_total_mem_mb": 47960.489984, "foundation": {}, "notes": ""}
{"schema_version": "v3", "run_id": "kits19__P1__s2000", "round": 1, "dataset": "kits19", "modality": "ct", "target": "kidney", "dim": "3d", "query_unit": "slice", "seed": 2000, "round_seed": 2001, "component_seeds": {"model_init_seed": 4092542587, "loader_seed": 4022314598, "query_seed": 1275594993, "dropout_seed": 1443935428}, "total_rounds": 7, "budget_denominator": {"full_train_N": 8590, "requested_pool_cap": 5000, "actual_AL_pool_N": 2500, "budget_plan": [25, 50, 100, 176, 250, 375, 500], "fraction_of_AL_pool": 0.2, "fraction_of_full_train": 0.05820721769499418}, "policy_id": "P1", "policy_name": "EntropyFull", "method_version": "1.0", "is_ablation": false, "policy_config": {}, "cumulative_budget": 50, "incremental_query_count": 50, "labeled_count": 50, "labeled_ratio": 0.02, "selected_ids": ["case_00178_s039", "case_00178_s038", "case_00178_s035", "case_00001_s260", "case_00001_s266", "case_00001_s259", "case_00022_s214", "case_00022_s222", "case_00068_s299", "case_00001_s264", "case_00022_s208", "case_00135_s210", "case_00001_s269", "case_00052_s277", "case_00178_s033", "case_00068_s296", "case_00063_s239", "case_00068_s302", "case_00115_s285", "case_00063_s253", "case_00001_s273", "case_00001_s272", "case_00001_s216", "case_00063_s240", "case_00001_s278", "case_00052_s267", "case_00001_s248", "case_00063_s256", "case_00132_s386", "case_00022_s209", "case_00063_s243", "case_00115_s280", "case_00092_s039", "case_00001_s212", "case_00068_s298", "case_00001_s252", "case_00068_s291", "case_00154_s273", "case_00154_s306", "case_00001_s249", "case_00092_s036", "case_00068_s312", "case_00068_s289", "case_00068_s304", "case_00068_s294", "case_00115_s288", "case_00154_s280", "case_00001_s290", "case_00154_s279", "case_00052_s287"], "selected_scores": [0.009154552593827248, 0.008776961825788021, 0.007089406717568636, 0.006771967746317387, 0.006627330556511879, 0.0062623699195683, 0.005977862514555454, 0.005895924288779497, 0.005802405998110771, 0.005770382005721331, 0.005762945860624313, 0.005611014552414417, 0.005581268109381199, 0.00553775392472744, 0.005461683962494135, 0.005359953735023737, 0.0053478446789085865, 0.00532374856993556, 0.005291126202791929, 0.005249393172562122, 0.005192113574594259, 0.005184532608836889, 0.00516961794346571, 0.005133019760251045, 0.005055024288594723, 0.005024207290261984, 0.004972183145582676, 0.004943155217915773, 0.004924458917230368, 0.0048661003820598125, 0.004853508900851011, 0.00485204579308629, 0.004849029704928398, 0.004841233603656292, 0.004759995266795158, 0.004744861274957657, 0.004732784815132618, 0.004724552854895592, 0.0047165397554636, 0.0046624415554106236, 0.004587389063090086, 0.0045709023252129555, 0.004549969453364611, 0.00453268364071846, 0.004520585294812918, 0.00448088301345706, 0.0044703432358801365, 0.004467146471142769, 0.00437490688636899, 0.004373996984213591], "selected_pred_fg_ratio": [0.08507537841796875, 0.0840606689453125, 0.056987762451171875, 0.02494049072265625, 0.03723907470703125, 0.02081298828125, 0.024871826171875, 0.043712615966796875, 0.018398284912109375, 0.033740997314453125, 0.03435516357421875, 0.027332305908203125, 0.0307159423828125, 0.019256591796875, 0.045520782470703125, 0.02326202392578125, 0.038516998291015625, 0.021137237548828125, 0.014240264892578125, 0.041965484619140625, 0.023651123046875, 0.02475738525390625, 0.024868011474609375, 0.03692626953125, 0.029911041259765625, 0.01654052734375, 0.028415679931640625, 0.044406890869140625, 0.00592041015625, 0.02576446533203125, 0.028789520263671875, 0.0200042724609375, 0.0571746826171875, 0.028308868408203125, 0.018520355224609375, 0.0307769775390625, 0.03812408447265625, 0.025421142578125, 0.01396942138671875, 0.028652191162109375, 0.04212188720703125, 0.013698577880859375, 0.03961181640625, 0.013736724853515625, 0.02344512939453125, 0.00885009765625, 0.032135009765625, 0.055149078369140625, 0.0201568603515625, 0.011505126953125], "selected_pred_class_dist": [[0.9149246215820312, 0.08256149291992188, 0.002513885498046875], [0.9159393310546875, 0.079498291015625, 0.0045623779296875], [0.9430122375488281, 0.048084259033203125, 0.00890350341796875], [0.9750595092773438, 0.02494049072265625, 0.0], [0.9627609252929688, 0.03723907470703125, 0.0], [0.97918701171875, 0.02081298828125, 0.0], [0.975128173828125, 0.024871826171875, 0.0], [0.9562873840332031, 0.043712615966796875, 0.0], [0.9816017150878906, 0.018398284912109375, 0.0], [0.9662590026855469, 0.03276824951171875, 0.000972747802734375], [0.9656448364257812, 0.03435516357421875, 0.0], [0.9726676940917969, 0.01071929931640625, 0.016613006591796875], [0.9692840576171875, 0.0307159423828125, 0.0], [0.980743408203125, 0.019256591796875, 0.0], [0.9544792175292969, 0.0418243408203125, 0.003696441650390625], [0.9767379760742188, 0.02326202392578125, 0.0], [0.9614830017089844, 0.036968231201171875, 0.00154876708984375], [0.9788627624511719, 0.021137237548828125, 0.0], [0.9857597351074219, 0.013790130615234375, 0.00045013427734375], [0.9580345153808594, 0.04190826416015625, 5.7220458984375e-05], [0.976348876953125, 0.023651123046875, 0.0], [0.9752426147460938, 0.02475738525390625, 0.0], [0.9751319885253906, 0.0194244384765625, 0.005443572998046875], [0.96307373046875, 0.036685943603515625, 0.000240325927734375], [0.9700889587402344, 0.029911041259765625, 0.0], [0.98345947265625, 0.01654052734375, 0.0], [0.9715843200683594, 0.028400421142578125, 1.52587890625e-05], [0.9555931091308594, 0.044406890869140625, 0.0], [0.99407958984375, 0.0058135986328125, 0.0001068115234375], [0.9742355346679688, 0.02552032470703125, 0.000244140625], [0.9712104797363281, 0.028545379638671875, 0.000244140625], [0.9799957275390625, 0.019649505615234375, 0.000354766845703125], [0.9428253173828125, 0.048168182373046875, 0.009006500244140625], [0.9716911315917969, 0.0230560302734375, 0.005252838134765625], [0.9814796447753906, 0.018520355224609375, 0.0], [0.9692230224609375, 0.0307769775390625, 0.0], [0.9618759155273438, 0.03812408447265625, 0.0], [0.974578857421875, 0.021427154541015625, 0.003993988037109375], [0.9860305786132812, 0.011676788330078125, 0.002292633056640625], [0.9713478088378906, 0.02863311767578125, 1.9073486328125e-05], [0.9578781127929688, 0.03504180908203125, 0.007080078125], [0.9863014221191406, 0.013698577880859375, 0.0], [0.96038818359375, 0.03961181640625, 0.0], [0.9862632751464844, 0.013736724853515625, 0.0], [0.9765548706054688, 0.02344512939453125, 0.0], [0.99114990234375, 0.0085601806640625, 0.0002899169921875], [0.967864990234375, 0.026813507080078125, 0.005321502685546875], [0.9448509216308594, 0.055149078369140625, 0.0], [0.9798431396484375, 0.020069122314453125, 8.7738037109375e-05], [0.988494873046875, 0.011505126953125, 0.0]], "candidate_count": 2450, "candidate_scores_path": "/groups/echambe2/gmeng/MedAL-Agent/repo/code/runs/frozen_v5/candidate_scores/kits19__P1__s2000__r1.json", "predictions_path": "", "initial_labeled_path": "/groups/echambe2/gmeng/MedAL-Agent/repo/code/runs/frozen_v5/init_sets/kits19__s2000__n25.json", "initial_labeled_ids": [], "selection_diagnostics": {}, "training": {"num_iters": 1000, "batch_size": 12, "lr": 0.001, "image_size": 512, "aspect_preserve": true, "resolution_policy": "longside_pad32", "preproc_cache": {"pool": "hit", "val": "hit"}, "train_runtime_sec": 950.3878293037415, "query_runtime_sec": 45.95087265968323, "iters": 2400, "stop_iter": 2400, "mean_loss": 0.2691070202970877, "last_loss": 0.054010771214962006, "stop_reason": "plateau", "hit_max_iters": false, "final_smooth_loss": 0.07838821858167648, "best_smooth_loss": 0.06405291430652142, "diverged": false, "loss_curve": [[1000, 0.13364198725670576], [1100, 0.12273937962949276], [1200, 0.2311696698144078], [1300, 0.09197425309568644], [1400, 0.10295979924499989], [1500, 0.09904259316623211], [1600, 0.07276980819180608], [1700, 0.07275662804022431], [1800, 0.083990507312119], [1900, 0.06405291430652142], [2000, 0.08187990365549921], [2100, 0.07179396826773882], [2200, 0.06103397581726313], [2300, 0.08655244259163737], [2400, 0.07838821858167648]]}, "ckpt_id": "kits19__P1__s2000__r1", "ckpt_path": "", "ckpt_hash": "2cadc766ce04088b436a9ebb35d3f698855fe8d319d0ffea39effb7e29bf53c4", "config_hash": "e4fae46d1c013eb7c36e2eeecfd787bd198e1e60b7f9bf7f044c146e0d2a9270", "feature_cache_keys": {}, "sam_model_type": "", "sam_checkpoint": "", "metrics": {"primary_metric": "mean_dsc_fg_case_macro", "metric_version": "v3_case_macro", "eval_scope": "case_retained_slices", "mean_dsc_fg_case_macro": 0.3538204354751107, "mean_dsc_fg": 0.3538204354751107, "mean_dsc_fg_pooled_diagnostic": 0.37622731482759303, "dsc_per_class_pooled": [0.9906668119622596, 0.6890371791926639, 0.06341745046252213], "dsc_per_class": [0.9906668119622596, 0.6890371791926639, 0.06341745046252213], "n_cases": 18, "n_eval": 500, "structure_detection_rate": 1.0, "missed_structure_rate": 0.0}, "runtime_sec": {"train": 950.3878293037415, "eval": 8.093433618545532, "select": 45.95087265968323}, "gpu_mem_mb": 9417.150464, "gpu_name": "NVIDIA A40", "gpu_total_mem_mb": 47960.489984, "foundation": {}, "notes": ""}
{"schema_version": "v3", "run_id": "kits19__P1__s2000", "round": 2, "dataset": "kits19", "modality": "ct", "target": "kidney", "dim": "3d", "query_unit": "slice", "seed": 2000, "round_seed": 2002, "component_seeds": {"model_init_seed": 1225426498, "loader_seed": 1158739311, "query_seed": 3667345588, "dropout_seed": 1372419812}, "total_rounds": 7, "budget_denominator": {"full_train_N": 8590, "requested_pool_cap": 5000, "actual_AL_pool_N": 2500, "budget_plan": [25, 50, 100, 176, 250, 375, 500], "fraction_of_AL_pool": 0.2, "fraction_of_full_train": 0.05820721769499418}, "policy_id": "P1", "policy_name": "EntropyFull", "method_version": "1.0", "is_ablation": false, "policy_config": {}, "cumulative_budget": 100, "incremental_query_count": 76, "labeled_count": 100, "labeled_ratio": 0.04, "selected_ids": ["case_00091_s251", "case_00091_s252", "case_00091_s259", "case_00091_s260", "case_00040_s134", "case_00091_s258", "case_00040_s133", "case_00040_s132", "case_00116_s288", "case_00151_s264", "case_00005_s318", "case_00030_s029", "case_00203_s389", "case_00091_s263", "case_00203_s399", "case_00042_s150", "case_00042_s189", "case_00203_s406", "case_00091_s255", "case_00040_s130", "case_00116_s322", "case_00203_s396", "case_00034_s030", "case_00030_s022", "case_00034_s033", "case_00037_s044", "case_00159_s312", "case_00159_s303", "case_00115_s300", "case_00160_s174", "case_00026_s162", "case_00116_s342", "case_00040_s135", "case_00098_s110", "case_00008_s145", "case_00008_s157", "case_00042_s190", "case_00017_s034", "case_00180_s059", "case_00203_s386", "case_00016_s090", "case_00203_s383", "case_00026_s161", "case_00115_s272", "case_00091_s287", "case_00005_s313", "case_00116_s341", "case_00037_s035", "case_00030_s025", "case_00116_s289", "case_00198_s123", "case_00098_s183", "case_00159_s301", "case_00207_s085", "case_00042_s146", "case_00183_s092", "case_00180_s060", "case_00159_s313", "case_00099_s039", "case_00144_s105", "case_00151_s296", "case_00005_s316", "case_00091_s304", "case_00116_s310", "case_00129_s037", "case_00092_s025", "case_00011_s024", "case_00037_s031", "case_00124_s162", "case_00115_s273", "case_00091_s282", "case_00040_s080", "case_00042_s186", "case_00116_s312", "case_00092_s024", "case_00159_s299"], "selected_scores": [0.008143727667629719, 0.007080970797687769, 0.007069150451570749, 0.006986222695559263, 0.006879002787172794, 0.006575879640877247, 0.00639507407322526, 0.006341360975056887, 0.006201719865202904, 0.006171466317027807, 0.006143213249742985, 0.0061012012884020805, 0.006041943095624447, 0.005974424537271261, 0.00584808737039566, 0.0058342344127595425, 0.005827716086059809, 0.005781805142760277, 0.005763541907072067, 0.005737416446208954, 0.005735254846513271, 0.005709234159439802, 0.005693316459655762, 0.005682257004082203, 0.005622818134725094, 0.0056165289133787155, 0.005615623667836189, 0.0056117987260222435, 0.005569021683186293, 0.005549249239265919, 0.005541945341974497, 0.00551467714831233, 0.005450455471873283, 0.005428732838481665, 0.005408317781984806, 0.005356620065867901, 0.0053465962409973145, 0.005334332585334778, 0.00529788713902235, 0.005295002833008766, 0.0052937050350010395, 0.005290162283927202, 0.0052818902768194675, 0.005249374080449343, 0.0052133528515696526, 0.005210322327911854, 0.0052061304450035095, 0.005177353974431753, 0.005173418205231428, 0.005152885336428881, 0.00515269860625267, 0.005140588153153658, 0.00511653209105134, 0.005067065823823214, 0.005062059499323368, 0.005035704467445612, 0.005033994093537331, 0.005027783568948507, 0.005016334820538759, 0.005004135891795158, 0.004991066642105579, 0.004988132044672966, 0.004986605606973171, 0.004956564866006374, 0.004954800009727478, 0.004918690770864487, 0.0049087898805737495, 0.004896675236523151, 0.004891752265393734, 0.0048897722736001015, 0.00487785879522562, 0.004877129103988409, 0.004866636358201504, 0.0048550707288086414, 0.004854104947298765, 0.004824903793632984], "selected_pred_fg_ratio": [0.02916717529296875, 0.03781890869140625, 0.037631988525390625, 0.0379638671875, 0.01895904541015625, 0.036800384521484375, 0.017620086669921875, 0.01800537109375, 0.013065338134765625, 0.015346527099609375, 0.01354217529296875, 0.03993988037109375, 0.029644012451171875, 0.038349151611328125, 0.02793121337890625, 0.043697357177734375, 0.02764892578125, 0.03411102294921875, 0.030651092529296875, 0.026264190673828125, 0.013935089111328125, 0.036865234375, 0.012722015380859375, 0.051906585693359375, 0.0348968505859375, 0.024814605712890625, 0.03604888916015625, 0.041217803955078125, 0.06852340698242188, 0.025753021240234375, 0.044918060302734375, 0.04315948486328125, 0.025951385498046875, 0.022747039794921875, 0.037990570068359375, 0.02811431884765625, 0.025726318359375, 0.039623260498046875, 0.0287628173828125, 0.030200958251953125, 0.01505279541015625, 0.03466033935546875, 0.046550750732421875, 0.043209075927734375, 0.03741455078125, 0.026660919189453125, 0.038330078125, 0.031642913818359375, 0.053241729736328125, 0.00728607177734375, 0.024181365966796875, 0.025234222412109375, 0.036663055419921875, 0.02861785888671875, 0.034893035888671875, 0.029117584228515625, 0.03106689453125, 0.034122467041015625, 0.01514434814453125, 0.01114654541015625, 0.00731658935546875, 0.020397186279296875, 0.0329742431640625, 0.03371429443359375, 0.023693084716796875, 0.043880462646484375, 0.059234619140625, 0.04228973388671875, 0.01100921630859375, 0.0452880859375, 0.041015625, 0.026458740234375, 0.03022003173828125, 0.026607513427734375, 0.026325225830078125, 0.036334991455078125], "selected_pred_class_dist": [[0.9708328247070312, 0.02916717529296875, 0.0], [0.9621810913085938, 0.03781890869140625, 0.0], [0.9623680114746094, 0.037631988525390625, 0.0], [0.9620361328125, 0.0379638671875, 0.0], [0.9810409545898438, 0.01885223388671875, 0.0001068115234375], [0.9631996154785156, 0.036800384521484375, 0.0], [0.9823799133300781, 0.01731109619140625, 0.000308990478515625], [0.98199462890625, 0.01775360107421875, 0.00025177001953125], [0.9869346618652344, 0.013065338134765625, 0.0], [0.9846534729003906, 0.015346527099609375, 0.0], [0.9864578247070312, 0.01354217529296875, 0.0], [0.9600601196289062, 0.0341644287109375, 0.00577545166015625], [0.9703559875488281, 0.029209136962890625, 0.00043487548828125], [0.9616508483886719, 0.038349151611328125, 0.0], [0.9720687866210938, 0.025676727294921875, 0.002254486083984375], [0.9563026428222656, 0.043697357177734375, 0.0], [0.97235107421875, 0.02764892578125, 0.0], [0.9658889770507812, 0.03411102294921875, 0.0], [0.9693489074707031, 0.030651092529296875, 0.0], [0.9737358093261719, 0.026081085205078125, 0.00018310546875], [0.9860649108886719, 0.013935089111328125, 0.0], [0.963134765625, 0.036151885986328125, 0.000713348388671875], [0.9872779846191406, 0.008632659912109375, 0.00408935546875], [0.9480934143066406, 0.0407867431640625, 0.011119842529296875], [0.9651031494140625, 0.030719757080078125, 0.004177093505859375], [0.9751853942871094, 0.02471923828125, 9.5367431640625e-05], [0.9639511108398438, 0.03604888916015625, 0.0], [0.9587821960449219, 0.041217803955078125, 0.0], [0.9314765930175781, 0.06852340698242188, 0.0], [0.9742469787597656, 0.025753021240234375, 0.0], [0.9550819396972656, 0.0444488525390625, 0.000469207763671875], [0.9568405151367188, 0.04314422607421875, 1.52587890625e-05], [0.9740486145019531, 0.025310516357421875, 0.000640869140625], [0.9772529602050781, 0.022747039794921875, 0.0], [0.9620094299316406, 0.0270233154296875, 0.010967254638671875], [0.9718856811523438, 0.016143798828125, 0.01197052001953125], [0.974273681640625, 0.025726318359375, 0.0], [0.9603767395019531, 0.039623260498046875, 0.0], [0.9712371826171875, 0.0287628173828125, 0.0], [0.9697990417480469, 0.02870941162109375, 0.001491546630859375], [0.9849472045898438, 0.012264251708984375, 0.002788543701171875], [0.9653396606445312, 0.03298187255859375, 0.001678466796875], [0.9534492492675781, 0.045257568359375, 0.001293182373046875], [0.9567909240722656, 0.04320526123046875, 3.814697265625e-06], [0.96258544921875, 0.03741455078125, 0.0], [0.9733390808105469, 0.02646636962890625, 0.000194549560546875], [0.961669921875, 0.037811279296875, 0.000518798828125], [0.9683570861816406, 0.025211334228515625, 0.00643157958984375], [0.9467582702636719, 0.03984832763671875, 0.013393402099609375], [0.9927139282226562, 0.00728607177734375, 0.0], [0.9758186340332031, 0.01723480224609375, 0.006946563720703125], [0.9747657775878906, 0.024936676025390625, 0.00029754638671875], [0.9633369445800781, 0.036663055419921875, 0.0], [0.9713821411132812, 0.026767730712890625, 0.001850128173828125], [0.9651069641113281, 0.034893035888671875, 0.0], [0.9708824157714844, 0.023609161376953125, 0.0055084228515625], [0.96893310546875, 0.03106689453125, 0.0], [0.9658775329589844, 0.034122467041015625, 0.0], [0.9848556518554688, 0.014984130859375, 0.00016021728515625], [0.9888534545898438, 0.01114654541015625, 0.0], [0.9926834106445312, 0.00691986083984375, 0.000396728515625], [0.9796028137207031, 0.020397186279296875, 0.0], [0.9670257568359375, 0.0329742431640625, 0.0], [0.9662857055664062, 0.03214263916015625, 0.0015716552734375], [0.9763069152832031, 0.023693084716796875, 0.0], [0.9561195373535156, 0.0281524658203125, 0.015727996826171875], [0.940765380859375, 0.04419708251953125, 0.01503753662109375], [0.9577102661132812, 0.042057037353515625, 0.000232696533203125], [0.9889907836914062, 0.01100921630859375, 0.0], [0.9547119140625, 0.045215606689453125, 7.2479248046875e-05], [0.958984375, 0.041015625, 0.0], [0.973541259765625, 0.025188446044921875, 0.001270294189453125], [0.9697799682617188, 0.03022003173828125, 0.0], [0.9733924865722656, 0.02536773681640625, 0.001239776611328125], [0.9736747741699219, 0.011260986328125, 0.015064239501953125], [0.9636650085449219, 0.036334991455078125, 0.0]], "candidate_count": 2400, "candidate_scores_path": "/groups/echambe2/gmeng/MedAL-Agent/repo/code/runs/frozen_v5/candidate_scores/kits19__P1__s2000__r2.json", "predictions_path": "", "initial_labeled_path": "/groups/echambe2/gmeng/MedAL-Agent/repo/code/runs/frozen_v5/init_sets/kits19__s2000__n25.json", "initial_labeled_ids": [], "selection_diagnostics": {}, "training": {"num_iters": 1000, "batch_size": 12, "lr": 0.001, "image_size": 512, "aspect_preserve": true, "resolution_policy": "longside_pad32", "preproc_cache": {"pool": "hit", "val": "hit"}, "train_runtime_sec": 628.1840283870697, "query_runtime_sec": 31.432976722717285, "iters": 1600, "stop_iter": 1600, "mean_loss": 0.343950059057679, "last_loss": 0.052072055637836456, "stop_reason": "plateau", "hit_max_iters": false, "final_smooth_loss": 0.15513462498784064, "best_smooth_loss": 0.1406679952889681, "diverged": false, "loss_curve": [[1000, 0.18067696653306484], [1100, 0.1406679952889681], [1200, 0.16933714233338834], [1300, 0.14794892970472573], [1400, 0.14762648254632948], [1500, 0.16491642612963914], [1600, 0.15513462498784064]]}, "ckpt_id": "kits19__P1__s2000__r2", "ckpt_path": "", "ckpt_hash": "1e1404961f735c4441ed68d2fa08315900defad6f006ee8d09bb758f1919656b", "config_hash": "e4fae46d1c013eb7c36e2eeecfd787bd198e1e60b7f9bf7f044c146e0d2a9270", "feature_cache_keys": {}, "sam_model_type": "", "sam_checkpoint": "", "metrics": {"primary_metric": "mean_dsc_fg_case_macro", "metric_version": "v3_case_macro", "eval_scope": "case_retained_slices", "mean_dsc_fg_case_macro": 0.4023373579179285, "mean_dsc_fg": 0.4023373579179285, "mean_dsc_fg_pooled_diagnostic": 0.3984175209707596, "dsc_per_class_pooled": [0.993185685487266, 0.7750885968392055, 0.021746445102313758], "dsc_per_class": [0.993185685487266, 0.7750885968392055, 0.021746445102313758], "n_cases": 18, "n_eval": 500, "structure_detection_rate": 1.0, "missed_structure_rate": 0.0}, "runtime_sec": {"train": 628.1840283870697, "eval": 6.50339937210083, "select": 31.432976722717285}, "gpu_mem_mb": 9418.0352, "gpu_name": "NVIDIA A40", "gpu_total_mem_mb": 47960.489984, "foundation": {}, "notes": ""}
