{"schema_version": "v3", "run_id": "kits19__P1__s1000", "round": 0, "dataset": "kits19", "modality": "ct", "target": "kidney", "dim": "3d", "query_unit": "slice", "seed": 1000, "round_seed": 1000, "component_seeds": {"model_init_seed": 2989689681, "loader_seed": 4191542321, "query_seed": 2529548519, "dropout_seed": 3619692248}, "total_rounds": 7, "budget_denominator": {"full_train_N": 8207, "requested_pool_cap": 5000, "actual_AL_pool_N": 2500, "budget_plan": [25, 50, 100, 176, 250, 375, 500], "fraction_of_AL_pool": 0.2, "fraction_of_full_train": 0.06092360180333861}, "policy_id": "P1", "policy_name": "EntropyFull", "method_version": "1.0", "is_ablation": false, "policy_config": {}, "cumulative_budget": 25, "incremental_query_count": 25, "labeled_count": 25, "labeled_ratio": 0.01, "selected_ids": ["case_00022_s221", "case_00063_s241", "case_00063_s238", "case_00063_s239", "case_00063_s244", "case_00092_s046", "case_00022_s211", "case_00063_s289", "case_00063_s273", "case_00063_s298", "case_00063_s300", "case_00022_s219", "case_00063_s271", "case_00063_s305", "case_00022_s206", "case_00001_s295", "case_00154_s301", "case_00116_s288", "case_00063_s268", "case_00001_s253", "case_00063_s277", "case_00063_s299", "case_00063_s288", "case_00116_s290", "case_00001_s287"], "selected_scores": [0.003975589293986559, 0.003915712703019381, 0.0034337611868977547, 0.0034233182668685913, 0.003069958183914423, 0.002939952304586768, 0.002939826576039195, 0.00293483748100698, 0.0029096300713717937, 0.0028058902826160192, 0.002787827979773283, 0.002752756467089057, 0.0027229913976043463, 0.0027038741391152143, 0.002615588018670678, 0.00258283200673759, 0.002536575775593519, 0.0025258425157517195, 0.0024889656342566013, 0.0024863872677087784, 0.0024724414106458426, 0.002463290700688958, 0.0024552475661039352, 0.0024473124649375677, 0.0024465143214911222], "selected_pred_fg_ratio": [0.044673919677734375, 0.02429962158203125, 0.027652740478515625, 0.029003143310546875, 0.02600860595703125, 0.007282257080078125, 0.04404449462890625, 0.040279388427734375, 0.049236297607421875, 0.045200347900390625, 0.045558929443359375, 0.0525054931640625, 0.047092437744140625, 0.039234161376953125, 0.03842926025390625, 0.045757293701171875, 0.03954315185546875, 0.023632049560546875, 0.047031402587890625, 0.03845977783203125, 0.043949127197265625, 0.046932220458984375, 0.038311004638671875, 0.02667236328125, 0.046543121337890625], "selected_pred_class_dist": [[0.9553260803222656, 0.043491363525390625, 0.00118255615234375], [0.9757003784179688, 0.0226593017578125, 0.00164031982421875], [0.9723472595214844, 0.02497100830078125, 0.002681732177734375], [0.9709968566894531, 0.0263519287109375, 0.002651214599609375], [0.9739913940429688, 0.024280548095703125, 0.001728057861328125], [0.9927177429199219, 0.00693511962890625, 0.000347137451171875], [0.9559555053710938, 0.04193115234375, 0.00211334228515625], [0.9597206115722656, 0.03975677490234375, 0.000522613525390625], [0.9507637023925781, 0.047969818115234375, 0.0012664794921875], [0.9547996520996094, 0.04506683349609375, 0.000133514404296875], [0.9544410705566406, 0.045322418212890625, 0.00023651123046875], [0.9474945068359375, 0.05181884765625, 0.0006866455078125], [0.9529075622558594, 0.046863555908203125, 0.0002288818359375], [0.9607658386230469, 0.038753509521484375, 0.00048065185546875], [0.9615707397460938, 0.038127899169921875, 0.000301361083984375], [0.9542427062988281, 0.045757293701171875, 0.0], [0.9604568481445312, 0.037715911865234375, 0.001827239990234375], [0.9763679504394531, 0.021617889404296875, 0.00201416015625], [0.9529685974121094, 0.047031402587890625, 0.0], [0.9615402221679688, 0.037723541259765625, 0.000736236572265625], [0.9560508728027344, 0.043590545654296875, 0.00035858154296875], [0.9530677795410156, 0.04654693603515625, 0.000385284423828125], [0.9616889953613281, 0.03775787353515625, 0.000553131103515625], [0.97332763671875, 0.025417327880859375, 0.001255035400390625], [0.9534568786621094, 0.04628753662109375, 0.000255584716796875]], "candidate_count": 2475, "candidate_scores_path": "/groups/echambe2/gmeng/MedAL-Agent/repo/code/runs/frozen_v5/candidate_scores/kits19__P1__s1000__r0.json", "predictions_path": "", "initial_labeled_path": "/groups/echambe2/gmeng/MedAL-Agent/repo/code/runs/frozen_v5/init_sets/kits19__s1000__n25.json", "initial_labeled_ids": ["case_00001_s312", "case_00003_s197", "case_00004_s042", "case_00004_s052", "case_00005_s273", "case_00005_s277", "case_00014_s132", "case_00015_s056", "case_00028_s030", "case_00033_s104", "case_00038_s008", "case_00052_s280", "case_00059_s313", "case_00060_s031", "case_00086_s063", "case_00091_s204", "case_00150_s057", "case_00151_s179", "case_00160_s178", "case_00180_s017", "case_00188_s140", "case_00191_s118", "case_00191_s173", "case_00201_s027", "case_00207_s073"], "selection_diagnostics": {}, "training": {"num_iters": 1000, "batch_size": 12, "lr": 0.001, "image_size": 512, "aspect_preserve": true, "resolution_policy": "longside_pad32", "preproc_cache": {"pool": "hit", "val": "hit"}, "train_runtime_sec": 939.0663712024689, "query_runtime_sec": 34.53123354911804, "iters": 2400, "stop_iter": 2400, "mean_loss": 0.15833102873216073, "last_loss": 0.01311313733458519, "stop_reason": "plateau", "hit_max_iters": false, "final_smooth_loss": 0.02541817808523774, "best_smooth_loss": 0.027075041979551316, "diverged": false, "loss_curve": [[1000, 0.05002695729956031], [1100, 0.04512950593605638], [1200, 0.042987772282212976], [1300, 0.041758498176932335], [1400, 0.0397512842155993], [1500, 0.038652482964098456], [1600, 0.03303737359121442], [1700, 0.030735655445605515], [1800, 0.03175987685099244], [1900, 0.027075041979551316], [2000, 0.03140495939180255], [2100, 0.0255656779371202], [2200, 0.0256468746624887], [2300, 0.02468805158510804], [2400, 0.02541817808523774]]}, "ckpt_id": "kits19__P1__s1000__r0", "ckpt_path": "", "ckpt_hash": "d9b92bf620e4c4dd4345df46a1df9f144788191602a26b9b955fb267e4a4453f", "config_hash": "e4fae46d1c013eb7c36e2eeecfd787bd198e1e60b7f9bf7f044c146e0d2a9270", "feature_cache_keys": {}, "sam_model_type": "", "sam_checkpoint": "", "metrics": {"primary_metric": "mean_dsc_fg_case_macro", "metric_version": "v3_case_macro", "eval_scope": "case_retained_slices", "mean_dsc_fg_case_macro": 0.3383560212429886, "mean_dsc_fg": 0.3383560212429886, "mean_dsc_fg_pooled_diagnostic": 0.3286340720953545, "dsc_per_class_pooled": [0.9870638499402314, 0.6038646703116555, 0.05340347387905352], "dsc_per_class": [0.9870638499402314, 0.6038646703116555, 0.05340347387905352], "n_cases": 18, "n_eval": 500, "structure_detection_rate": 1.0, "missed_structure_rate": 0.0}, "runtime_sec": {"train": 939.0663712024689, "eval": 6.915163993835449, "select": 34.53123354911804}, "gpu_mem_mb": 9368.62208, "gpu_name": "NVIDIA A40", "gpu_total_mem_mb": 47960.489984, "foundation": {}, "notes": ""}
{"schema_version": "v3", "run_id": "kits19__P1__s1000", "round": 1, "dataset": "kits19", "modality": "ct", "target": "kidney", "dim": "3d", "query_unit": "slice", "seed": 1000, "round_seed": 1001, "component_seeds": {"model_init_seed": 1028625171, "loader_seed": 316625031, "query_seed": 253434028, "dropout_seed": 3317428529}, "total_rounds": 7, "budget_denominator": {"full_train_N": 8207, "requested_pool_cap": 5000, "actual_AL_pool_N": 2500, "budget_plan": [25, 50, 100, 176, 250, 375, 500], "fraction_of_AL_pool": 0.2, "fraction_of_full_train": 0.06092360180333861}, "policy_id": "P1", "policy_name": "EntropyFull", "method_version": "1.0", "is_ablation": false, "policy_config": {}, "cumulative_budget": 50, "incremental_query_count": 50, "labeled_count": 50, "labeled_ratio": 0.02, "selected_ids": ["case_00155_s364", "case_00155_s363", "case_00151_s243", "case_00093_s200", "case_00158_s189", "case_00059_s333", "case_00022_s262", "case_00059_s339", "case_00158_s187", "case_00116_s357", "case_00103_s284", "case_00063_s331", "case_00005_s317", "case_00022_s333", "case_00093_s293", "case_00098_s101", "case_00098_s229", "case_00116_s272", "case_00116_s304", "case_00059_s342", "case_00061_s026", "case_00135_s193", "case_00034_s054", "case_00207_s083", "case_00063_s328", "case_00116_s368", "case_00103_s286", "case_00116_s377", "case_00003_s229", "case_00024_s029", "case_00135_s200", "case_00135_s192", "case_00070_s032", "case_00005_s311", "case_00096_s251", "case_00093_s290", "case_00022_s263", "case_00151_s247", "case_00154_s335", "case_00207_s086", "case_00107_s027", "case_00116_s275", "case_00093_s201", "case_00158_s207", "case_00091_s191", "case_00091_s288", "case_00097_s042", "case_00093_s296", "case_00184_s055", "case_00122_s044"], "selected_scores": [0.010753252543509007, 0.009546789340674877, 0.007823088206350803, 0.007514561992138624, 0.007390910759568214, 0.007175030652433634, 0.007117826957255602, 0.0070107197389006615, 0.006843833718448877, 0.006808173377066851, 0.006797774229198694, 0.006605908274650574, 0.006578363478183746, 0.006533361040055752, 0.006458277348428965, 0.006434481590986252, 0.006414609961211681, 0.006269280333071947, 0.006220436654984951, 0.006204268429428339, 0.006166764535009861, 0.006143772043287754, 0.006137880962342024, 0.006103229243308306, 0.006097671575844288, 0.006053687073290348, 0.00605115806683898, 0.006016133818775415, 0.006013102363795042, 0.005991811398416758, 0.005988074466586113, 0.005935839377343655, 0.005913602188229561, 0.005899396259337664, 0.005888732615858316, 0.005864885635674, 0.005821819417178631, 0.005813837982714176, 0.005786010064184666, 0.0057537551037967205, 0.005748851224780083, 0.005726860370486975, 0.005674638319760561, 0.00566939078271389, 0.005637790076434612, 0.005631878040730953, 0.005629568826407194, 0.005589611362665892, 0.005583701655268669, 0.005548239219933748], "selected_pred_fg_ratio": [0.0183258056640625, 0.02092742919921875, 0.01917266845703125, 0.01458740234375, 0.0218963623046875, 0.0145416259765625, 0.0493621826171875, 0.00824737548828125, 0.021503448486328125, 0.0295867919921875, 0.047557830810546875, 0.036762237548828125, 0.01572418212890625, 0.011768341064453125, 0.005863189697265625, 0.010425567626953125, 0.015224456787109375, 0.007152557373046875, 0.012668609619140625, 0.006305694580078125, 0.0087127685546875, 0.01015472412109375, 0.00740814208984375, 0.023326873779296875, 0.044055938720703125, 0.01126861572265625, 0.04521942138671875, 0.0133056640625, 0.007419586181640625, 0.025867462158203125, 0.00679779052734375, 0.009387969970703125, 0.017520904541015625, 0.01607513427734375, 0.005992889404296875, 0.00806427001953125, 0.0461578369140625, 0.01863861083984375, 0.01500701904296875, 0.01165771484375, 0.02306365966796875, 0.0093994140625, 0.0180206298828125, 0.017791748046875, 0.0056304931640625, 0.0403594970703125, 0.016246795654296875, 0.00537872314453125, 0.006343841552734375, 0.010349273681640625], "selected_pred_class_dist": [[0.9816741943359375, 0.0183258056640625, 0.0], [0.9790725708007812, 0.02092742919921875, 0.0], [0.9808273315429688, 0.01917266845703125, 0.0], [0.98541259765625, 0.01458740234375, 0.0], [0.9781036376953125, 0.021884918212890625, 1.1444091796875e-05], [0.9854583740234375, 0.0145416259765625, 0.0], [0.9506378173828125, 0.0493621826171875, 0.0], [0.9917526245117188, 0.00791168212890625, 0.000335693359375], [0.9784965515136719, 0.02146148681640625, 4.1961669921875e-05], [0.9704132080078125, 0.0295562744140625, 3.0517578125e-05], [0.9524421691894531, 0.047557830810546875, 0.0], [0.9632377624511719, 0.036762237548828125, 0.0], [0.9842758178710938, 0.014698028564453125, 0.001026153564453125], [0.9882316589355469, 0.011768341064453125, 0.0], [0.9941368103027344, 0.005279541015625, 0.000583648681640625], [0.9895744323730469, 0.003875732421875, 0.006549835205078125], [0.9847755432128906, 0.014606475830078125, 0.00061798095703125], [0.9928474426269531, 0.00708770751953125, 6.4849853515625e-05], [0.9873313903808594, 0.012668609619140625, 0.0], [0.9936943054199219, 0.004222869873046875, 0.00208282470703125], [0.9912872314453125, 0.008472442626953125, 0.000240325927734375], [0.9898452758789062, 0.01015472412109375, 0.0], [0.9925918579101562, 0.00652313232421875, 0.000885009765625], [0.9766731262207031, 0.02291107177734375, 0.000415802001953125], [0.9559440612792969, 0.044055938720703125, 0.0], [0.9887313842773438, 0.01126861572265625, 0.0], [0.9547805786132812, 0.04521942138671875, 0.0], [0.9866943359375, 0.0133056640625, 0.0], [0.9925804138183594, 0.007061004638671875, 0.00035858154296875], [0.9741325378417969, 0.025821685791015625, 4.57763671875e-05], [0.9932022094726562, 0.006717681884765625, 8.0108642578125e-05], [0.9906120300292969, 0.009387969970703125, 0.0], [0.9824790954589844, 0.016002655029296875, 0.00151824951171875], [0.9839248657226562, 0.01607513427734375, 0.0], [0.9940071105957031, 0.005992889404296875, 0.0], [0.9919357299804688, 0.007476806640625, 0.00058746337890625], [0.9538421630859375, 0.0461578369140625, 0.0], [0.9813613891601562, 0.01863861083984375, 0.0], [0.9849929809570312, 0.014820098876953125, 0.000186920166015625], [0.98834228515625, 0.01012420654296875, 0.00153350830078125], [0.9769363403320312, 0.018329620361328125, 0.004734039306640625], [0.9906005859375, 0.0093994140625, 0.0], [0.9819793701171875, 0.017795562744140625, 0.000225067138671875], [0.982208251953125, 0.017791748046875, 0.0], [0.9943695068359375, 0.0056304931640625, 0.0], [0.9596405029296875, 0.0403594970703125, 0.0], [0.9837532043457031, 0.0155029296875, 0.000743865966796875], [0.9946212768554688, 0.00537872314453125, 0.0], [0.9936561584472656, 0.00608062744140625, 0.000263214111328125], [0.9896507263183594, 0.01016998291015625, 0.000179290771484375]], "candidate_count": 2450, "candidate_scores_path": "/groups/echambe2/gmeng/MedAL-Agent/repo/code/runs/frozen_v5/candidate_scores/kits19__P1__s1000__r1.json", "predictions_path": "", "initial_labeled_path": "/groups/echambe2/gmeng/MedAL-Agent/repo/code/runs/frozen_v5/init_sets/kits19__s1000__n25.json", "initial_labeled_ids": [], "selection_diagnostics": {}, "training": {"num_iters": 1000, "batch_size": 12, "lr": 0.001, "image_size": 512, "aspect_preserve": true, "resolution_policy": "longside_pad32", "preproc_cache": {"pool": "hit", "val": "hit"}, "train_runtime_sec": 628.6000883579254, "query_runtime_sec": 41.88739585876465, "iters": 1600, "stop_iter": 1600, "mean_loss": 0.4179967995756306, "last_loss": 0.11519935727119446, "stop_reason": "plateau", "hit_max_iters": false, "final_smooth_loss": 0.17607753213495017, "best_smooth_loss": 0.17618373882025481, "diverged": false, "loss_curve": [[1000, 0.2027965022996068], [1100, 0.17618373882025481], [1200, 0.20061373203992844], [1300, 0.18830076090991496], [1400, 0.18190035056322812], [1500, 0.1951737215742469], [1600, 0.17607753213495017]]}, "ckpt_id": "kits19__P1__s1000__r1", "ckpt_path": "", "ckpt_hash": "7ae958d46560c532e2ac7db572dee5b39fdb39ed384fd2057c3c9bfe997d25be", "config_hash": "e4fae46d1c013eb7c36e2eeecfd787bd198e1e60b7f9bf7f044c146e0d2a9270", "feature_cache_keys": {}, "sam_model_type": "", "sam_checkpoint": "", "metrics": {"primary_metric": "mean_dsc_fg_case_macro", "metric_version": "v3_case_macro", "eval_scope": "case_retained_slices", "mean_dsc_fg_case_macro": 0.3732904033738754, "mean_dsc_fg": 0.3732904033738754, "mean_dsc_fg_pooled_diagnostic": 0.3721897528253442, "dsc_per_class_pooled": [0.9890318656719345, 0.7393747650690248, 0.005004740581663659], "dsc_per_class": [0.9890318656719345, 0.7393747650690248, 0.005004740581663659], "n_cases": 18, "n_eval": 500, "structure_detection_rate": 0.9444444444444444, "missed_structure_rate": 0.05555555555555558}, "runtime_sec": {"train": 628.6000883579254, "eval": 6.952697992324829, "select": 41.88739585876465}, "gpu_mem_mb": 9417.150464, "gpu_name": "NVIDIA A40", "gpu_total_mem_mb": 47960.489984, "foundation": {}, "notes": ""}
{"schema_version": "v3", "run_id": "kits19__P1__s1000", "round": 2, "dataset": "kits19", "modality": "ct", "target": "kidney", "dim": "3d", "query_unit": "slice", "seed": 1000, "round_seed": 1002, "component_seeds": {"model_init_seed": 265999627, "loader_seed": 1465654863, "query_seed": 2544461518, "dropout_seed": 3552612840}, "total_rounds": 7, "budget_denominator": {"full_train_N": 8207, "requested_pool_cap": 5000, "actual_AL_pool_N": 2500, "budget_plan": [25, 50, 100, 176, 250, 375, 500], "fraction_of_AL_pool": 0.2, "fraction_of_full_train": 0.06092360180333861}, "policy_id": "P1", "policy_name": "EntropyFull", "method_version": "1.0", "is_ablation": false, "policy_config": {}, "cumulative_budget": 100, "incremental_query_count": 76, "labeled_count": 100, "labeled_ratio": 0.04, "selected_ids": ["case_00001_s277", "case_00113_s016", "case_00070_s023", "case_00119_s024", "case_00151_s223", "case_00065_s078", "case_00116_s331", "case_00070_s020", "case_00022_s231", "case_00005_s257", "case_00159_s310", "case_00158_s214", "case_00070_s029", "case_00155_s317", "case_00151_s224", "case_00022_s244", "case_00065_s075", "case_00107_s032", "case_00072_s047", "case_00153_s005", "case_00001_s281", "case_00008_s136", "case_00001_s266", "case_00116_s332", "case_00005_s305", "case_00001_s229", "case_00116_s342", "case_00116_s309", "case_00159_s318", "case_00107_s029", "case_00151_s219", "case_00159_s308", "case_00086_s038", "case_00113_s028", "case_00116_s346", "case_00093_s241", "case_00159_s304", "case_00001_s257", "case_00155_s316", "case_00022_s273", "case_00001_s225", "case_00001_s259", "case_00070_s027", "case_00001_s260", "case_00154_s296", "case_00113_s032", "case_00134_s050", "case_00001_s284", "case_00005_s288", "case_00159_s313", "case_00033_s171", "case_00154_s286", "case_00158_s215", "case_00001_s265", "case_00008_s125", "case_00151_s213", "case_00159_s298", "case_00155_s301", "case_00116_s308", "case_00180_s040", "case_00008_s122", "case_00065_s056", "case_00149_s063", "case_00155_s309", "case_00116_s341", "case_00052_s268", "case_00116_s350", "case_00155_s294", "case_00116_s334", "case_00154_s300", "case_00107_s039", "case_00155_s321", "case_00103_s259", "case_00158_s192", "case_00159_s315", "case_00005_s258"], "selected_scores": [0.0051592630334198475, 0.004677272401750088, 0.004409779328852892, 0.004122498910874128, 0.004014992155134678, 0.004008213523775339, 0.0039282976649701595, 0.0038607572205364704, 0.0038541613612324, 0.003807515138760209, 0.0038054275792092085, 0.0037715837825089693, 0.0037331092171370983, 0.0037329623010009527, 0.0037220006342977285, 0.003684847615659237, 0.0035639945417642593, 0.003554331138730049, 0.003538913559168577, 0.0035144779831171036, 0.003500950988382101, 0.0034993402659893036, 0.0034744935110211372, 0.003468295792117715, 0.0034653199836611748, 0.003456567879766226, 0.0034406648483127356, 0.003424543421715498, 0.003404190531000495, 0.0033884618896991014, 0.003376348176971078, 0.0033566222991794348, 0.0033482725266367197, 0.003340457333251834, 0.003313970984891057, 0.0033054419327527285, 0.003302257275208831, 0.003297126619145274, 0.0032952679321169853, 0.0032923936378210783, 0.0032681673765182495, 0.0032490782905369997, 0.003246661741286516, 0.0032320718746632338, 0.0032227118499577045, 0.003202301450073719, 0.003200553124770522, 0.0031979051418602467, 0.0031953484285622835, 0.0031886999495327473, 0.003163896268233657, 0.003159591928124428, 0.003157085971906781, 0.0031566701363772154, 0.003151798155158758, 0.003147859824821353, 0.00312771531753242, 0.0031254086643457413, 0.003116672858595848, 0.003112885169684887, 0.0030973199754953384, 0.003097293898463249, 0.0030792932957410812, 0.003069171216338873, 0.0030677414033561945, 0.003060596529394388, 0.003038734896108508, 0.003034876426681876, 0.0030339478980749846, 0.0030215869192034006, 0.0030193075072020292, 0.0030171354301273823, 0.003008965402841568, 0.002967672422528267, 0.0029550620820373297, 0.002945996355265379], "selected_pred_fg_ratio": [0.060588836669921875, 0.0306396484375, 0.0417022705078125, 0.026470184326171875, 0.0149993896484375, 0.01934051513671875, 0.034366607666015625, 0.024868011474609375, 0.008998870849609375, 0.0071563720703125, 0.0366363525390625, 0.018207550048828125, 0.06777191162109375, 0.036224365234375, 0.01364898681640625, 0.028194427490234375, 0.026432037353515625, 0.0738067626953125, 0.01499176025390625, 0.00749969482421875, 0.05934906005859375, 0.020160675048828125, 0.04718017578125, 0.039501190185546875, 0.010951995849609375, 0.00926971435546875, 0.048793792724609375, 0.0281219482421875, 0.0407867431640625, 0.07443618774414062, 0.01427459716796875, 0.035335540771484375, 0.025432586669921875, 0.035655975341796875, 0.05327606201171875, 0.03101348876953125, 0.04207611083984375, 0.04143524169921875, 0.038227081298828125, 0.049869537353515625, 0.0066070556640625, 0.03931427001953125, 0.06005859375, 0.04126739501953125, 0.03682708740234375, 0.028095245361328125, 0.018192291259765625, 0.05973052978515625, 0.019504547119140625, 0.03553009033203125, 0.008029937744140625, 0.0269317626953125, 0.01601409912109375, 0.047882080078125, 0.037960052490234375, 0.016529083251953125, 0.039684295654296875, 0.038421630859375, 0.026325225830078125, 0.01361083984375, 0.02508544921875, 0.028789520263671875, 0.0460052490234375, 0.037731170654296875, 0.041698455810546875, 0.047893524169921875, 0.052394866943359375, 0.040821075439453125, 0.041088104248046875, 0.053180694580078125, 0.017360687255859375, 0.0560455322265625, 0.031734466552734375, 0.00083160400390625, 0.0365447998046875, 0.005214691162109375], "selected_pred_class_dist": [[0.9394111633300781, 0.060588836669921875, 0.0], [0.9693603515625, 0.00402069091796875, 0.02661895751953125], [0.9582977294921875, 0.0269622802734375, 0.014739990234375], [0.9735298156738281, 0.021831512451171875, 0.004638671875], [0.9850006103515625, 0.013622283935546875, 0.001377105712890625], [0.9806594848632812, 0.01934051513671875, 0.0], [0.9656333923339844, 0.034366607666015625, 0.0], [0.9751319885253906, 0.01703643798828125, 0.007831573486328125], [0.9910011291503906, 0.008998870849609375, 0.0], [0.9928436279296875, 0.0071563720703125, 0.0], [0.9633636474609375, 0.0366363525390625, 0.0], [0.9817924499511719, 0.018207550048828125, 0.0], [0.9322280883789062, 0.02799224853515625, 0.0397796630859375], [0.963775634765625, 0.036224365234375, 0.0], [0.9863510131835938, 0.011753082275390625, 0.001895904541015625], [0.9718055725097656, 0.028194427490234375, 0.0], [0.9735679626464844, 0.0261993408203125, 0.000232696533203125], [0.9261932373046875, 0.035289764404296875, 0.038516998291015625], [0.9850082397460938, 0.01499176025390625, 0.0], [0.9925003051757812, 0.00749969482421875, 0.0], [0.9406509399414062, 0.05934906005859375, 0.0], [0.9798393249511719, 0.0155029296875, 0.004657745361328125], [0.95281982421875, 0.04718017578125, 0.0], [0.9604988098144531, 0.039501190185546875, 0.0], [0.9890480041503906, 0.009449005126953125, 0.00150299072265625], [0.9907302856445312, 0.00926971435546875, 0.0], [0.9512062072753906, 0.048793792724609375, 0.0], [0.9718780517578125, 0.027790069580078125, 0.000331878662109375], [0.9592132568359375, 0.0407867431640625, 0.0], [0.9255638122558594, 0.030517578125, 0.043918609619140625], [0.9857254028320312, 0.012660980224609375, 0.001613616943359375], [0.9646644592285156, 0.035335540771484375, 0.0], [0.9745674133300781, 0.025432586669921875, 0.0], [0.9643440246582031, 0.022216796875, 0.013439178466796875], [0.9467239379882812, 0.05327606201171875, 0.0], [0.9689865112304688, 0.03101348876953125, 0.0], [0.9579238891601562, 0.04207611083984375, 0.0], [0.9585647583007812, 0.04143524169921875, 0.0], [0.9617729187011719, 0.038227081298828125, 0.0], [0.9501304626464844, 0.049869537353515625, 0.0], [0.9933929443359375, 0.0066070556640625, 0.0], [0.9606857299804688, 0.03931427001953125, 0.0], [0.93994140625, 0.027011871337890625, 0.033046722412109375], [0.9587326049804688, 0.04126739501953125, 0.0], [0.9631729125976562, 0.03682708740234375, 0.0], [0.9719047546386719, 0.026584625244140625, 0.0015106201171875], [0.9818077087402344, 0.018192291259765625, 0.0], [0.9402694702148438, 0.05973052978515625, 0.0], [0.9804954528808594, 0.019504547119140625, 0.0], [0.9644699096679688, 0.03553009033203125, 0.0], [0.9919700622558594, 0.008029937744140625, 0.0], [0.9730682373046875, 0.0269317626953125, 0.0], [0.9839859008789062, 0.01601409912109375, 0.0], [0.952117919921875, 0.047882080078125, 0.0], [0.9620399475097656, 0.035350799560546875, 0.0026092529296875], [0.9834709167480469, 0.015228271484375, 0.001300811767578125], [0.9603157043457031, 0.039684295654296875, 0.0], [0.961578369140625, 0.038421630859375, 0.0], [0.9736747741699219, 0.025791168212890625, 0.0005340576171875], [0.98638916015625, 0.01361083984375, 0.0], [0.97491455078125, 0.024059295654296875, 0.001026153564453125], [0.9712104797363281, 0.028789520263671875, 0.0], [0.9539947509765625, 0.036914825439453125, 0.009090423583984375], [0.9622688293457031, 0.037731170654296875, 0.0], [0.9583015441894531, 0.041698455810546875, 0.0], [0.9521064758300781, 0.047893524169921875, 0.0], [0.9476051330566406, 0.052394866943359375, 0.0], [0.9591789245605469, 0.040821075439453125, 0.0], [0.9589118957519531, 0.040760040283203125, 0.00032806396484375], [0.9468193054199219, 0.053180694580078125, 0.0], [0.9826393127441406, 0.01717376708984375, 0.000186920166015625], [0.9439544677734375, 0.0560455322265625, 0.0], [0.9682655334472656, 0.031734466552734375, 0.0], [0.9991683959960938, 0.00083160400390625, 0.0], [0.9634552001953125, 0.0365447998046875, 0.0], [0.9947853088378906, 0.005214691162109375, 0.0]], "candidate_count": 2400, "candidate_scores_path": "/groups/echambe2/gmeng/MedAL-Agent/repo/code/runs/frozen_v5/candidate_scores/kits19__P1__s1000__r2.json", "predictions_path": "", "initial_labeled_path": "/groups/echambe2/gmeng/MedAL-Agent/repo/code/runs/frozen_v5/init_sets/kits19__s1000__n25.json", "initial_labeled_ids": [], "selection_diagnostics": {}, "training": {"num_iters": 1000, "batch_size": 12, "lr": 0.001, "image_size": 512, "aspect_preserve": true, "resolution_policy": "longside_pad32", "preproc_cache": {"pool": "hit", "val": "hit"}, "train_runtime_sec": 898.8626472949982, "query_runtime_sec": 32.50148868560791, "iters": 2300, "stop_iter": 2300, "mean_loss": 0.4478156885763873, "last_loss": 0.16684149205684662, "stop_reason": "plateau", "hit_max_iters": false, "final_smooth_loss": 0.13598543852567674, "best_smooth_loss": 0.13352741930633782, "diverged": false, "loss_curve": [[1000, 0.4296091420948505], [1100, 0.3460789793729782], [1200, 0.279450730457902], [1300, 0.21104177705943583], [1400, 0.26813644081354143], [1500, 0.16177379108965398], [1600, 0.16935958653688432], [1700, 0.1554595295339823], [1800, 0.13352741930633782], [1900, 0.18169533558189868], [2000, 0.15744009464979172], [2100, 0.14933526288717985], [2200, 0.1487348588556051], [2300, 0.13598543852567674]]}, "ckpt_id": "kits19__P1__s1000__r2", "ckpt_path": "", "ckpt_hash": "39e2ce68ad35b0e63473e33616f465aad50d494ce06f3334f35464cbdf8ac3e8", "config_hash": "e4fae46d1c013eb7c36e2eeecfd787bd198e1e60b7f9bf7f044c146e0d2a9270", "feature_cache_keys": {}, "sam_model_type": "", "sam_checkpoint": "", "metrics": {"primary_metric": "mean_dsc_fg_case_macro", "metric_version": "v3_case_macro", "eval_scope": "case_retained_slices", "mean_dsc_fg_case_macro": 0.4101635210156752, "mean_dsc_fg": 0.4101635210156752, "mean_dsc_fg_pooled_diagnostic": 0.4588727104375461, "dsc_per_class_pooled": [0.9915568533154792, 0.810368892614947, 0.10737652826014517], "dsc_per_class": [0.9915568533154792, 0.810368892614947, 0.10737652826014517], "n_cases": 18, "n_eval": 500, "structure_detection_rate": 0.9722222222222222, "missed_structure_rate": 0.02777777777777779}, "runtime_sec": {"train": 898.8626472949982, "eval": 6.630720853805542, "select": 32.50148868560791}, "gpu_mem_mb": 9418.0352, "gpu_name": "NVIDIA A40", "gpu_total_mem_mb": 47960.489984, "foundation": {}, "notes": ""}
