{"schema_version": "v3", "run_id": "kits19__P9__s3000", "round": 0, "dataset": "kits19", "modality": "ct", "target": "kidney", "dim": "3d", "query_unit": "slice", "seed": 3000, "round_seed": 3000, "component_seeds": {"model_init_seed": 4268717614, "loader_seed": 3761024140, "query_seed": 1653928250, "dropout_seed": 3551934248}, "total_rounds": 7, "budget_denominator": {"full_train_N": 8071, "requested_pool_cap": 5000, "actual_AL_pool_N": 2500, "budget_plan": [25, 50, 100, 176, 250, 375, 500], "fraction_of_AL_pool": 0.2, "fraction_of_full_train": 0.06195019204559534}, "policy_id": "P9", "policy_name": "PAAL", "method_version": "1.0", "is_ablation": false, "policy_config": {}, "cumulative_budget": 25, "incremental_query_count": 25, "labeled_count": 25, "labeled_ratio": 0.01, "selected_ids": ["case_00004_s043", "case_00034_s048", "case_00132_s329", "case_00046_s032", "case_00132_s365", "case_00155_s368", "case_00148_s007", "case_00095_s126", "case_00111_s086", "case_00132_s333", "case_00204_s032", "case_00132_s374", "case_00147_s046", "case_00007_s022", "case_00095_s128", "case_00092_s044", "case_00138_s056", "case_00037_s022", "case_00132_s369", "case_00083_s084", "case_00008_s121", "case_00004_s045", "case_00092_s032", "case_00132_s326", "case_00037_s021"], "selected_scores": [0.0009711757302284241, 0.645807147026062, 0.5789391398429871, 0.00018196064047515392, 1.6419925689697266, 0.003584942314773798, 0.00043914420530200005, 0.0008574018138460815, 0.20507729053497314, 0.29619982838630676, 0.00017754756845533848, 0.7202044725418091, 0.0026348799001425505, 0.00040204310789704323, 0.0008027024450711906, 0.06233296915888786, 0.2884812653064728, 0.00017212102829944342, 0.3803424537181854, 0.002369978930801153, 0.00036950287176296115, 0.0007968167192302644, 0.04869193956255913, 0.19399891793727875, 0.0001430011761840433], "selected_pred_fg_ratio": [0.01363372802734375, 0.025760650634765625, 0.07223892211914062, 0.009487152099609375, 0.055202484130859375, 0.016040802001953125, 0.003177642822265625, 0.011951446533203125, 0.016292572021484375, 0.06604385375976562, 0.01531982421875, 0.035106658935546875, 0.01050567626953125, 0.00926971435546875, 0.01012420654296875, 0.014659881591796875, 0.03565216064453125, 0.00933837890625, 0.041412353515625, 0.02234649658203125, 0.0258941650390625, 0.00711822509765625, 0.032329559326171875, 0.06916427612304688, 0.00467681884765625], "selected_pred_class_dist": [[0.9863662719726562, 0.013484954833984375, 0.000148773193359375], [0.9742393493652344, 0.025760650634765625, 0.0], [0.9277610778808594, 0.07223892211914062, 0.0], [0.9905128479003906, 0.00817108154296875, 0.001316070556640625], [0.9447975158691406, 0.053661346435546875, 0.0015411376953125], [0.9839591979980469, 0.0159912109375, 4.9591064453125e-05], [0.9968223571777344, 0.003177642822265625, 0.0], [0.9880485534667969, 0.01036834716796875, 0.001583099365234375], [0.9837074279785156, 0.016170501708984375, 0.0001220703125], [0.9339561462402344, 0.06604385375976562, 0.0], [0.98468017578125, 0.013332366943359375, 0.001987457275390625], [0.9648933410644531, 0.035106658935546875, 0.0], [0.9894943237304688, 0.010326385498046875, 0.000179290771484375], [0.9907302856445312, 0.009166717529296875, 0.000102996826171875], [0.9898757934570312, 0.009613037109375, 0.00051116943359375], [0.9853401184082031, 0.014659881591796875, 0.0], [0.9643478393554688, 0.03565216064453125, 0.0], [0.99066162109375, 0.009006500244140625, 0.000331878662109375], [0.958587646484375, 0.041412353515625, 0.0], [0.9776535034179688, 0.02234649658203125, 0.0], [0.9741058349609375, 0.013729095458984375, 0.012165069580078125], [0.9928817749023438, 0.00588226318359375, 0.0012359619140625], [0.9676704406738281, 0.031162261962890625, 0.00116729736328125], [0.9308357238769531, 0.06916427612304688, 0.0], [0.9953231811523438, 0.00429534912109375, 0.0003814697265625]], "candidate_count": 2475, "candidate_scores_path": "/groups/echambe2/gmeng/MedAL-Agent/repo/code/runs/frozen_v5/candidate_scores/kits19__P9__s3000__r0.json", "predictions_path": "", "initial_labeled_path": "/groups/echambe2/gmeng/MedAL-Agent/repo/code/runs/frozen_v5/init_sets/kits19__s3000__n25.json", "initial_labeled_ids": ["case_00003_s102", "case_00008_s128", "case_00016_s049", "case_00022_s265", "case_00027_s342", "case_00033_s150", "case_00036_s051", "case_00072_s055", "case_00077_s020", "case_00079_s079", "case_00091_s314", "case_00102_s137", "case_00102_s145", "case_00111_s045", "case_00132_s327", "case_00140_s170", "case_00145_s047", "case_00156_s308", "case_00159_s280", "case_00159_s287", "case_00164_s031", "case_00165_s381", "case_00178_s038", "case_00183_s099", "case_00206_s036"], "selection_diagnostics": {"paal_ap_epochs": 200, "paal_ap_loss_mean": 0.009644022162114909, "paal_ap_loss_last": 0.001560257929035604, "paal_ap_val_corr": 0.3973052972629002, "paal_ap_n_train": 23, "paal_ap_n_val": 2, "paal_pred_acc_mean": 0.9982733130455017, "paal_pred_acc_std": 0.025961825624108315, "paal_score_mean": 0.0028964991215616465, "paal_score_std": 0.04211258143186569, "paal_n_clusters": 7, "paal_cluster_sizes": [445, 442, 298, 117, 328, 541, 304], "paal_selected_clusters": [0, 1, 2, 3, 4, 5, 6, 0, 1, 2, 3, 4, 5, 6, 0, 1, 2, 3, 4, 5, 6, 0, 1, 2, 3]}, "training": {"num_iters": 1000, "batch_size": 12, "lr": 0.001, "image_size": 512, "aspect_preserve": true, "resolution_policy": "longside_pad32", "preproc_cache": {"pool": "hit", "val": "hit"}, "train_runtime_sec": 706.9864609241486, "query_runtime_sec": 119.0701801776886, "iters": 1800, "stop_iter": 1800, "mean_loss": 0.16545023828434446, "last_loss": 0.01874830573797226, "stop_reason": "plateau", "hit_max_iters": false, "final_smooth_loss": 0.028519812375307083, "best_smooth_loss": 0.03010113101452589, "diverged": false, "loss_curve": [[1000, 0.06786330623552203], [1100, 0.035514161735773084], [1200, 0.039251307304948566], [1300, 0.03010113101452589], [1400, 0.03620014257729053], [1500, 0.03739643786102533], [1600, 0.07435573276132346], [1700, 0.043137538433074954], [1800, 0.028519812375307083]]}, "ckpt_id": "kits19__P9__s3000__r0", "ckpt_path": "", "ckpt_hash": "159e95b9203f0f6aa1f6ba93bafbd74217de3a48a1ae85eb86e44d46e41e14a9", "config_hash": "e4fae46d1c013eb7c36e2eeecfd787bd198e1e60b7f9bf7f044c146e0d2a9270", "feature_cache_keys": {"task_unet": "task_unet_bottleneck@159e95b9203f"}, "sam_model_type": "", "sam_checkpoint": "", "metrics": {"primary_metric": "mean_dsc_fg_case_macro", "metric_version": "v3_case_macro", "eval_scope": "case_retained_slices", "mean_dsc_fg_case_macro": 0.437338120435566, "mean_dsc_fg": 0.437338120435566, "mean_dsc_fg_pooled_diagnostic": 0.42392432871367086, "dsc_per_class_pooled": [0.9924971410227842, 0.7191686621508655, 0.12867999527647625], "dsc_per_class": [0.9924971410227842, 0.7191686621508655, 0.12867999527647625], "n_cases": 18, "n_eval": 500, "structure_detection_rate": 1.0, "missed_structure_rate": 0.0}, "runtime_sec": {"train": 706.9864609241486, "eval": 7.016016721725464, "select": 119.0701801776886}, "gpu_mem_mb": 9368.62208, "gpu_name": "NVIDIA A40", "gpu_total_mem_mb": 47960.489984, "foundation": {}, "notes": ""}
{"schema_version": "v3", "run_id": "kits19__P9__s3000", "round": 1, "dataset": "kits19", "modality": "ct", "target": "kidney", "dim": "3d", "query_unit": "slice", "seed": 3000, "round_seed": 3001, "component_seeds": {"model_init_seed": 1368497401, "loader_seed": 724338150, "query_seed": 2939650167, "dropout_seed": 1283938365}, "total_rounds": 7, "budget_denominator": {"full_train_N": 8071, "requested_pool_cap": 5000, "actual_AL_pool_N": 2500, "budget_plan": [25, 50, 100, 176, 250, 375, 500], "fraction_of_AL_pool": 0.2, "fraction_of_full_train": 0.06195019204559534}, "policy_id": "P9", "policy_name": "PAAL", "method_version": "1.0", "is_ablation": false, "policy_config": {}, "cumulative_budget": 50, "incremental_query_count": 50, "labeled_count": 50, "labeled_ratio": 0.02, "selected_ids": ["case_00075_s015", "case_00192_s063", "case_00025_s039", "case_00154_s341", "case_00181_s055", "case_00138_s063", "case_00042_s249", "case_00084_s045", "case_00042_s261", "case_00086_s048", "case_00042_s230", "case_00146_s356", "case_00165_s303", "case_00056_s017", "case_00057_s029", "case_00108_s044", "case_00042_s264", "case_00107_s018", "case_00042_s232", "case_00155_s366", "case_00156_s255", "case_00091_s196", "case_00131_s035", "case_00018_s098", "case_00102_s102", "case_00086_s045", "case_00042_s233", "case_00052_s307", "case_00003_s099", "case_00141_s272", "case_00131_s036", "case_00059_s357", "case_00102_s100", "case_00079_s056", "case_00042_s245", "case_00116_s370", "case_00074_s035", "case_00071_s393", "case_00183_s078", "case_00018_s099", "case_00042_s268", "case_00086_s047", "case_00042_s231", "case_00071_s383", "case_00139_s025", "case_00157_s358", "case_00059_s244", "case_00054_s053", "case_00042_s266", "case_00166_s027"], "selected_scores": [1.5257295370101929, 1.94761061668396, 1.8521628379821777, 2.036194324493408, 1.5075037479400635, 2.0515871047973633, 1.4853346347808838, 1.7206352949142456, 1.4929354190826416, 1.8256397247314453, 1.5144834518432617, 1.9261043071746826, 1.4603121280670166, 1.8451370000839233, 1.352527379989624, 1.3434340953826904, 1.4845483303070068, 1.762108564376831, 1.5095961093902588, 1.8551476001739502, 1.4392127990722656, 1.7737979888916016, 1.2901523113250732, 1.2772216796875, 1.480595350265503, 1.7361338138580322, 1.502652645111084, 1.746276617050171, 1.4310439825057983, 1.6676100492477417, 1.2265994548797607, 1.2114723920822144, 1.4755662679672241, 1.7102715969085693, 1.4953083992004395, 1.308159589767456, 1.4010757207870483, 1.6205124855041504, 0.5981401205062866, 1.1960498094558716, 1.457531452178955, 1.687392234802246, 1.4912824630737305, 1.0546503067016602, 1.3477915525436401, 1.5612316131591797, 0.49282142519950867, 1.0528353452682495, 1.4258345365524292, 1.524387240409851], "selected_pred_fg_ratio": [0.0004425048828125, 0.0030670166015625, 0.00040435791015625, 0.0, 0.0, 4.57763671875e-05, 0.001171112060546875, 0.0, 0.0, 0.001552581787109375, 0.0011749267578125, 0.000499725341796875, 4.57763671875e-05, 0.000392913818359375, 0.00226593017578125, 0.000423431396484375, 3.4332275390625e-05, 0.0, 0.0015411376953125, 0.0, 0.0, 0.004146575927734375, 0.0018463134765625, 0.00205230712890625, 0.011333465576171875, 0.001804351806640625, 0.00229644775390625, 0.0, 6.103515625e-05, 0.002017974853515625, 0.002681732177734375, 0.000133514404296875, 0.01091766357421875, 0.023975372314453125, 0.00376129150390625, 0.0015716552734375, 0.0, 0.0, 0.01038360595703125, 0.0026092529296875, 0.0001373291015625, 0.004375457763671875, 0.0007476806640625, 0.002288818359375, 0.001041412353515625, 0.00048065185546875, 0.005474090576171875, 0.0, 0.0004119873046875, 0.0005035400390625], "selected_pred_class_dist": [[0.9995574951171875, 0.0004425048828125, 0.0], [0.9969329833984375, 8.7738037109375e-05, 0.002979278564453125], [0.9995956420898438, 4.57763671875e-05, 0.00035858154296875], [1.0, 0.0, 0.0], [1.0, 0.0, 0.0], [0.9999542236328125, 4.57763671875e-05, 0.0], [0.9988288879394531, 0.0, 0.001171112060546875], [1.0, 0.0, 0.0], [1.0, 0.0, 0.0], [0.9984474182128906, 0.00023651123046875, 0.001316070556640625], [0.9988250732421875, 0.0002288818359375, 0.000946044921875], [0.9995002746582031, 0.000499725341796875, 0.0], [0.9999542236328125, 4.57763671875e-05, 0.0], [0.9996070861816406, 0.0, 0.000392913818359375], [0.9977340698242188, 0.000888824462890625, 0.001377105712890625], [0.9995765686035156, 8.7738037109375e-05, 0.000335693359375], [0.9999656677246094, 3.4332275390625e-05, 0.0], [1.0, 0.0, 0.0], [0.9984588623046875, 6.4849853515625e-05, 0.001476287841796875], [1.0, 0.0, 0.0], [1.0, 0.0, 0.0], [0.9958534240722656, 0.001300811767578125, 0.00284576416015625], [0.9981536865234375, 0.00156402587890625, 0.00028228759765625], [0.9979476928710938, 5.340576171875e-05, 0.0019989013671875], [0.9886665344238281, 4.9591064453125e-05, 0.01128387451171875], [0.9981956481933594, 0.00040435791015625, 0.001399993896484375], [0.9977035522460938, 6.4849853515625e-05, 0.002231597900390625], [1.0, 0.0, 0.0], [0.99993896484375, 6.103515625e-05, 0.0], [0.9979820251464844, 0.00201416015625, 3.814697265625e-06], [0.9973182678222656, 0.002269744873046875, 0.0004119873046875], [0.9998664855957031, 0.000133514404296875, 0.0], [0.9890823364257812, 0.0, 0.01091766357421875], [0.9760246276855469, 0.00051116943359375, 0.023464202880859375], [0.9962387084960938, 0.000225067138671875, 0.003536224365234375], [0.9984283447265625, 0.0015716552734375, 0.0], [1.0, 0.0, 0.0], [1.0, 0.0, 0.0], [0.9896163940429688, 0.007640838623046875, 0.002742767333984375], [0.9973907470703125, 0.0005340576171875, 0.0020751953125], [0.9998626708984375, 9.918212890625e-05, 3.814697265625e-05], [0.9956245422363281, 0.000774383544921875, 0.00360107421875], [0.9992523193359375, 0.000301361083984375, 0.000446319580078125], [0.997711181640625, 0.002288818359375, 0.0], [0.9989585876464844, 0.001041412353515625, 0.0], [0.9995193481445312, 0.00048065185546875, 0.0], [0.9945259094238281, 0.005474090576171875, 0.0], [1.0, 0.0, 0.0], [0.9995880126953125, 0.000286102294921875, 0.000125885009765625], [0.9994964599609375, 0.0005035400390625, 0.0]], "candidate_count": 2450, "candidate_scores_path": "/groups/echambe2/gmeng/MedAL-Agent/repo/code/runs/frozen_v5/candidate_scores/kits19__P9__s3000__r1.json", "predictions_path": "", "initial_labeled_path": "/groups/echambe2/gmeng/MedAL-Agent/repo/code/runs/frozen_v5/init_sets/kits19__s3000__n25.json", "initial_labeled_ids": [], "selection_diagnostics": {"paal_ap_epochs": 200, "paal_ap_loss_mean": 0.008099719934025416, "paal_ap_loss_last": 0.004455601315633182, "paal_ap_val_corr": 0.21084802393566715, "paal_ap_n_train": 45, "paal_ap_n_val": 5, "paal_pred_acc_mean": 0.9619900584220886, "paal_pred_acc_std": 0.1551365852355957, "paal_score_mean": 0.0930446982383728, "paal_score_std": 0.2846447229385376, "paal_n_clusters": 8, "paal_cluster_sizes": [549, 252, 351, 267, 406, 201, 277, 147], "paal_selected_clusters": [0, 1, 2, 3, 4, 5, 6, 7, 0, 1, 2, 3, 4, 5, 6, 7, 0, 1, 2, 3, 4, 5, 6, 7, 0, 1, 2, 3, 4, 5, 6, 7, 0, 1, 2, 3, 4, 5, 6, 7, 0, 1, 2, 3, 4, 5, 6, 7, 0, 1]}, "training": {"num_iters": 1000, "batch_size": 12, "lr": 0.001, "image_size": 512, "aspect_preserve": true, "resolution_policy": "longside_pad32", "preproc_cache": {"pool": "hit", "val": "hit"}, "train_runtime_sec": 1374.4010620117188, "query_runtime_sec": 180.66653537750244, "iters": 3500, "stop_iter": 3500, "mean_loss": 0.16371384963286775, "last_loss": 0.061955615878105164, "stop_reason": "plateau", "hit_max_iters": false, "final_smooth_loss": 0.14029350113123656, "best_smooth_loss": 0.024059503003954888, "diverged": true, "loss_curve": [[1000, 0.10992667693644761], [1100, 0.07539705280214548], [1200, 0.05985484773293138], [1300, 0.05406823948025703], [1400, 0.051301438137888906], [1500, 0.0894595281779766], [1600, 0.12547509972006082], [1700, 0.04845268366858363], [1800, 0.05382776606827974], [1900, 0.05582848407328129], [2000, 0.0473789169639349], [2100, 0.05342260830104351], [2200, 0.03564174098894], [2300, 0.044128043428063396], [2400, 0.04504596162587404], [2500, 0.04044068219140172], [2600, 0.04764472514390945], [2700, 0.030474171265959738], [2800, 0.028627276979386808], [2900, 0.026039283759891986], [3000, 0.024059503003954888], [3100, 0.026332250107079746], [3200, 0.0229441586881876], [3300, 0.022503572776913644], [3400, 0.07164342621341348], [3500, 0.14029350113123656]]}, "ckpt_id": "kits19__P9__s3000__r1", "ckpt_path": "", "ckpt_hash": "f1a6925311032782b912a985512f9b4f4099f0347763ec7601e17172329e68ef", "config_hash": "e4fae46d1c013eb7c36e2eeecfd787bd198e1e60b7f9bf7f044c146e0d2a9270", "feature_cache_keys": {"task_unet": "task_unet_bottleneck@f1a692531103"}, "sam_model_type": "", "sam_checkpoint": "", "metrics": {"primary_metric": "mean_dsc_fg_case_macro", "metric_version": "v3_case_macro", "eval_scope": "case_retained_slices", "mean_dsc_fg_case_macro": 0.4578018573050238, "mean_dsc_fg": 0.4578018573050238, "mean_dsc_fg_pooled_diagnostic": 0.45249554482240023, "dsc_per_class_pooled": [0.9937451961282422, 0.7683495920680792, 0.13664149757672128], "dsc_per_class": [0.9937451961282422, 0.7683495920680792, 0.13664149757672128], "n_cases": 18, "n_eval": 500, "structure_detection_rate": 1.0, "missed_structure_rate": 0.0}, "runtime_sec": {"train": 1374.4010620117188, "eval": 8.092232942581177, "select": 180.66653537750244}, "gpu_mem_mb": 9577.35424, "gpu_name": "NVIDIA A40", "gpu_total_mem_mb": 47960.489984, "foundation": {}, "notes": ""}
{"schema_version": "v3", "run_id": "kits19__P9__s3000", "round": 2, "dataset": "kits19", "modality": "ct", "target": "kidney", "dim": "3d", "query_unit": "slice", "seed": 3000, "round_seed": 3002, "component_seeds": {"model_init_seed": 3745551808, "loader_seed": 2465835433, "query_seed": 2701088630, "dropout_seed": 1393056386}, "total_rounds": 7, "budget_denominator": {"full_train_N": 8071, "requested_pool_cap": 5000, "actual_AL_pool_N": 2500, "budget_plan": [25, 50, 100, 176, 250, 375, 500], "fraction_of_AL_pool": 0.2, "fraction_of_full_train": 0.06195019204559534}, "policy_id": "P9", "policy_name": "PAAL", "method_version": "1.0", "is_ablation": false, "policy_config": {}, "cumulative_budget": 100, "incremental_query_count": 76, "labeled_count": 100, "labeled_ratio": 0.04, "selected_ids": ["case_00059_s270", "case_00069_s039", "case_00170_s219", "case_00194_s068", "case_00135_s304", "case_00165_s341", "case_00083_s058", "case_00037_s047", "case_00071_s388", "case_00059_s264", "case_00134_s055", "case_00002_s113", "case_00017_s039", "case_00135_s305", "case_00191_s149", "case_00028_s052", "case_00037_s026", "case_00001_s240", "case_00159_s347", "case_00028_s043", "case_00002_s101", "case_00140_s132", "case_00141_s353", "case_00191_s150", "case_00108_s037", "case_00115_s263", "case_00001_s238", "case_00091_s299", "case_00042_s174", "case_00156_s257", "case_00107_s040", "case_00141_s313", "case_00014_s086", "case_00125_s086", "case_00102_s183", "case_00001_s254", "case_00091_s300", "case_00042_s181", "case_00156_s258", "case_00140_s133", "case_00072_s025", "case_00123_s108", "case_00084_s099", "case_00115_s260", "case_00001_s275", "case_00059_s266", "case_00200_s038", "case_00156_s259", "case_00128_s081", "case_00154_s254", "case_00014_s107", "case_00029_s084", "case_00102_s188", "case_00001_s251", "case_00059_s275", "case_00200_s039", "case_00002_s104", "case_00183_s154", "case_00103_s304", "case_00123_s109", "case_00095_s103", "case_00004_s022", "case_00071_s387", "case_00096_s267", "case_00176_s032", "case_00170_s202", "case_00070_s029", "case_00132_s314", "case_00014_s087", "case_00061_s009", "case_00143_s040", "case_00135_s362", "case_00059_s338", "case_00192_s085", "case_00002_s194", "case_00208_s028"], "selected_scores": [1.4734104871749878, 1.6188147068023682, 2.1957755088806152, 3.474674701690674, 2.9051451683044434, 2.5716099739074707, 0.8128907680511475, 2.2353415489196777, 2.002073049545288, 1.319253921508789, 1.367984652519226, 0.7472429275512695, 2.2530016899108887, 2.3501384258270264, 2.3529820442199707, 0.7938512563705444, 1.6441521644592285, 1.9497188329696655, 1.2816722393035889, 1.1803100109100342, 0.7379550337791443, 1.9110851287841797, 1.6411584615707397, 2.2376809120178223, 0.6984875202178955, 1.4097330570220947, 1.7653675079345703, 1.2619056701660156, 1.1132876873016357, 0.700218677520752, 1.8713884353637695, 1.5554015636444092, 1.5605167150497437, 0.6771289706230164, 1.4050883054733276, 1.7536171674728394, 1.1266406774520874, 1.0939162969589233, 0.694079577922821, 1.6346696615219116, 1.5290716886520386, 1.5503032207489014, 0.6728382110595703, 1.3941624164581299, 1.5801901817321777, 0.9606257677078247, 0.928310751914978, 0.6899130344390869, 1.5155190229415894, 1.1687872409820557, 1.37353515625, 0.6613162755966187, 1.3794162273406982, 1.403998851776123, 0.9491638541221619, 0.9199442267417908, 0.5716015100479126, 1.3507187366485596, 1.1328585147857666, 1.3517065048217773, 0.5320965051651001, 1.296753168106079, 1.2756410837173462, 0.8916803598403931, 0.9134713411331177, 0.5579622983932495, 1.0285686254501343, 1.1197552680969238, 1.326454758644104, 0.5292099714279175, 1.138127326965332, 1.1677860021591187, 0.7483615875244141, 0.7652921676635742, 0.5038689374923706, 1.0015894174575806], "selected_pred_fg_ratio": [0.01080322265625, 0.02545928955078125, 0.00560760498046875, 0.02783966064453125, 0.020381927490234375, 0.018100738525390625, 0.021152496337890625, 0.021106719970703125, 0.011302947998046875, 0.013057708740234375, 0.015689849853515625, 0.017017364501953125, 0.03234100341796875, 0.022563934326171875, 0.02649688720703125, 0.003948211669921875, 0.021453857421875, 0.015476226806640625, 0.014568328857421875, 0.0330352783203125, 0.009098052978515625, 0.016582489013671875, 0.06890487670898438, 0.0263519287109375, 0.0185699462890625, 0.018650054931640625, 0.01689910888671875, 0.026401519775390625, 0.0226593017578125, 0.0, 0.0180206298828125, 0.06085205078125, 0.01625823974609375, 3.814697265625e-06, 0.0102081298828125, 0.018962860107421875, 0.028842926025390625, 0.0300445556640625, 0.0, 0.016170501708984375, 0.00696563720703125, 0.014415740966796875, 0.02054595947265625, 0.01471710205078125, 0.03633880615234375, 0.013561248779296875, 0.024860382080078125, 0.0, 0.02724456787109375, 0.0231170654296875, 0.020263671875, 4.57763671875e-05, 0.0088043212890625, 0.0214691162109375, 0.016880035400390625, 0.022235870361328125, 0.010692596435546875, 0.02512359619140625, 0.0198516845703125, 0.015369415283203125, 0.025661468505859375, 0.0080108642578125, 0.01145172119140625, 0.00833892822265625, 0.008769989013671875, 0.01926422119140625, 0.024658203125, 0.061252593994140625, 0.017337799072265625, 0.025951385498046875, 0.01318359375, 0.013271331787109375, 1.9073486328125e-05, 0.02678680419921875, 0.00394439697265625, 0.024494171142578125], "selected_pred_class_dist": [[0.98919677734375, 0.01080322265625, 0.0], [0.9745407104492188, 0.025341033935546875, 0.000118255615234375], [0.9943923950195312, 0.005588531494140625, 1.9073486328125e-05], [0.9721603393554688, 0.025470733642578125, 0.002368927001953125], [0.9796180725097656, 0.020381927490234375, 0.0], [0.9818992614746094, 0.018093109130859375, 7.62939453125e-06], [0.9788475036621094, 0.021152496337890625, 0.0], [0.9788932800292969, 0.0093994140625, 0.011707305908203125], [0.9886970520019531, 0.011302947998046875, 0.0], [0.9869422912597656, 0.01236724853515625, 0.000690460205078125], [0.9843101501464844, 0.015171051025390625, 0.000518798828125], [0.9829826354980469, 0.017017364501953125, 0.0], [0.9676589965820312, 0.03234100341796875, 0.0], [0.9774360656738281, 0.022556304931640625, 7.62939453125e-06], [0.9735031127929688, 0.02533721923828125, 0.00115966796875], [0.9960517883300781, 0.0037689208984375, 0.000179290771484375], [0.978546142578125, 0.019931793212890625, 0.001522064208984375], [0.9845237731933594, 0.011928558349609375, 0.00354766845703125], [0.9854316711425781, 0.014568328857421875, 0.0], [0.9669647216796875, 0.029712677001953125, 0.003322601318359375], [0.9909019470214844, 0.009098052978515625, 0.0], [0.9834175109863281, 0.016582489013671875, 0.0], [0.9310951232910156, 0.06626129150390625, 0.002643585205078125], [0.9736480712890625, 0.026317596435546875, 3.4332275390625e-05], [0.9814300537109375, 0.0185699462890625, 0.0], [0.9813499450683594, 0.018634796142578125, 1.52587890625e-05], [0.9831008911132812, 0.009105682373046875, 0.007793426513671875], [0.9735984802246094, 0.026401519775390625, 0.0], [0.9773406982421875, 0.017238616943359375, 0.005420684814453125], [1.0, 0.0, 0.0], [0.9819793701171875, 0.01125335693359375, 0.00676727294921875], [0.93914794921875, 0.048160552978515625, 0.012691497802734375], [0.9837417602539062, 0.01625823974609375, 0.0], [0.9999961853027344, 3.814697265625e-06, 0.0], [0.9897918701171875, 0.0102081298828125, 0.0], [0.9810371398925781, 0.018962860107421875, 0.0], [0.9711570739746094, 0.028842926025390625, 0.0], [0.9699554443359375, 0.017414093017578125, 0.012630462646484375], [1.0, 0.0, 0.0], [0.9838294982910156, 0.016170501708984375, 0.0], [0.9930343627929688, 0.004791259765625, 0.00217437744140625], [0.9855842590332031, 0.014415740966796875, 0.0], [0.9794540405273438, 0.020343780517578125, 0.000202178955078125], [0.9852828979492188, 0.01471710205078125, 0.0], [0.9636611938476562, 0.03617095947265625, 0.0001678466796875], [0.9864387512207031, 0.01230621337890625, 0.001255035400390625], [0.9751396179199219, 0.023532867431640625, 0.0013275146484375], [1.0, 0.0, 0.0], [0.9727554321289062, 0.0271148681640625, 0.00012969970703125], [0.9768829345703125, 0.023052215576171875, 6.4849853515625e-05], [0.979736328125, 0.01840972900390625, 0.00185394287109375], [0.9999542236328125, 0.0, 4.57763671875e-05], [0.9911956787109375, 0.0088043212890625, 0.0], [0.9785308837890625, 0.02142333984375, 4.57763671875e-05], [0.9831199645996094, 0.016880035400390625, 0.0], [0.9777641296386719, 0.022060394287109375, 0.00017547607421875], [0.9893074035644531, 0.010692596435546875, 0.0], [0.9748764038085938, 0.0240325927734375, 0.00109100341796875], [0.9801483154296875, 0.019344329833984375, 0.000507354736328125], [0.9846305847167969, 0.015369415283203125, 0.0], [0.9743385314941406, 0.022617340087890625, 0.00304412841796875], [0.9919891357421875, 0.00567626953125, 0.0023345947265625], [0.9885482788085938, 0.01145172119140625, 0.0], [0.9916610717773438, 0.00833892822265625, 0.0], [0.9912300109863281, 0.007823944091796875, 0.000946044921875], [0.9807357788085938, 0.019222259521484375, 4.1961669921875e-05], [0.975341796875, 0.016826629638671875, 0.007831573486328125], [0.9387474060058594, 0.0586090087890625, 0.002643585205078125], [0.9826622009277344, 0.017337799072265625, 0.0], [0.9740486145019531, 0.0252685546875, 0.000682830810546875], [0.98681640625, 0.01313018798828125, 5.340576171875e-05], [0.9867286682128906, 0.013271331787109375, 0.0], [0.9999809265136719, 1.9073486328125e-05, 0.0], [0.9732131958007812, 0.02024078369140625, 0.0065460205078125], [0.9960556030273438, 0.00394439697265625, 0.0], [0.9755058288574219, 0.02335357666015625, 0.001140594482421875]], "candidate_count": 2400, "candidate_scores_path": "/groups/echambe2/gmeng/MedAL-Agent/repo/code/runs/frozen_v5/candidate_scores/kits19__P9__s3000__r2.json", "predictions_path": "", "initial_labeled_path": "/groups/echambe2/gmeng/MedAL-Agent/repo/code/runs/frozen_v5/init_sets/kits19__s3000__n25.json", "initial_labeled_ids": [], "selection_diagnostics": {"paal_ap_epochs": 200, "paal_ap_loss_mean": 0.011396484771248256, "paal_ap_loss_last": 0.0021394868605927077, "paal_ap_val_corr": 0.9923202229449488, "paal_ap_n_train": 92, "paal_ap_n_val": 8, "paal_pred_acc_mean": 0.9460364580154419, "paal_pred_acc_std": 0.17237435281276703, "paal_score_mean": 0.11586611717939377, "paal_score_std": 0.2976680397987366, "paal_n_clusters": 9, "paal_cluster_sizes": [210, 314, 125, 446, 332, 288, 202, 342, 141], "paal_selected_clusters": [0, 1, 2, 3, 4, 5, 6, 7, 8, 0, 1, 2, 3, 4, 5, 6, 7, 8, 0, 1, 2, 3, 4, 5, 6, 7, 8, 0, 1, 2, 3, 4, 5, 6, 7, 8, 0, 1, 2, 3, 4, 5, 6, 7, 8, 0, 1, 2, 3, 4, 5, 6, 7, 8, 0, 1, 2, 3, 4, 5, 6, 7, 8, 0, 1, 2, 3, 4, 5, 6, 7, 8, 0, 1, 2, 3]}, "training": {"num_iters": 1000, "batch_size": 12, "lr": 0.001, "image_size": 512, "aspect_preserve": true, "resolution_policy": "longside_pad32", "preproc_cache": {"pool": "hit", "val": "hit"}, "train_runtime_sec": 1245.6711082458496, "query_runtime_sec": 315.9496955871582, "iters": 3200, "stop_iter": 3200, "mean_loss": 0.197058506483736, "last_loss": 0.03713958337903023, "stop_reason": "plateau", "hit_max_iters": false, "final_smooth_loss": 0.03066226540133357, "best_smooth_loss": 0.029838006775826216, "diverged": false, "loss_curve": [[1000, 0.14947855710983277], [1100, 0.12913428362458945], [1200, 0.11688412312418223], [1300, 0.11206438131630421], [1400, 0.07188150439411402], [1500, 0.0613134016469121], [1600, 0.06510730361565947], [1700, 0.05650215178728104], [1800, 0.11698122002184391], [1900, 0.05184823723509908], [2000, 0.04467015074566007], [2100, 0.04045143065974116], [2200, 0.0370926215685904], [2300, 0.04016952648758888], [2400, 0.046446710117161276], [2500, 0.03994687877595424], [2600, 0.03470110008493066], [2700, 0.029838006775826216], [2800, 0.03429494056850672], [2900, 0.03015036861412227], [3000, 0.032849769443273544], [3100, 0.03144553093239665], [3200, 0.03066226540133357]]}, "ckpt_id": "kits19__P9__s3000__r2", "ckpt_path": "", "ckpt_hash": "2938fef6bb3d210ed49b0ce2c584e0c3842f00cef9333b2efe0882bc3319b103", "config_hash": "e4fae46d1c013eb7c36e2eeecfd787bd198e1e60b7f9bf7f044c146e0d2a9270", "feature_cache_keys": {"task_unet": "task_unet_bottleneck@2938fef6bb3d"}, "sam_model_type": "", "sam_checkpoint": "", "metrics": {"primary_metric": "mean_dsc_fg_case_macro", "metric_version": "v3_case_macro", "eval_scope": "case_retained_slices", "mean_dsc_fg_case_macro": 0.4472628385831696, "mean_dsc_fg": 0.4472628385831696, "mean_dsc_fg_pooled_diagnostic": 0.4334738532746622, "dsc_per_class_pooled": [0.9948216242072239, 0.7979942189573294, 0.068953487591995], "dsc_per_class": [0.9948216242072239, 0.7979942189573294, 0.068953487591995], "n_cases": 18, "n_eval": 500, "structure_detection_rate": 1.0, "missed_structure_rate": 0.0}, "runtime_sec": {"train": 1245.6711082458496, "eval": 6.5701680183410645, "select": 315.9496955871582}, "gpu_mem_mb": 9577.894912, "gpu_name": "NVIDIA A40", "gpu_total_mem_mb": 47960.489984, "foundation": {}, "notes": ""}
