{"schema_version": "v3", "run_id": "kits19__P1__s3000", "round": 0, "dataset": "kits19", "modality": "ct", "target": "kidney", "dim": "3d", "query_unit": "slice", "seed": 3000, "round_seed": 3000, "component_seeds": {"model_init_seed": 4268717614, "loader_seed": 3761024140, "query_seed": 1653928250, "dropout_seed": 3551934248}, "total_rounds": 7, "budget_denominator": {"full_train_N": 8071, "requested_pool_cap": 5000, "actual_AL_pool_N": 2500, "budget_plan": [25, 50, 100, 176, 250, 375, 500], "fraction_of_AL_pool": 0.2, "fraction_of_full_train": 0.06195019204559534}, "policy_id": "P1", "policy_name": "EntropyFull", "method_version": "1.0", "is_ablation": false, "policy_config": {}, "cumulative_budget": 25, "incremental_query_count": 25, "labeled_count": 25, "labeled_ratio": 0.01, "selected_ids": ["case_00146_s233", "case_00146_s229", "case_00146_s246", "case_00146_s247", "case_00146_s244", "case_00146_s235", "case_00138_s062", "case_00001_s215", "case_00141_s281", "case_00001_s229", "case_00141_s353", "case_00001_s228", "case_00001_s214", "case_00001_s227", "case_00141_s347", "case_00141_s345", "case_00001_s230", "case_00141_s338", "case_00001_s224", "case_00141_s274", "case_00146_s352", "case_00001_s216", "case_00141_s272", "case_00001_s236", "case_00141_s337"], "selected_scores": [0.011236941441893578, 0.010626736097037792, 0.009084012359380722, 0.008989562280476093, 0.008401439525187016, 0.008233024738729, 0.008038830012083054, 0.007923734374344349, 0.007714090868830681, 0.007447180803865194, 0.0074092429131269455, 0.007409005891531706, 0.007395889610052109, 0.007374511566013098, 0.007231083232909441, 0.00703799445182085, 0.006852348800748587, 0.006851829122751951, 0.006744440644979477, 0.00672178203240037, 0.006683614570647478, 0.006554221734404564, 0.006413187365978956, 0.006280859000980854, 0.00627806456759572], "selected_pred_fg_ratio": [0.0454864501953125, 0.045436859130859375, 0.034435272216796875, 0.034412384033203125, 0.0331573486328125, 0.038722991943359375, 0.02881622314453125, 0.031158447265625, 0.023624420166015625, 0.0303955078125, 0.058353424072265625, 0.026393890380859375, 0.02851104736328125, 0.029766082763671875, 0.0650787353515625, 0.0652008056640625, 0.029521942138671875, 0.06507492065429688, 0.026073455810546875, 0.024333953857421875, 0.035755157470703125, 0.027851104736328125, 0.02336883544921875, 0.0350799560546875, 0.0647735595703125], "selected_pred_class_dist": [[0.9545135498046875, 0.04137420654296875, 0.00411224365234375], [0.9545631408691406, 0.0449981689453125, 0.000438690185546875], [0.9655647277832031, 0.032299041748046875, 0.00213623046875], [0.9655876159667969, 0.0318450927734375, 0.002567291259765625], [0.9668426513671875, 0.031536102294921875, 0.001621246337890625], [0.9612770080566406, 0.03752899169921875, 0.001194000244140625], [0.9711837768554688, 0.027797698974609375, 0.001018524169921875], [0.968841552734375, 0.02126312255859375, 0.00989532470703125], [0.9763755798339844, 0.01593017578125, 0.007694244384765625], [0.9696044921875, 0.022296905517578125, 0.008098602294921875], [0.9416465759277344, 0.05345916748046875, 0.004894256591796875], [0.9736061096191406, 0.017848968505859375, 0.008544921875], [0.9714889526367188, 0.020778656005859375, 0.007732391357421875], [0.9702339172363281, 0.020503997802734375, 0.0092620849609375], [0.9349212646484375, 0.058238983154296875, 0.006839752197265625], [0.9347991943359375, 0.05810546875, 0.0070953369140625], [0.9704780578613281, 0.02439117431640625, 0.005130767822265625], [0.9349250793457031, 0.06119537353515625, 0.003879547119140625], [0.9739265441894531, 0.01811981201171875, 0.007953643798828125], [0.9756660461425781, 0.023487091064453125, 0.00084686279296875], [0.9642448425292969, 0.031650543212890625, 0.0041046142578125], [0.9721488952636719, 0.0188140869140625, 0.009037017822265625], [0.9766311645507812, 0.020069122314453125, 0.003299713134765625], [0.9649200439453125, 0.0293121337890625, 0.005767822265625], [0.9352264404296875, 0.06250762939453125, 0.00226593017578125]], "candidate_count": 2475, "candidate_scores_path": "/groups/echambe2/gmeng/MedAL-Agent/repo/code/runs/frozen_v5/candidate_scores/kits19__P1__s3000__r0.json", "predictions_path": "", "initial_labeled_path": "/groups/echambe2/gmeng/MedAL-Agent/repo/code/runs/frozen_v5/init_sets/kits19__s3000__n25.json", "initial_labeled_ids": ["case_00003_s102", "case_00008_s128", "case_00016_s049", "case_00022_s265", "case_00027_s342", "case_00033_s150", "case_00036_s051", "case_00072_s055", "case_00077_s020", "case_00079_s079", "case_00091_s314", "case_00102_s137", "case_00102_s145", "case_00111_s045", "case_00132_s327", "case_00140_s170", "case_00145_s047", "case_00156_s308", "case_00159_s280", "case_00159_s287", "case_00164_s031", "case_00165_s381", "case_00178_s038", "case_00183_s099", "case_00206_s036"], "selection_diagnostics": {}, "training": {"num_iters": 1000, "batch_size": 12, "lr": 0.001, "image_size": 512, "aspect_preserve": true, "resolution_policy": "longside_pad32", "preproc_cache": {"pool": "hit", "val": "hit"}, "train_runtime_sec": 709.2717502117157, "query_runtime_sec": 46.14067888259888, "iters": 1800, "stop_iter": 1800, "mean_loss": 0.16545023828434446, "last_loss": 0.01874830573797226, "stop_reason": "plateau", "hit_max_iters": false, "final_smooth_loss": 0.028519812375307083, "best_smooth_loss": 0.03010113101452589, "diverged": false, "loss_curve": [[1000, 0.06786330623552203], [1100, 0.035514161735773084], [1200, 0.039251307304948566], [1300, 0.03010113101452589], [1400, 0.03620014257729053], [1500, 0.03739643786102533], [1600, 0.07435573276132346], [1700, 0.043137538433074954], [1800, 0.028519812375307083]]}, "ckpt_id": "kits19__P1__s3000__r0", "ckpt_path": "", "ckpt_hash": "159e95b9203f0f6aa1f6ba93bafbd74217de3a48a1ae85eb86e44d46e41e14a9", "config_hash": "e4fae46d1c013eb7c36e2eeecfd787bd198e1e60b7f9bf7f044c146e0d2a9270", "feature_cache_keys": {}, "sam_model_type": "", "sam_checkpoint": "", "metrics": {"primary_metric": "mean_dsc_fg_case_macro", "metric_version": "v3_case_macro", "eval_scope": "case_retained_slices", "mean_dsc_fg_case_macro": 0.437338120435566, "mean_dsc_fg": 0.437338120435566, "mean_dsc_fg_pooled_diagnostic": 0.42392432871367086, "dsc_per_class_pooled": [0.9924971410227842, 0.7191686621508655, 0.12867999527647625], "dsc_per_class": [0.9924971410227842, 0.7191686621508655, 0.12867999527647625], "n_cases": 18, "n_eval": 500, "structure_detection_rate": 1.0, "missed_structure_rate": 0.0}, "runtime_sec": {"train": 709.2717502117157, "eval": 8.066708326339722, "select": 46.14067888259888}, "gpu_mem_mb": 9368.62208, "gpu_name": "NVIDIA A40", "gpu_total_mem_mb": 47960.489984, "foundation": {}, "notes": ""}
{"schema_version": "v3", "run_id": "kits19__P1__s3000", "round": 1, "dataset": "kits19", "modality": "ct", "target": "kidney", "dim": "3d", "query_unit": "slice", "seed": 3000, "round_seed": 3001, "component_seeds": {"model_init_seed": 1368497401, "loader_seed": 724338150, "query_seed": 2939650167, "dropout_seed": 1283938365}, "total_rounds": 7, "budget_denominator": {"full_train_N": 8071, "requested_pool_cap": 5000, "actual_AL_pool_N": 2500, "budget_plan": [25, 50, 100, 176, 250, 375, 500], "fraction_of_AL_pool": 0.2, "fraction_of_full_train": 0.06195019204559534}, "policy_id": "P1", "policy_name": "EntropyFull", "method_version": "1.0", "is_ablation": false, "policy_config": {}, "cumulative_budget": 50, "incremental_query_count": 50, "labeled_count": 50, "labeled_ratio": 0.02, "selected_ids": ["case_00115_s283", "case_00115_s288", "case_00001_s297", "case_00071_s309", "case_00001_s296", "case_00071_s347", "case_00001_s275", "case_00115_s289", "case_00116_s311", "case_00071_s349", "case_00071_s345", "case_00093_s202", "case_00001_s279", "case_00001_s301", "case_00115_s284", "case_00115_s295", "case_00116_s314", "case_00027_s270", "case_00115_s287", "case_00116_s318", "case_00001_s281", "case_00115_s278", "case_00155_s304", "case_00071_s328", "case_00115_s302", "case_00116_s294", "case_00115_s296", "case_00116_s277", "case_00116_s315", "case_00116_s310", "case_00116_s274", "case_00027_s299", "case_00001_s274", "case_00154_s326", "case_00096_s317", "case_00116_s324", "case_00071_s310", "case_00027_s261", "case_00115_s269", "case_00113_s031", "case_00086_s035", "case_00001_s304", "case_00116_s293", "case_00154_s317", "case_00155_s309", "case_00071_s312", "case_00116_s290", "case_00155_s330", "case_00071_s322", "case_00079_s067"], "selected_scores": [0.012483407743275166, 0.011766127310693264, 0.011418701149523258, 0.010991711169481277, 0.010948875918984413, 0.010785873979330063, 0.010732797905802727, 0.010541330091655254, 0.0105074318125844, 0.009914709255099297, 0.00983558502048254, 0.009821812622249126, 0.009813218377530575, 0.009791982360184193, 0.009750507771968842, 0.00971962884068489, 0.009523999877274036, 0.0094111617654562, 0.009378586895763874, 0.00922531820833683, 0.009061982855200768, 0.008920268155634403, 0.008917277678847313, 0.008883506059646606, 0.008870328776538372, 0.008852338418364525, 0.008810625411570072, 0.008797382935881615, 0.008791070431470871, 0.008721863850951195, 0.008699369616806507, 0.008657502941787243, 0.008640654385089874, 0.008631380274891853, 0.008574939332902431, 0.008539590053260326, 0.008539518341422081, 0.008485582657158375, 0.008455910719931126, 0.008416607044637203, 0.008350826799869537, 0.008348140865564346, 0.008292117156088352, 0.008284267969429493, 0.008276650682091713, 0.008265936747193336, 0.008246467448771, 0.008239232935011387, 0.008230509236454964, 0.008186348713934422], "selected_pred_fg_ratio": [0.046245574951171875, 0.044666290283203125, 0.07099151611328125, 0.047138214111328125, 0.07204818725585938, 0.039104461669921875, 0.047367095947265625, 0.046573638916015625, 0.05043792724609375, 0.041706085205078125, 0.041767120361328125, 0.011058807373046875, 0.06482696533203125, 0.06305313110351562, 0.04985809326171875, 0.059719085693359375, 0.0413055419921875, 0.013446807861328125, 0.042087554931640625, 0.037357330322265625, 0.060550689697265625, 0.05805206298828125, 0.0348052978515625, 0.048694610595703125, 0.054599761962890625, 0.041416168212890625, 0.06208038330078125, 0.057704925537109375, 0.036617279052734375, 0.047840118408203125, 0.051677703857421875, 0.0205535888671875, 0.050365447998046875, 0.031787872314453125, 0.0352630615234375, 0.02616119384765625, 0.044193267822265625, 0.012542724609375, 0.03462982177734375, 0.04099273681640625, 0.0515899658203125, 0.053043365478515625, 0.044864654541015625, 0.04068756103515625, 0.0421295166015625, 0.040283203125, 0.0473785400390625, 0.046314239501953125, 0.051197052001953125, 0.06346893310546875], "selected_pred_class_dist": [[0.9537544250488281, 0.035129547119140625, 0.01111602783203125], [0.9553337097167969, 0.035125732421875, 0.009540557861328125], [0.9290084838867188, 0.07099151611328125, 0.0], [0.9528617858886719, 0.047138214111328125, 0.0], [0.9279518127441406, 0.07204818725585938, 0.0], [0.9608955383300781, 0.039104461669921875, 0.0], [0.9526329040527344, 0.047367095947265625, 0.0], [0.9534263610839844, 0.03491973876953125, 0.011653900146484375], [0.9495620727539062, 0.05004119873046875, 0.000396728515625], [0.9582939147949219, 0.041706085205078125, 0.0], [0.9582328796386719, 0.041767120361328125, 0.0], [0.9889411926269531, 0.0098419189453125, 0.001216888427734375], [0.9351730346679688, 0.06482696533203125, 0.0], [0.9369468688964844, 0.06305313110351562, 0.0], [0.9501419067382812, 0.03816986083984375, 0.011688232421875], [0.9402809143066406, 0.047985076904296875, 0.0117340087890625], [0.9586944580078125, 0.040714263916015625, 0.000591278076171875], [0.9865531921386719, 0.013214111328125, 0.000232696533203125], [0.9579124450683594, 0.038089752197265625, 0.003997802734375], [0.9626426696777344, 0.036800384521484375, 0.00055694580078125], [0.9394493103027344, 0.060550689697265625, 0.0], [0.9419479370117188, 0.042644500732421875, 0.015407562255859375], [0.9651947021484375, 0.0348052978515625, 0.0], [0.9513053894042969, 0.048694610595703125, 0.0], [0.9454002380371094, 0.040592193603515625, 0.014007568359375], [0.9585838317871094, 0.041416168212890625, 0.0], [0.9379196166992188, 0.0483551025390625, 0.01372528076171875], [0.9422950744628906, 0.05736541748046875, 0.000339508056640625], [0.9633827209472656, 0.0355377197265625, 0.001079559326171875], [0.9521598815917969, 0.047306060791015625, 0.0005340576171875], [0.9483222961425781, 0.051300048828125, 0.000377655029296875], [0.9794464111328125, 0.019702911376953125, 0.000850677490234375], [0.9496345520019531, 0.050365447998046875, 0.0], [0.9682121276855469, 0.03155517578125, 0.000232696533203125], [0.9647369384765625, 0.0352630615234375, 0.0], [0.9738388061523438, 0.02616119384765625, 0.0], [0.9558067321777344, 0.044193267822265625, 0.0], [0.987457275390625, 0.0122833251953125, 0.0002593994140625], [0.9653701782226562, 0.03106689453125, 0.00356292724609375], [0.9590072631835938, 0.0405120849609375, 0.00048065185546875], [0.9484100341796875, 0.029964447021484375, 0.021625518798828125], [0.9469566345214844, 0.053043365478515625, 0.0], [0.9551353454589844, 0.044864654541015625, 0.0], [0.9593124389648438, 0.040645599365234375, 4.1961669921875e-05], [0.9578704833984375, 0.0421295166015625, 0.0], [0.959716796875, 0.040283203125, 0.0], [0.9526214599609375, 0.0473785400390625, 0.0], [0.9536857604980469, 0.046314239501953125, 0.0], [0.9488029479980469, 0.051197052001953125, 0.0], [0.9365310668945312, 0.02732086181640625, 0.0361480712890625]], "candidate_count": 2450, "candidate_scores_path": "/groups/echambe2/gmeng/MedAL-Agent/repo/code/runs/frozen_v5/candidate_scores/kits19__P1__s3000__r1.json", "predictions_path": "", "initial_labeled_path": "/groups/echambe2/gmeng/MedAL-Agent/repo/code/runs/frozen_v5/init_sets/kits19__s3000__n25.json", "initial_labeled_ids": [], "selection_diagnostics": {}, "training": {"num_iters": 1000, "batch_size": 12, "lr": 0.001, "image_size": 512, "aspect_preserve": true, "resolution_policy": "longside_pad32", "preproc_cache": {"pool": "hit", "val": "hit"}, "train_runtime_sec": 637.7308647632599, "query_runtime_sec": 42.050355672836304, "iters": 1600, "stop_iter": 1600, "mean_loss": 0.3775871503737289, "last_loss": 0.07284494489431381, "stop_reason": "plateau", "hit_max_iters": false, "final_smooth_loss": 0.1579822537302971, "best_smooth_loss": 0.12295199165120721, "diverged": false, "loss_curve": [[1000, 0.15711963951587676], [1100, 0.12295199165120721], [1200, 0.17553475022315979], [1300, 0.32759805597364905], [1400, 0.14811771299690007], [1500, 0.1501144240796566], [1600, 0.1579822537302971]]}, "ckpt_id": "kits19__P1__s3000__r1", "ckpt_path": "", "ckpt_hash": "e5c7f0b7f38f1cf44691cfa7ba94f6f67dddc9d3baa4dc64ac8ae876b64a288f", "config_hash": "e4fae46d1c013eb7c36e2eeecfd787bd198e1e60b7f9bf7f044c146e0d2a9270", "feature_cache_keys": {}, "sam_model_type": "", "sam_checkpoint": "", "metrics": {"primary_metric": "mean_dsc_fg_case_macro", "metric_version": "v3_case_macro", "eval_scope": "case_retained_slices", "mean_dsc_fg_case_macro": 0.419448218087203, "mean_dsc_fg": 0.419448218087203, "mean_dsc_fg_pooled_diagnostic": 0.40885399816781454, "dsc_per_class_pooled": [0.9917737323092408, 0.7302174216601295, 0.08749057467549955], "dsc_per_class": [0.9917737323092408, 0.7302174216601295, 0.08749057467549955], "n_cases": 18, "n_eval": 500, "structure_detection_rate": 0.9714285714285714, "missed_structure_rate": 0.02857142857142858}, "runtime_sec": {"train": 637.7308647632599, "eval": 6.9498701095581055, "select": 42.050355672836304}, "gpu_mem_mb": 9417.150464, "gpu_name": "NVIDIA A40", "gpu_total_mem_mb": 47960.489984, "foundation": {}, "notes": ""}
{"schema_version": "v3", "run_id": "kits19__P1__s3000", "round": 2, "dataset": "kits19", "modality": "ct", "target": "kidney", "dim": "3d", "query_unit": "slice", "seed": 3000, "round_seed": 3002, "component_seeds": {"model_init_seed": 3745551808, "loader_seed": 2465835433, "query_seed": 2701088630, "dropout_seed": 1393056386}, "total_rounds": 7, "budget_denominator": {"full_train_N": 8071, "requested_pool_cap": 5000, "actual_AL_pool_N": 2500, "budget_plan": [25, 50, 100, 176, 250, 375, 500], "fraction_of_AL_pool": 0.2, "fraction_of_full_train": 0.06195019204559534}, "policy_id": "P1", "policy_name": "EntropyFull", "method_version": "1.0", "is_ablation": false, "policy_config": {}, "cumulative_budget": 100, "incremental_query_count": 76, "labeled_count": 100, "labeled_ratio": 0.04, "selected_ids": ["case_00116_s338", "case_00086_s046", "case_00116_s337", "case_00079_s064", "case_00008_s134", "case_00188_s147", "case_00086_s048", "case_00116_s352", "case_00188_s146", "case_00113_s028", "case_00119_s027", "case_00008_s126", "case_00086_s053", "case_00132_s333", "case_00107_s029", "case_00132_s359", "case_00132_s344", "case_00132_s348", "case_00096_s354", "case_00116_s350", "case_00156_s316", "case_00086_s067", "case_00132_s347", "case_00086_s045", "case_00188_s153", "case_00079_s069", "case_00200_s038", "case_00188_s085", "case_00079_s058", "case_00116_s351", "case_00107_s024", "case_00188_s148", "case_00188_s154", "case_00129_s037", "case_00198_s124", "case_00086_s047", "case_00066_s194", "case_00132_s350", "case_00069_s031", "case_00115_s251", "case_00008_s139", "case_00008_s121", "case_00154_s266", "case_00185_s061", "case_00200_s026", "case_00207_s083", "case_00140_s156", "case_00129_s025", "case_00182_s042", "case_00107_s028", "case_00030_s018", "case_00022_s207", "case_00084_s063", "case_00188_s150", "case_00113_s033", "case_00107_s021", "case_00040_s064", "case_00001_s270", "case_00122_s036", "case_00052_s259", "case_00159_s315", "case_00052_s257", "case_00146_s274", "case_00188_s149", "case_00022_s208", "case_00086_s050", "case_00156_s332", "case_00103_s259", "case_00182_s040", "case_00159_s310", "case_00008_s119", "case_00116_s349", "case_00164_s027", "case_00091_s269", "case_00120_s143", "case_00008_s122"], "selected_scores": [0.007242283318191767, 0.0063191307708621025, 0.0059911711141467094, 0.0055473498068749905, 0.005085994489490986, 0.005061904899775982, 0.004923465196043253, 0.004895032849162817, 0.004591730888932943, 0.004464929923415184, 0.004443125333636999, 0.004422597587108612, 0.004381295759230852, 0.004345945548266172, 0.004327020607888699, 0.00431067543104291, 0.004300350323319435, 0.0042875707149505615, 0.004261505324393511, 0.004251235164701939, 0.004238472320139408, 0.004190576262772083, 0.004176539368927479, 0.004121811129152775, 0.0041037960909307, 0.004073919262737036, 0.004073591437190771, 0.004060470499098301, 0.004057534970343113, 0.004042273852974176, 0.004016146529465914, 0.004007008392363787, 0.003983325324952602, 0.003967802971601486, 0.003941609989851713, 0.003907513804733753, 0.0039060211274772882, 0.0038440541829913855, 0.0037807305343449116, 0.003773247357457876, 0.003739164210855961, 0.0037164059467613697, 0.0037035418208688498, 0.003690063487738371, 0.0036891954950988293, 0.0036431471817195415, 0.003634585766121745, 0.003631728468462825, 0.0036227351520210505, 0.003540470264852047, 0.0035367098171263933, 0.0035305542405694723, 0.0035242962185293436, 0.0034997067414224148, 0.0034756141249090433, 0.003475518897175789, 0.0034741696435958147, 0.0034673090558499098, 0.0034515943843871355, 0.0034409379586577415, 0.0034315180964767933, 0.003415157785639167, 0.0034119891934096813, 0.003409664612263441, 0.0034083505161106586, 0.003408280434086919, 0.0034057646989822388, 0.0033971911761909723, 0.003390818601474166, 0.0033902961295098066, 0.0033879191614687443, 0.003378157503902912, 0.0033748364076018333, 0.003372923703864217, 0.003372874343767762, 0.0033414107747375965], "selected_pred_fg_ratio": [0.064208984375, 0.046504974365234375, 0.0626678466796875, 0.07595443725585938, 0.049541473388671875, 0.052875518798828125, 0.028263092041015625, 0.046916961669921875, 0.04962921142578125, 0.0263519287109375, 0.0417022705078125, 0.059154510498046875, 0.0420989990234375, 0.06816482543945312, 0.052730560302734375, 0.05612945556640625, 0.056972503662109375, 0.06130218505859375, 0.027294158935546875, 0.05384063720703125, 0.021434783935546875, 0.029239654541015625, 0.060405731201171875, 0.04195404052734375, 0.0512542724609375, 0.044696807861328125, 0.032108306884765625, 0.01959228515625, 0.03713226318359375, 0.054718017578125, 0.054340362548828125, 0.05286407470703125, 0.043209075927734375, 0.028644561767578125, 0.01392364501953125, 0.027629852294921875, 0.03227996826171875, 0.060321807861328125, 0.038257598876953125, 0.01337432861328125, 0.027339935302734375, 0.0332794189453125, 0.047382354736328125, 0.026004791259765625, 0.035099029541015625, 0.017017364501953125, 0.037914276123046875, 0.05171966552734375, 0.012287139892578125, 0.05518341064453125, 0.054805755615234375, 0.01256561279296875, 0.0355072021484375, 0.055156707763671875, 0.04045867919921875, 0.0367584228515625, 0.019901275634765625, 0.04895782470703125, 0.020702362060546875, 0.044200897216796875, 0.048610687255859375, 0.042026519775390625, 0.052440643310546875, 0.05420684814453125, 0.009075164794921875, 0.02150726318359375, 0.010547637939453125, 0.034755706787109375, 0.01438140869140625, 0.0501861572265625, 0.017364501953125, 0.053043365478515625, 0.032505035400390625, 0.030200958251953125, 0.019306182861328125, 0.0443267822265625], "selected_pred_class_dist": [[0.935791015625, 0.055492401123046875, 0.008716583251953125], [0.9534950256347656, 0.04604339599609375, 0.000461578369140625], [0.9373321533203125, 0.051753997802734375, 0.010913848876953125], [0.9240455627441406, 0.02194976806640625, 0.054004669189453125], [0.9504585266113281, 0.017726898193359375, 0.0318145751953125], [0.9471244812011719, 0.045238494873046875, 0.00763702392578125], [0.9717369079589844, 0.02785491943359375, 0.000408172607421875], [0.9530830383300781, 0.046916961669921875, 0.0], [0.9503707885742188, 0.04364776611328125, 0.0059814453125], [0.9736480712890625, 0.0263519287109375, 0.0], [0.9582977294921875, 0.029567718505859375, 0.012134552001953125], [0.9408454895019531, 0.028041839599609375, 0.0311126708984375], [0.9579010009765625, 0.0414886474609375, 0.0006103515625], [0.9318351745605469, 0.06816482543945312, 0.0], [0.9472694396972656, 0.01396942138671875, 0.038761138916015625], [0.9438705444335938, 0.05612945556640625, 0.0], [0.9430274963378906, 0.056972503662109375, 0.0], [0.9386978149414062, 0.06130218505859375, 0.0], [0.9727058410644531, 0.027294158935546875, 0.0], [0.9461593627929688, 0.05384063720703125, 0.0], [0.9785652160644531, 0.021434783935546875, 0.0], [0.9707603454589844, 0.0279541015625, 0.001285552978515625], [0.9395942687988281, 0.060405731201171875, 0.0], [0.9580459594726562, 0.04195404052734375, 0.0], [0.9487457275390625, 0.045223236083984375, 0.006031036376953125], [0.9553031921386719, 0.02497100830078125, 0.019725799560546875], [0.9678916931152344, 0.02954864501953125, 0.002559661865234375], [0.98040771484375, 0.015735626220703125, 0.003856658935546875], [0.9628677368164062, 0.0137786865234375, 0.02335357666015625], [0.945281982421875, 0.054718017578125, 0.0], [0.9456596374511719, 0.031246185302734375, 0.02309417724609375], [0.9471359252929688, 0.041263580322265625, 0.011600494384765625], [0.9567909240722656, 0.037670135498046875, 0.0055389404296875], [0.9713554382324219, 0.028644561767578125, 0.0], [0.9860763549804688, 0.01186370849609375, 0.0020599365234375], [0.9723701477050781, 0.0275115966796875, 0.000118255615234375], [0.9677200317382812, 0.0319061279296875, 0.00037384033203125], [0.9396781921386719, 0.060321807861328125, 0.0], [0.9617424011230469, 0.03823089599609375, 2.6702880859375e-05], [0.9866256713867188, 0.01337432861328125, 0.0], [0.9726600646972656, 0.020648956298828125, 0.00669097900390625], [0.9667205810546875, 0.02923583984375, 0.0040435791015625], [0.9526176452636719, 0.047039031982421875, 0.00034332275390625], [0.9739952087402344, 0.026004791259765625, 0.0], [0.9649009704589844, 0.033351898193359375, 0.00174713134765625], [0.9829826354980469, 0.017017364501953125, 0.0], [0.9620857238769531, 0.037109375, 0.000804901123046875], [0.9482803344726562, 0.05171966552734375, 0.0], [0.9877128601074219, 0.012287139892578125, 0.0], [0.9448165893554688, 0.011096954345703125, 0.044086456298828125], [0.9451942443847656, 0.020416259765625, 0.034389495849609375], [0.9874343872070312, 0.011875152587890625, 0.000690460205078125], [0.9644927978515625, 0.0355072021484375, 0.0], [0.9448432922363281, 0.04319000244140625, 0.011966705322265625], [0.9595413208007812, 0.04045867919921875, 0.0], [0.9632415771484375, 0.029308319091796875, 0.007450103759765625], [0.9800987243652344, 0.015869140625, 0.004032135009765625], [0.9510421752929688, 0.04895782470703125, 0.0], [0.9792976379394531, 0.020702362060546875, 0.0], [0.9557991027832031, 0.044200897216796875, 0.0], [0.9513893127441406, 0.048610687255859375, 0.0], [0.9579734802246094, 0.042026519775390625, 0.0], [0.9475593566894531, 0.052440643310546875, 0.0], [0.9457931518554688, 0.040904998779296875, 0.013301849365234375], [0.9909248352050781, 0.008708953857421875, 0.0003662109375], [0.9784927368164062, 0.0206451416015625, 0.00086212158203125], [0.9894523620605469, 0.010547637939453125, 0.0], [0.9652442932128906, 0.034755706787109375, 0.0], [0.9856185913085938, 0.01438140869140625, 0.0], [0.9498138427734375, 0.0501861572265625, 0.0], [0.982635498046875, 0.01161956787109375, 0.00574493408203125], [0.9469566345214844, 0.052753448486328125, 0.0002899169921875], [0.9674949645996094, 0.032505035400390625, 0.0], [0.9697990417480469, 0.030200958251953125, 0.0], [0.9806938171386719, 0.017406463623046875, 0.00189971923828125], [0.9556732177734375, 0.03731536865234375, 0.00701141357421875]], "candidate_count": 2400, "candidate_scores_path": "/groups/echambe2/gmeng/MedAL-Agent/repo/code/runs/frozen_v5/candidate_scores/kits19__P1__s3000__r2.json", "predictions_path": "", "initial_labeled_path": "/groups/echambe2/gmeng/MedAL-Agent/repo/code/runs/frozen_v5/init_sets/kits19__s3000__n25.json", "initial_labeled_ids": [], "selection_diagnostics": {}, "training": {"num_iters": 1000, "batch_size": 12, "lr": 0.001, "image_size": 512, "aspect_preserve": true, "resolution_policy": "longside_pad32", "preproc_cache": {"pool": "hit", "val": "hit"}, "train_runtime_sec": 937.2856698036194, "query_runtime_sec": 31.10938286781311, "iters": 2400, "stop_iter": 2400, "mean_loss": 0.23460954190076638, "last_loss": 0.031894005835056305, "stop_reason": "plateau", "hit_max_iters": false, "final_smooth_loss": 0.08275151856243611, "best_smooth_loss": 0.06874791378155351, "diverged": false, "loss_curve": [[1000, 0.12793287057429553], [1100, 0.15397173158824443], [1200, 0.12102743443101645], [1300, 0.19048148699104786], [1400, 0.14326630845665933], [1500, 0.10030238330364227], [1600, 0.10360021442174912], [1700, 0.08042980708181859], [1800, 0.10768298937007785], [1900, 0.06874791378155351], [2000, 0.07402900082990527], [2100, 0.07470109345391393], [2200, 0.07512486215680837], [2300, 0.07179079327732324], [2400, 0.08275151856243611]]}, "ckpt_id": "kits19__P1__s3000__r2", "ckpt_path": "", "ckpt_hash": "d1dcaaed2c2fa5fbacebaecc71dc9cf4b355bd2d171f15a81faf7b70bfac8970", "config_hash": "e4fae46d1c013eb7c36e2eeecfd787bd198e1e60b7f9bf7f044c146e0d2a9270", "feature_cache_keys": {}, "sam_model_type": "", "sam_checkpoint": "", "metrics": {"primary_metric": "mean_dsc_fg_case_macro", "metric_version": "v3_case_macro", "eval_scope": "case_retained_slices", "mean_dsc_fg_case_macro": 0.46569967776283, "mean_dsc_fg": 0.46569967776283, "mean_dsc_fg_pooled_diagnostic": 0.4693085556073449, "dsc_per_class_pooled": [0.9957713437727094, 0.8375742631929524, 0.10104284802173742], "dsc_per_class": [0.9957713437727094, 0.8375742631929524, 0.10104284802173742], "n_cases": 18, "n_eval": 500, "structure_detection_rate": 1.0, "missed_structure_rate": 0.0}, "runtime_sec": {"train": 937.2856698036194, "eval": 6.575340747833252, "select": 31.10938286781311}, "gpu_mem_mb": 9418.0352, "gpu_name": "NVIDIA A40", "gpu_total_mem_mb": 47960.489984, "foundation": {}, "notes": ""}
