{"schema_version": "v3", "run_id": "kits19__P6__s1000", "round": 0, "dataset": "kits19", "modality": "ct", "target": "kidney", "dim": "3d", "query_unit": "slice", "seed": 1000, "round_seed": 1000, "component_seeds": {"model_init_seed": 2989689681, "loader_seed": 4191542321, "query_seed": 2529548519, "dropout_seed": 3619692248}, "total_rounds": 7, "budget_denominator": {"full_train_N": 8207, "requested_pool_cap": 5000, "actual_AL_pool_N": 2500, "budget_plan": [25, 50, 100, 176, 250, 375, 500], "fraction_of_AL_pool": 0.2, "fraction_of_full_train": 0.06092360180333861}, "policy_id": "P6", "policy_name": "SelectiveUncertaintyAL", "method_version": "1.0", "is_ablation": false, "policy_config": {}, "cumulative_budget": 25, "incremental_query_count": 25, "labeled_count": 25, "labeled_ratio": 0.01, "selected_ids": ["case_00019_s063", "case_00144_s103", "case_00165_s427", "case_00028_s031", "case_00103_s314", "case_00033_s126", "case_00151_s326", "case_00044_s044", "case_00208_s041", "case_00036_s064", "case_00193_s064", "case_00179_s038", "case_00086_s024", "case_00083_s086", "case_00151_s327", "case_00066_s198", "case_00057_s067", "case_00119_s014", "case_00003_s225", "case_00072_s059", "case_00151_s291", "case_00028_s048", "case_00003_s226", "case_00027_s285", "case_00123_s175"], "selected_scores": [0.5792935490608215, 0.37132859230041504, 0.5735683441162109, 0.35089531540870667, 0.25608786940574646, 0.35253480076789856, 0.5584895014762878, 0.3661113679409027, 0.5543250441551208, 0.361001193523407, 0.5477555990219116, 0.3658633530139923, 0.5506654977798462, 0.37842535972595215, 0.549310564994812, 0.3551991283893585, 0.5456416606903076, 0.3871074616909027, 0.5455946922302246, 0.35335054993629456, 0.5372669696807861, 0.345271497964859, 0.5329533815383911, 0.3689204454421997, 0.5288301706314087], "selected_pred_fg_ratio": [7.62939453125e-06, 0.013355255126953125, 4.57763671875e-05, 0.037601470947265625, 0.0, 0.0296478271484375, 1.1444091796875e-05, 0.0121002197265625, 1.9073486328125e-05, 0.017963409423828125, 0.0, 0.007907867431640625, 3.814697265625e-06, 0.00701141357421875, 0.0, 0.011241912841796875, 2.6702880859375e-05, 0.008464813232421875, 3.814697265625e-06, 0.032604217529296875, 3.814697265625e-06, 0.022960662841796875, 8.7738037109375e-05, 0.00664520263671875, 0.000270843505859375], "selected_pred_class_dist": [[0.9999923706054688, 7.62939453125e-06, 0.0], [0.9866447448730469, 0.010395050048828125, 0.002960205078125], [0.9999542236328125, 4.57763671875e-05, 0.0], [0.9623985290527344, 0.00762939453125, 0.029972076416015625], [1.0, 0.0, 0.0], [0.9703521728515625, 0.026233673095703125, 0.003414154052734375], [0.9999885559082031, 1.1444091796875e-05, 0.0], [0.9878997802734375, 0.0081329345703125, 0.00396728515625], [0.9999809265136719, 1.9073486328125e-05, 0.0], [0.9820365905761719, 0.014858245849609375, 0.00310516357421875], [1.0, 0.0, 0.0], [0.9920921325683594, 0.004100799560546875, 0.00380706787109375], [0.9999961853027344, 3.814697265625e-06, 0.0], [0.9929885864257812, 0.00533294677734375, 0.001678466796875], [1.0, 0.0, 0.0], [0.9887580871582031, 0.009021759033203125, 0.00222015380859375], [0.9999732971191406, 2.6702880859375e-05, 0.0], [0.9915351867675781, 0.007480621337890625, 0.00098419189453125], [0.9999961853027344, 3.814697265625e-06, 0.0], [0.9673957824707031, 0.03057861328125, 0.002025604248046875], [0.9999961853027344, 3.814697265625e-06, 0.0], [0.9770393371582031, 0.02114105224609375, 0.001819610595703125], [0.9999122619628906, 8.7738037109375e-05, 0.0], [0.9933547973632812, 0.005611419677734375, 0.001033782958984375], [0.9997291564941406, 0.0002593994140625, 1.1444091796875e-05]], "candidate_count": 2475, "candidate_scores_path": "/groups/echambe2/gmeng/MedAL-Agent/repo/code/runs/frozen_v5/candidate_scores/kits19__P6__s1000__r0.json", "predictions_path": "", "initial_labeled_path": "/groups/echambe2/gmeng/MedAL-Agent/repo/code/runs/frozen_v5/init_sets/kits19__s1000__n25.json", "initial_labeled_ids": ["case_00001_s312", "case_00003_s197", "case_00004_s042", "case_00004_s052", "case_00005_s273", "case_00005_s277", "case_00014_s132", "case_00015_s056", "case_00028_s030", "case_00033_s104", "case_00038_s008", "case_00052_s280", "case_00059_s313", "case_00060_s031", "case_00086_s063", "case_00091_s204", "case_00150_s057", "case_00151_s179", "case_00160_s178", "case_00180_s017", "case_00188_s140", "case_00191_s118", "case_00191_s173", "case_00201_s027", "case_00207_s073"], "selection_diagnostics": {"selu_valid_intersected": true, "selu_target_frac": 0.01745293103158474, "selu_boundary_frac": 0.00018254597671329975, "selu_score_target_mean": 0.04841012507677078, "selu_score_boundary_mean": 0.6247572898864746}, "training": {"num_iters": 1000, "batch_size": 12, "lr": 0.001, "image_size": 512, "aspect_preserve": true, "resolution_policy": "longside_pad32", "preproc_cache": {"pool": "hit", "val": "hit"}, "train_runtime_sec": 948.5970664024353, "query_runtime_sec": 78.23847651481628, "iters": 2400, "stop_iter": 2400, "mean_loss": 0.15833102873216073, "last_loss": 0.01311313733458519, "stop_reason": "plateau", "hit_max_iters": false, "final_smooth_loss": 0.02541817808523774, "best_smooth_loss": 0.027075041979551316, "diverged": false, "loss_curve": [[1000, 0.05002695729956031], [1100, 0.04512950593605638], [1200, 0.042987772282212976], [1300, 0.041758498176932335], [1400, 0.0397512842155993], [1500, 0.038652482964098456], [1600, 0.03303737359121442], [1700, 0.030735655445605515], [1800, 0.03175987685099244], [1900, 0.027075041979551316], [2000, 0.03140495939180255], [2100, 0.0255656779371202], [2200, 0.0256468746624887], [2300, 0.02468805158510804], [2400, 0.02541817808523774]]}, "ckpt_id": "kits19__P6__s1000__r0", "ckpt_path": "", "ckpt_hash": "d9b92bf620e4c4dd4345df46a1df9f144788191602a26b9b955fb267e4a4453f", "config_hash": "e4fae46d1c013eb7c36e2eeecfd787bd198e1e60b7f9bf7f044c146e0d2a9270", "feature_cache_keys": {}, "sam_model_type": "", "sam_checkpoint": "", "metrics": {"primary_metric": "mean_dsc_fg_case_macro", "metric_version": "v3_case_macro", "eval_scope": "case_retained_slices", "mean_dsc_fg_case_macro": 0.3383560212429886, "mean_dsc_fg": 0.3383560212429886, "mean_dsc_fg_pooled_diagnostic": 0.3286340720953545, "dsc_per_class_pooled": [0.9870638499402314, 0.6038646703116555, 0.05340347387905352], "dsc_per_class": [0.9870638499402314, 0.6038646703116555, 0.05340347387905352], "n_cases": 18, "n_eval": 500, "structure_detection_rate": 1.0, "missed_structure_rate": 0.0}, "runtime_sec": {"train": 948.5970664024353, "eval": 8.507476806640625, "select": 78.23847651481628}, "gpu_mem_mb": 9368.62208, "gpu_name": "NVIDIA A40", "gpu_total_mem_mb": 47960.489984, "foundation": {}, "notes": ""}
{"schema_version": "v3", "run_id": "kits19__P6__s1000", "round": 1, "dataset": "kits19", "modality": "ct", "target": "kidney", "dim": "3d", "query_unit": "slice", "seed": 1000, "round_seed": 1001, "component_seeds": {"model_init_seed": 1028625171, "loader_seed": 316625031, "query_seed": 253434028, "dropout_seed": 3317428529}, "total_rounds": 7, "budget_denominator": {"full_train_N": 8207, "requested_pool_cap": 5000, "actual_AL_pool_N": 2500, "budget_plan": [25, 50, 100, 176, 250, 375, 500], "fraction_of_AL_pool": 0.2, "fraction_of_full_train": 0.06092360180333861}, "policy_id": "P6", "policy_name": "SelectiveUncertaintyAL", "method_version": "1.0", "is_ablation": false, "policy_config": {}, "cumulative_budget": 50, "incremental_query_count": 50, "labeled_count": 50, "labeled_ratio": 0.02, "selected_ids": ["case_00044_s050", "case_00066_s197", "case_00005_s259", "case_00063_s331", "case_00028_s022", "case_00157_s287", "case_00206_s048", "case_00028_s034", "case_00059_s345", "case_00063_s267", "case_00090_s060", "case_00063_s288", "case_00104_s049", "case_00056_s035", "case_00057_s030", "case_00202_s126", "case_00023_s084", "case_00091_s203", "case_00095_s156", "case_00097_s031", "case_00033_s091", "case_00092_s029", "case_00151_s243", "case_00077_s037", "case_00135_s200", "case_00149_s081", "case_00061_s026", "case_00063_s241", "case_00123_s178", "case_00157_s344", "case_00102_s124", "case_00182_s039", "case_00061_s024", "case_00016_s088", "case_00144_s110", "case_00063_s277", "case_00200_s050", "case_00177_s034", "case_00102_s109", "case_00072_s052", "case_00135_s202", "case_00049_s241", "case_00145_s070", "case_00153_s024", "case_00057_s029", "case_00015_s054", "case_00149_s091", "case_00033_s100", "case_00102_s100", "case_00179_s039"], "selected_scores": [0.5869719982147217, 0.34875234961509705, 0.5801754593849182, 0.3763294219970703, 0.5718786716461182, 0.348278284072876, 0.5678898692131042, 0.345040887594223, 0.5658119320869446, 0.3596538305282593, 0.5629934072494507, 0.36761462688446045, 0.5619754195213318, 0.35031622648239136, 0.5594385862350464, 0.34879621863365173, 0.5601474046707153, 0.3366469144821167, 0.556973397731781, 0.3439040780067444, 0.5598426461219788, 0.34877562522888184, 0.5570371150970459, 0.3404848575592041, 0.5511680245399475, 0.3340456485748291, 0.5492540597915649, 0.3891797959804535, 0.549277663230896, 0.34079837799072266, 0.5494322776794434, 0.3446969985961914, 0.5496814846992493, 0.3445437252521515, 0.5475608110427856, 0.35754549503326416, 0.5463142395019531, 0.34217095375061035, 0.5413045287132263, 0.3397822380065918, 0.5400958061218262, 0.3380534052848816, 0.5401597023010254, 0.34505200386047363, 0.22784237563610077, 0.3359876275062561, 0.5380210876464844, 0.334097295999527, 0.5351747274398804, 0.3403170704841614], "selected_pred_fg_ratio": [7.62939453125e-06, 0.025882720947265625, 3.814697265625e-06, 0.0249176025390625, 2.6702880859375e-05, 0.024486541748046875, 9.1552734375e-05, 0.04082489013671875, 6.4849853515625e-05, 0.0431976318359375, 3.4332275390625e-05, 0.03521728515625, 0.00012969970703125, 0.018901824951171875, 5.7220458984375e-05, 0.010650634765625, 1.9073486328125e-05, 0.010128021240234375, 3.0517578125e-05, 0.0362091064453125, 5.7220458984375e-05, 0.030609130859375, 6.4849853515625e-05, 0.029064178466796875, 8.7738037109375e-05, 0.024280548095703125, 1.1444091796875e-05, 0.023509979248046875, 0.0001068115234375, 0.029682159423828125, 4.57763671875e-05, 0.02364349365234375, 0.0002593994140625, 0.008968353271484375, 7.62939453125e-05, 0.04325103759765625, 0.000110626220703125, 0.021335601806640625, 4.9591064453125e-05, 0.041461944580078125, 6.866455078125e-05, 0.015422821044921875, 8.392333984375e-05, 0.043304443359375, 0.0, 0.032466888427734375, 4.57763671875e-05, 0.006290435791015625, 8.7738037109375e-05, 0.011196136474609375], "selected_pred_class_dist": [[0.9999923706054688, 7.62939453125e-06, 0.0], [0.9741172790527344, 0.01935577392578125, 0.006526947021484375], [0.9999961853027344, 3.814697265625e-06, 0.0], [0.9750823974609375, 0.024738311767578125, 0.000179290771484375], [0.9999732971191406, 2.6702880859375e-05, 0.0], [0.9755134582519531, 0.02443695068359375, 4.9591064453125e-05], [0.999908447265625, 9.1552734375e-05, 0.0], [0.9591751098632812, 0.025913238525390625, 0.014911651611328125], [0.9999351501464844, 6.4849853515625e-05, 0.0], [0.9568023681640625, 0.042682647705078125, 0.000514984130859375], [0.9999656677246094, 3.4332275390625e-05, 0.0], [0.96478271484375, 0.034923553466796875, 0.000293731689453125], [0.9998703002929688, 0.00012969970703125, 0.0], [0.9810981750488281, 0.018123626708984375, 0.0007781982421875], [0.9999427795410156, 5.7220458984375e-05, 0.0], [0.989349365234375, 0.010112762451171875, 0.000537872314453125], [0.9999809265136719, 1.9073486328125e-05, 0.0], [0.9898719787597656, 0.007274627685546875, 0.0028533935546875], [0.999969482421875, 3.0517578125e-05, 0.0], [0.9637908935546875, 0.0350494384765625, 0.00115966796875], [0.9999427795410156, 5.7220458984375e-05, 0.0], [0.969390869140625, 0.027667999267578125, 0.002941131591796875], [0.9999351501464844, 6.4849853515625e-05, 0.0], [0.9709358215332031, 0.0289459228515625, 0.000118255615234375], [0.9999122619628906, 8.7738037109375e-05, 0.0], [0.9757194519042969, 0.02426910400390625, 1.1444091796875e-05], [0.9999885559082031, 1.1444091796875e-05, 0.0], [0.9764900207519531, 0.02162933349609375, 0.001880645751953125], [0.9998931884765625, 0.0001068115234375, 0.0], [0.9703178405761719, 0.02916717529296875, 0.000514984130859375], [0.9999542236328125, 4.57763671875e-05, 0.0], [0.9763565063476562, 0.023349761962890625, 0.000293731689453125], [0.9997406005859375, 0.0002593994140625, 0.0], [0.9910316467285156, 0.00829315185546875, 0.000675201416015625], [0.9999237060546875, 7.62939453125e-05, 0.0], [0.9567489624023438, 0.042858123779296875, 0.000392913818359375], [0.9998893737792969, 0.000110626220703125, 0.0], [0.9786643981933594, 0.021030426025390625, 0.00030517578125], [0.9999504089355469, 4.9591064453125e-05, 0.0], [0.9585380554199219, 0.04114532470703125, 0.000316619873046875], [0.9999313354492188, 6.866455078125e-05, 0.0], [0.9845771789550781, 0.015232086181640625, 0.00019073486328125], [0.9999160766601562, 8.392333984375e-05, 0.0], [0.956695556640625, 0.0417633056640625, 0.0015411376953125], [1.0, 0.0, 0.0], [0.9675331115722656, 0.0304718017578125, 0.001995086669921875], [0.9999542236328125, 4.57763671875e-05, 0.0], [0.9937095642089844, 0.0059661865234375, 0.000324249267578125], [0.9999122619628906, 8.7738037109375e-05, 0.0], [0.9888038635253906, 0.0111846923828125, 1.1444091796875e-05]], "candidate_count": 2450, "candidate_scores_path": "/groups/echambe2/gmeng/MedAL-Agent/repo/code/runs/frozen_v5/candidate_scores/kits19__P6__s1000__r1.json", "predictions_path": "", "initial_labeled_path": "/groups/echambe2/gmeng/MedAL-Agent/repo/code/runs/frozen_v5/init_sets/kits19__s1000__n25.json", "initial_labeled_ids": [], "selection_diagnostics": {"selu_valid_intersected": true, "selu_target_frac": 0.01845138892531395, "selu_boundary_frac": 0.0001805426145438105, "selu_score_target_mean": 0.05496835336089134, "selu_score_boundary_mean": 0.6162426471710205}, "training": {"num_iters": 1000, "batch_size": 12, "lr": 0.001, "image_size": 512, "aspect_preserve": true, "resolution_policy": "longside_pad32", "preproc_cache": {"pool": "hit", "val": "hit"}, "train_runtime_sec": 1107.2612216472626, "query_runtime_sec": 72.62173533439636, "iters": 2800, "stop_iter": 2800, "mean_loss": 0.1880343912076205, "last_loss": 0.03520262613892555, "stop_reason": "plateau", "hit_max_iters": false, "final_smooth_loss": 0.03641622368246317, "best_smooth_loss": 0.037290472593158486, "diverged": false, "loss_curve": [[1000, 0.06901549290865659], [1100, 0.06417025743052364], [1200, 0.06413417285308241], [1300, 0.06375390330329538], [1400, 0.059949848279356954], [1500, 0.06338217379525304], [1600, 0.055885817073285576], [1700, 0.060071099922060965], [1800, 0.05114536488428712], [1900, 0.044400784354656934], [2000, 0.04211815595626831], [2100, 0.04281596127897501], [2200, 0.044442158099263905], [2300, 0.037290472593158486], [2400, 0.035296674761921165], [2500, 0.0380472849868238], [2600, 0.035593425780534746], [2700, 0.033233993388712406], [2800, 0.03641622368246317]]}, "ckpt_id": "kits19__P6__s1000__r1", "ckpt_path": "", "ckpt_hash": "3210f8daa77a44b357493bd15d7339ab69c30b3b18bf2efd059f660c86baeafd", "config_hash": "e4fae46d1c013eb7c36e2eeecfd787bd198e1e60b7f9bf7f044c146e0d2a9270", "feature_cache_keys": {}, "sam_model_type": "", "sam_checkpoint": "", "metrics": {"primary_metric": "mean_dsc_fg_case_macro", "metric_version": "v3_case_macro", "eval_scope": "case_retained_slices", "mean_dsc_fg_case_macro": 0.3805420327247713, "mean_dsc_fg": 0.3805420327247713, "mean_dsc_fg_pooled_diagnostic": 0.3523048131650877, "dsc_per_class_pooled": [0.9886860104682442, 0.6802473436311259, 0.024362282699049477], "dsc_per_class": [0.9886860104682442, 0.6802473436311259, 0.024362282699049477], "n_cases": 18, "n_eval": 500, "structure_detection_rate": 0.9722222222222222, "missed_structure_rate": 0.02777777777777779}, "runtime_sec": {"train": 1107.2612216472626, "eval": 7.046319246292114, "select": 72.62173533439636}, "gpu_mem_mb": 9417.150464, "gpu_name": "NVIDIA A40", "gpu_total_mem_mb": 47960.489984, "foundation": {}, "notes": ""}
{"schema_version": "v3", "run_id": "kits19__P6__s1000", "round": 2, "dataset": "kits19", "modality": "ct", "target": "kidney", "dim": "3d", "query_unit": "slice", "seed": 1000, "round_seed": 1002, "component_seeds": {"model_init_seed": 265999627, "loader_seed": 1465654863, "query_seed": 2544461518, "dropout_seed": 3552612840}, "total_rounds": 7, "budget_denominator": {"full_train_N": 8207, "requested_pool_cap": 5000, "actual_AL_pool_N": 2500, "budget_plan": [25, 50, 100, 176, 250, 375, 500], "fraction_of_AL_pool": 0.2, "fraction_of_full_train": 0.06092360180333861}, "policy_id": "P6", "policy_name": "SelectiveUncertaintyAL", "method_version": "1.0", "is_ablation": false, "policy_config": {}, "cumulative_budget": 100, "incremental_query_count": 76, "labeled_count": 100, "labeled_ratio": 0.04, "selected_ids": ["case_00059_s236", "case_00096_s257", "case_00102_s211", "case_00099_s026", "case_00104_s029", "case_00134_s003", "case_00102_s119", "case_00025_s095", "case_00011_s027", "case_00134_s005", "case_00135_s253", "case_00108_s019", "case_00055_s018", "case_00005_s271", "case_00090_s025", "case_00102_s118", "case_00102_s097", "case_00134_s004", "case_00007_s020", "case_00095_s136", "case_00193_s069", "case_00005_s321", "case_00168_s045", "case_00074_s017", "case_00135_s251", "case_00015_s064", "case_00109_s017", "case_00165_s303", "case_00207_s080", "case_00135_s262", "case_00096_s268", "case_00103_s315", "case_00113_s021", "case_00033_s093", "case_00192_s063", "case_00145_s079", "case_00010_s009", "case_00016_s042", "case_00102_s103", "case_00010_s046", "case_00096_s251", "case_00052_s229", "case_00139_s042", "case_00170_s234", "case_00086_s029", "case_00142_s098", "case_00048_s020", "case_00014_s074", "case_00097_s042", "case_00014_s070", "case_00092_s033", "case_00057_s069", "case_00086_s067", "case_00066_s217", "case_00122_s044", "case_00003_s229", "case_00102_s229", "case_00015_s065", "case_00097_s029", "case_00081_s072", "case_00009_s056", "case_00049_s338", "case_00100_s148", "case_00052_s232", "case_00116_s315", "case_00165_s302", "case_00102_s217", "case_00202_s197", "case_00188_s180", "case_00202_s194", "case_00163_s044", "case_00113_s024", "case_00204_s047", "case_00135_s192", "case_00135_s246", "case_00014_s075"], "selected_scores": [0.5872081518173218, 0.6674400568008423, 0.4169580340385437, 0.5747854709625244, 0.4181472659111023, 0.5739796161651611, 0.38365158438682556, 0.5681150555610657, 0.38889211416244507, 0.6145797967910767, 0.4909794330596924, 0.5904513001441956, 0.5621920228004456, 0.39663803577423096, 0.6004504561424255, 0.3777481019496918, 0.5621886253356934, 0.44613632559776306, 0.5600265860557556, 0.3819015920162201, 0.5600937604904175, 0.39606162905693054, 0.5574311017990112, 0.3711152970790863, 0.5550621151924133, 0.5511171221733093, 0.3996293246746063, 0.547041654586792, 0.3842574656009674, 0.5535261034965515, 0.37459614872932434, 0.5475016832351685, 0.42996394634246826, 0.5450600385665894, 0.4599146842956543, 0.2293815165758133, 0.39500632882118225, 0.5433717370033264, 0.36794182658195496, 0.5399681329727173, 0.4073333144187927, 0.539892315864563, 0.38333702087402344, 0.5393216013908386, 0.4128624200820923, 0.534286618232727, 0.3854016661643982, 0.5363696217536926, 0.46794307231903076, 0.5506156086921692, 0.38863861560821533, 0.22027921676635742, 0.37543970346450806, 0.535107433795929, 0.42208531498908997, 0.5316368341445923, 0.3697817027568817, 0.5296053290367126, 0.3621291220188141, 0.5298763513565063, 0.37628450989723206, 0.5293248891830444, 0.39335229992866516, 0.5276635885238647, 0.40035301446914673, 0.5272578001022339, 0.3807811737060547, 0.2123701125383377, 0.41264867782592773, 0.2121426910161972, 0.39787572622299194, 0.5249360799789429, 0.3705459535121918, 0.5234907865524292, 0.39087945222854614, 0.5201598405838013], "selected_pred_fg_ratio": [0.00030517578125, 0.000125885009765625, 0.01471710205078125, 0.0, 0.003566741943359375, 0.00012969970703125, 0.034717559814453125, 1.52587890625e-05, 0.04216766357421875, 0.000431060791015625, 0.0011749267578125, 0.00046539306640625, 3.814697265625e-05, 0.001827239990234375, 4.57763671875e-05, 0.033374786376953125, 0.0, 0.001522064208984375, 3.0517578125e-05, 0.01609039306640625, 4.9591064453125e-05, 0.002105712890625, 4.1961669921875e-05, 0.018901824951171875, 0.00020599365234375, 0.000576019287109375, 0.02730560302734375, 1.1444091796875e-05, 0.021579742431640625, 0.000274658203125, 0.014476776123046875, 2.6702880859375e-05, 0.00490570068359375, 0.000133514404296875, 0.0023956298828125, 0.0, 0.00423431396484375, 0.000213623046875, 0.012523651123046875, 0.00043487548828125, 0.004604339599609375, 0.00058746337890625, 0.022533416748046875, 9.1552734375e-05, 0.014217376708984375, 9.918212890625e-05, 0.02274322509765625, 1.1444091796875e-05, 0.00260162353515625, 0.00054931640625, 0.0534820556640625, 0.0, 0.0165252685546875, 0.00034332275390625, 0.012752532958984375, 0.000274658203125, 0.012607574462890625, 0.000301361083984375, 0.035614013671875, 2.288818359375e-05, 0.015926361083984375, 3.814697265625e-06, 0.025325775146484375, 0.000194549560546875, 0.04941558837890625, 7.62939453125e-06, 0.019367218017578125, 3.0517578125e-05, 0.011989593505859375, 0.0, 0.003787994384765625, 0.001125335693359375, 0.033077239990234375, 0.0005950927734375, 0.0106353759765625, 0.000438690185546875], "selected_pred_class_dist": [[0.99969482421875, 0.00030517578125, 0.0], [0.9998741149902344, 0.000110626220703125, 1.52587890625e-05], [0.9852828979492188, 0.011707305908203125, 0.003009796142578125], [1.0, 0.0, 0.0], [0.9964332580566406, 0.0011138916015625, 0.002452850341796875], [0.9998703002929688, 0.0, 0.00012969970703125], [0.9652824401855469, 0.00023651123046875, 0.034481048583984375], [0.9999847412109375, 1.52587890625e-05, 0.0], [0.9578323364257812, 0.02806854248046875, 0.01409912109375], [0.9995689392089844, 0.00031280517578125, 0.000118255615234375], [0.9988250732421875, 4.57763671875e-05, 0.001129150390625], [0.9995346069335938, 0.0001373291015625, 0.00032806396484375], [0.9999618530273438, 3.814697265625e-05, 0.0], [0.9981727600097656, 2.6702880859375e-05, 0.001800537109375], [0.9999542236328125, 0.0, 4.57763671875e-05], [0.9666252136230469, 0.00063323974609375, 0.032741546630859375], [1.0, 0.0, 0.0], [0.9984779357910156, 0.00025177001953125, 0.001270294189453125], [0.999969482421875, 3.0517578125e-05, 0.0], [0.9839096069335938, 0.01132965087890625, 0.0047607421875], [0.9999504089355469, 4.9591064453125e-05, 0.0], [0.997894287109375, 0.000194549560546875, 0.001911163330078125], [0.9999580383300781, 4.1961669921875e-05, 0.0], [0.9810981750488281, 0.018459320068359375, 0.0004425048828125], [0.9997940063476562, 0.0, 0.00020599365234375], [0.9994239807128906, 0.000576019287109375, 0.0], [0.9726943969726562, 0.021503448486328125, 0.005802154541015625], [0.9999885559082031, 1.1444091796875e-05, 0.0], [0.9784202575683594, 0.02010345458984375, 0.001476287841796875], [0.999725341796875, 6.866455078125e-05, 0.00020599365234375], [0.9855232238769531, 0.01195526123046875, 0.002521514892578125], [0.9999732971191406, 2.6702880859375e-05, 0.0], [0.9950942993164062, 0.003387451171875, 0.00151824951171875], [0.9998664855957031, 0.000133514404296875, 0.0], [0.9976043701171875, 0.001922607421875, 0.0004730224609375], [1.0, 0.0, 0.0], [0.9957656860351562, 0.0041656494140625, 6.866455078125e-05], [0.999786376953125, 0.000213623046875, 0.0], [0.9874763488769531, 1.9073486328125e-05, 0.01250457763671875], [0.9995651245117188, 0.00043487548828125, 0.0], [0.9953956604003906, 0.00023651123046875, 0.004367828369140625], [0.9994125366210938, 0.00058746337890625, 0.0], [0.9774665832519531, 0.01689910888671875, 0.005634307861328125], [0.999908447265625, 9.1552734375e-05, 0.0], [0.9857826232910156, 0.003849029541015625, 0.01036834716796875], [0.9999008178710938, 9.918212890625e-05, 0.0], [0.9772567749023438, 0.019989013671875, 0.00275421142578125], [0.9999885559082031, 1.1444091796875e-05, 0.0], [0.9973983764648438, 0.00090789794921875, 0.0016937255859375], [0.99945068359375, 0.0005035400390625, 4.57763671875e-05], [0.9465179443359375, 0.0278472900390625, 0.025634765625], [1.0, 0.0, 0.0], [0.9834747314453125, 0.01563262939453125, 0.00089263916015625], [0.9996566772460938, 0.00034332275390625, 0.0], [0.9872474670410156, 0.0066986083984375, 0.006053924560546875], [0.999725341796875, 0.000274658203125, 0.0], [0.9873924255371094, 0.01221466064453125, 0.000392913818359375], [0.9996986389160156, 0.00011444091796875, 0.000186920166015625], [0.964385986328125, 0.03513336181640625, 0.00048065185546875], [0.9999771118164062, 2.288818359375e-05, 0.0], [0.9840736389160156, 0.015636444091796875, 0.0002899169921875], [0.9999961853027344, 3.814697265625e-06, 0.0], [0.9746742248535156, 0.015228271484375, 0.010097503662109375], [0.9998054504394531, 0.000194549560546875, 0.0], [0.9505844116210938, 0.037322998046875, 0.01209259033203125], [0.9999923706054688, 7.62939453125e-06, 0.0], [0.9806327819824219, 0.0178680419921875, 0.001499176025390625], [0.999969482421875, 0.0, 3.0517578125e-05], [0.9880104064941406, 0.004627227783203125, 0.00736236572265625], [1.0, 0.0, 0.0], [0.9962120056152344, 0.0029754638671875, 0.000812530517578125], [0.9988746643066406, 0.000823974609375, 0.000301361083984375], [0.9669227600097656, 0.0304107666015625, 0.002666473388671875], [0.9994049072265625, 0.0005950927734375, 0.0], [0.9893646240234375, 0.00899505615234375, 0.00164031982421875], [0.9995613098144531, 0.000438690185546875, 0.0]], "candidate_count": 2400, "candidate_scores_path": "/groups/echambe2/gmeng/MedAL-Agent/repo/code/runs/frozen_v5/candidate_scores/kits19__P6__s1000__r2.json", "predictions_path": "", "initial_labeled_path": "/groups/echambe2/gmeng/MedAL-Agent/repo/code/runs/frozen_v5/init_sets/kits19__s1000__n25.json", "initial_labeled_ids": [], "selection_diagnostics": {"selu_valid_intersected": true, "selu_target_frac": 0.02179296687245369, "selu_boundary_frac": 0.00030681132921017706, "selu_score_target_mean": 0.0686015635728836, "selu_score_boundary_mean": 0.624713659286499}, "training": {"num_iters": 1000, "batch_size": 12, "lr": 0.001, "image_size": 512, "aspect_preserve": true, "resolution_policy": "longside_pad32", "preproc_cache": {"pool": "hit", "val": "hit"}, "train_runtime_sec": 1018.6271030902863, "query_runtime_sec": 48.139564037323, "iters": 2600, "stop_iter": 2600, "mean_loss": 0.32762502391249515, "last_loss": 0.11226888746023178, "stop_reason": "plateau", "hit_max_iters": false, "final_smooth_loss": 0.0974565745331347, "best_smooth_loss": 0.07845751494169236, "diverged": false, "loss_curve": [[1000, 0.30074477687478063], [1100, 0.2632863791286945], [1200, 0.1696501534804702], [1300, 0.19190087504684925], [1400, 0.14619069766253234], [1500, 0.13543353505432607], [1600, 0.13881047952920197], [1700, 0.1320183263719082], [1800, 0.09916882678866386], [1900, 0.11226082898676396], [2000, 0.09991715975105762], [2100, 0.07845751494169236], [2200, 0.08116755425930024], [2300, 0.08454774182289838], [2400, 0.0901055065356195], [2500, 0.0773746139742434], [2600, 0.0974565745331347]]}, "ckpt_id": "kits19__P6__s1000__r2", "ckpt_path": "", "ckpt_hash": "917a6f02f27b8f4a37ddd8cac4ee0342d05f9cb0a2d6bb07c5588c0e13213cea", "config_hash": "e4fae46d1c013eb7c36e2eeecfd787bd198e1e60b7f9bf7f044c146e0d2a9270", "feature_cache_keys": {}, "sam_model_type": "", "sam_checkpoint": "", "metrics": {"primary_metric": "mean_dsc_fg_case_macro", "metric_version": "v3_case_macro", "eval_scope": "case_retained_slices", "mean_dsc_fg_case_macro": 0.44589591447157034, "mean_dsc_fg": 0.44589591447157034, "mean_dsc_fg_pooled_diagnostic": 0.42566513841721093, "dsc_per_class_pooled": [0.9903012855440991, 0.7738567480448814, 0.07747352878954046], "dsc_per_class": [0.9903012855440991, 0.7738567480448814, 0.07747352878954046], "n_cases": 18, "n_eval": 500, "structure_detection_rate": 1.0, "missed_structure_rate": 0.0}, "runtime_sec": {"train": 1018.6271030902863, "eval": 6.744379281997681, "select": 48.139564037323}, "gpu_mem_mb": 9418.0352, "gpu_name": "NVIDIA A40", "gpu_total_mem_mb": 47960.489984, "foundation": {}, "notes": ""}
