{"schema_version": "v3", "run_id": "kits19__P6__s2000", "round": 0, "dataset": "kits19", "modality": "ct", "target": "kidney", "dim": "3d", "query_unit": "slice", "seed": 2000, "round_seed": 2000, "component_seeds": {"model_init_seed": 1733582241, "loader_seed": 3333593949, "query_seed": 2915079519, "dropout_seed": 1768907296}, "total_rounds": 7, "budget_denominator": {"full_train_N": 8590, "requested_pool_cap": 5000, "actual_AL_pool_N": 2500, "budget_plan": [25, 50, 100, 176, 250, 375, 500], "fraction_of_AL_pool": 0.2, "fraction_of_full_train": 0.05820721769499418}, "policy_id": "P6", "policy_name": "SelectiveUncertaintyAL", "method_version": "1.0", "is_ablation": false, "policy_config": {}, "cumulative_budget": 25, "incremental_query_count": 25, "labeled_count": 25, "labeled_ratio": 0.01, "selected_ids": ["case_00086_s068", "case_00145_s049", "case_00145_s047", "case_00002_s194", "case_00005_s336", "case_00002_s196", "case_00091_s244", "case_00002_s197", "case_00049_s338", "case_00145_s050", "case_00091_s241", "case_00068_s357", "case_00175_s028", "case_00135_s333", "case_00145_s045", "case_00115_s344", "case_00101_s303", "case_00005_s257", "case_00125_s075", "case_00145_s044", "case_00102_s146", "case_00101_s388", "case_00104_s028", "case_00145_s043", "case_00052_s300"], "selected_scores": [0.575928807258606, 0.5099433660507202, 0.641387403011322, 0.6107652187347412, 0.5593824982643127, 0.5433749556541443, 0.5576827526092529, 0.6252867579460144, 0.5580665469169617, 0.46259191632270813, 0.5562784075737, 0.5557578802108765, 0.3917754590511322, 0.5553754568099976, 0.5378551483154297, 0.5562204718589783, 0.4895392656326294, 0.5525563359260559, 0.38323071599006653, 0.4030905067920685, 0.5528272390365601, 0.3875344395637512, 0.5503052473068237, 0.40502581000328064, 0.23670880496501923], "selected_pred_fg_ratio": [3.814697265625e-06, 0.001251220703125, 4.57763671875e-05, 0.00032806396484375, 1.1444091796875e-05, 0.000308990478515625, 0.00072479248046875, 0.000125885009765625, 1.9073486328125e-05, 0.001007080078125, 0.000705718994140625, 0.000274658203125, 0.0074615478515625, 0.00012969970703125, 0.000347137451171875, 0.0, 0.012744903564453125, 4.57763671875e-05, 0.007572174072265625, 0.002147674560546875, 0.0001373291015625, 0.01006317138671875, 0.00011444091796875, 0.0030517578125, 0.0], "selected_pred_class_dist": [[0.9999961853027344, 3.814697265625e-06, 0.0], [0.998748779296875, 1.1444091796875e-05, 0.001239776611328125], [0.9999542236328125, 0.0, 4.57763671875e-05], [0.9996719360351562, 7.62939453125e-06, 0.0003204345703125], [0.9999885559082031, 1.1444091796875e-05, 0.0], [0.9996910095214844, 1.1444091796875e-05, 0.00029754638671875], [0.9992752075195312, 0.00072479248046875, 0.0], [0.9998741149902344, 0.0, 0.000125885009765625], [0.9999809265136719, 1.9073486328125e-05, 0.0], [0.998992919921875, 0.0, 0.001007080078125], [0.9992942810058594, 0.000705718994140625, 0.0], [0.999725341796875, 0.000274658203125, 0.0], [0.9925384521484375, 0.007259368896484375, 0.000202178955078125], [0.9998703002929688, 0.00012969970703125, 0.0], [0.9996528625488281, 3.0517578125e-05, 0.000316619873046875], [1.0, 0.0, 0.0], [0.9872550964355469, 0.00986480712890625, 0.002880096435546875], [0.9999542236328125, 4.57763671875e-05, 0.0], [0.9924278259277344, 0.00180816650390625, 0.005764007568359375], [0.9978523254394531, 1.52587890625e-05, 0.002132415771484375], [0.9998626708984375, 0.0001373291015625, 0.0], [0.9899368286132812, 0.009937286376953125, 0.000125885009765625], [0.9998855590820312, 0.00011444091796875, 0.0], [0.9969482421875, 2.288818359375e-05, 0.00302886962890625], [1.0, 0.0, 0.0]], "candidate_count": 2475, "candidate_scores_path": "/groups/echambe2/gmeng/MedAL-Agent/repo/code/runs/frozen_v5/candidate_scores/kits19__P6__s2000__r0.json", "predictions_path": "", "initial_labeled_path": "/groups/echambe2/gmeng/MedAL-Agent/repo/code/runs/frozen_v5/init_sets/kits19__s2000__n25.json", "initial_labeled_ids": ["case_00001_s333", "case_00008_s122", "case_00020_s034", "case_00040_s100", "case_00066_s205", "case_00066_s220", "case_00069_s035", "case_00073_s079", "case_00083_s079", "case_00092_s028", "case_00093_s213", "case_00096_s376", "case_00098_s140", "case_00098_s145", "case_00111_s051", "case_00111_s073", "case_00116_s373", "case_00120_s191", "case_00138_s042", "case_00147_s027", "case_00150_s064", "case_00177_s026", "case_00177_s029", "case_00188_s113", "case_00193_s112"], "selection_diagnostics": {"selu_valid_intersected": true, "selu_target_frac": 0.015605950728058815, "selu_boundary_frac": 0.0002569842035882175, "selu_score_target_mean": 0.08766157925128937, "selu_score_boundary_mean": 0.6242353320121765}, "training": {"num_iters": 1000, "batch_size": 12, "lr": 0.001, "image_size": 512, "aspect_preserve": true, "resolution_policy": "longside_pad32", "preproc_cache": {"pool": "hit", "val": "hit"}, "train_runtime_sec": 629.5973074436188, "query_runtime_sec": 53.63296413421631, "iters": 1600, "stop_iter": 1600, "mean_loss": 0.19727218615240416, "last_loss": 0.017191370949149132, "stop_reason": "plateau", "hit_max_iters": false, "final_smooth_loss": 0.023710708916187286, "best_smooth_loss": 0.026777077447623015, "diverged": false, "loss_curve": [[1000, 0.03355864904820919], [1100, 0.026777077447623015], [1200, 0.02827889960259199], [1300, 0.026851065773516893], [1400, 0.06164297102019191], [1500, 0.033703307155519724], [1600, 0.023710708916187286]]}, "ckpt_id": "kits19__P6__s2000__r0", "ckpt_path": "", "ckpt_hash": "24b83cf19a4cca541c742ffbb01a2b60db047d2a052ac440ef2bfe06afe5c1e6", "config_hash": "e4fae46d1c013eb7c36e2eeecfd787bd198e1e60b7f9bf7f044c146e0d2a9270", "feature_cache_keys": {}, "sam_model_type": "", "sam_checkpoint": "", "metrics": {"primary_metric": "mean_dsc_fg_case_macro", "metric_version": "v3_case_macro", "eval_scope": "case_retained_slices", "mean_dsc_fg_case_macro": 0.3399646221749001, "mean_dsc_fg": 0.3399646221749001, "mean_dsc_fg_pooled_diagnostic": 0.32611851771145706, "dsc_per_class_pooled": [0.9903259974095662, 0.5963838506769781, 0.055853184745936], "dsc_per_class": [0.9903259974095662, 0.5963838506769781, 0.055853184745936], "n_cases": 18, "n_eval": 500, "structure_detection_rate": 1.0, "missed_structure_rate": 0.0}, "runtime_sec": {"train": 629.5973074436188, "eval": 7.032817125320435, "select": 53.63296413421631}, "gpu_mem_mb": 9368.62208, "gpu_name": "NVIDIA A40", "gpu_total_mem_mb": 47960.489984, "foundation": {}, "notes": ""}
{"schema_version": "v3", "run_id": "kits19__P6__s2000", "round": 1, "dataset": "kits19", "modality": "ct", "target": "kidney", "dim": "3d", "query_unit": "slice", "seed": 2000, "round_seed": 2001, "component_seeds": {"model_init_seed": 4092542587, "loader_seed": 4022314598, "query_seed": 1275594993, "dropout_seed": 1443935428}, "total_rounds": 7, "budget_denominator": {"full_train_N": 8590, "requested_pool_cap": 5000, "actual_AL_pool_N": 2500, "budget_plan": [25, 50, 100, 176, 250, 375, 500], "fraction_of_AL_pool": 0.2, "fraction_of_full_train": 0.05820721769499418}, "policy_id": "P6", "policy_name": "SelectiveUncertaintyAL", "method_version": "1.0", "is_ablation": false, "policy_config": {}, "cumulative_budget": 50, "incremental_query_count": 50, "labeled_count": 50, "labeled_ratio": 0.02, "selected_ids": ["case_00156_s282", "case_00157_s357", "case_00145_s075", "case_00154_s339", "case_00135_s271", "case_00179_s040", "case_00135_s273", "case_00184_s079", "case_00125_s051", "case_00122_s044", "case_00151_s182", "case_00092_s025", "case_00091_s193", "case_00038_s019", "case_00014_s073", "case_00066_s132", "case_00016_s045", "case_00068_s226", "case_00179_s039", "case_00005_s271", "case_00122_s034", "case_00156_s280", "case_00183_s131", "case_00135_s270", "case_00034_s049", "case_00021_s033", "case_00012_s025", "case_00063_s341", "case_00184_s077", "case_00040_s047", "case_00034_s053", "case_00192_s093", "case_00102_s142", "case_00063_s339", "case_00183_s133", "case_00135_s196", "case_00184_s072", "case_00123_s153", "case_00145_s066", "case_00116_s370", "case_00092_s038", "case_00135_s275", "case_00012_s022", "case_00203_s332", "case_00183_s145", "case_00002_s203", "case_00056_s033", "case_00005_s281", "case_00183_s135", "case_00135_s369"], "selected_scores": [0.5891311168670654, 0.6304290890693665, 0.5676275491714478, 0.44361892342567444, 0.5636430978775024, 0.3837543725967407, 0.5604681968688965, 0.38339588046073914, 0.5548466444015503, 0.38739192485809326, 0.5570383071899414, 0.36606523394584656, 0.5518915057182312, 0.35910242795944214, 0.35381829738616943, 0.549433708190918, 0.37118130922317505, 0.5478328466415405, 0.36582961678504944, 0.5474758744239807, 0.3668479323387146, 0.5413640737533569, 0.36166316270828247, 0.542083740234375, 0.3544921875, 0.5412946939468384, 0.35903653502464294, 0.5383144617080688, 0.3615926504135132, 0.5378313064575195, 0.3935917913913727, 0.5299104452133179, 0.3429763913154602, 0.5330701470375061, 0.35943883657455444, 0.5275054574012756, 0.35489794611930847, 0.521084725856781, 0.3588296175003052, 0.21012745797634125, 0.35906982421875, 0.521185576915741, 0.35549432039260864, 0.5189704895019531, 0.3502733111381531, 0.5177826881408691, 0.3553707003593445, 0.5163134932518005, 0.3615020513534546, 0.5183706283569336], "selected_pred_fg_ratio": [2.288818359375e-05, 8.392333984375e-05, 4.57763671875e-05, 0.001110076904296875, 1.52587890625e-05, 0.008274078369140625, 9.1552734375e-05, 0.007442474365234375, 0.0, 0.010898590087890625, 4.1961669921875e-05, 0.0487823486328125, 0.000152587890625, 0.036224365234375, 0.016357421875, 7.2479248046875e-05, 0.013042449951171875, 6.4849853515625e-05, 0.00937652587890625, 7.62939453125e-06, 0.0334014892578125, 8.0108642578125e-05, 0.02655029296875, 0.000293731689453125, 0.0325469970703125, 3.814697265625e-05, 0.038478851318359375, 5.7220458984375e-05, 0.0164031982421875, 0.000102996826171875, 0.00604248046875, 0.0, 0.0509796142578125, 0.00029754638671875, 0.02783966064453125, 0.000125885009765625, 0.027069091796875, 0.0, 0.01004791259765625, 0.0, 0.025089263916015625, 0.0001373291015625, 0.042407989501953125, 3.814697265625e-05, 0.02573394775390625, 0.000133514404296875, 0.03273773193359375, 0.000263214111328125, 0.0235443115234375, 8.7738037109375e-05], "selected_pred_class_dist": [[0.9999771118164062, 2.288818359375e-05, 0.0], [0.9999160766601562, 8.392333984375e-05, 0.0], [0.9999542236328125, 4.57763671875e-05, 0.0], [0.9988899230957031, 0.0009613037109375, 0.000148773193359375], [0.9999847412109375, 1.52587890625e-05, 0.0], [0.9917259216308594, 0.00783538818359375, 0.000438690185546875], [0.999908447265625, 9.1552734375e-05, 0.0], [0.9925575256347656, 0.007144927978515625, 0.00029754638671875], [1.0, 0.0, 0.0], [0.9891014099121094, 0.0102691650390625, 0.000629425048828125], [0.9999580383300781, 4.1961669921875e-05, 0.0], [0.9512176513671875, 0.01898193359375, 0.0298004150390625], [0.999847412109375, 0.000152587890625, 0.0], [0.963775634765625, 0.029766082763671875, 0.006458282470703125], [0.983642578125, 0.0163421630859375, 1.52587890625e-05], [0.9999275207519531, 7.2479248046875e-05, 0.0], [0.9869575500488281, 0.010082244873046875, 0.002960205078125], [0.9999351501464844, 6.4849853515625e-05, 0.0], [0.9906234741210938, 0.0089111328125, 0.00046539306640625], [0.9999923706054688, 7.62939453125e-06, 0.0], [0.9665985107421875, 0.03337860107421875, 2.288818359375e-05], [0.9999198913574219, 8.0108642578125e-05, 0.0], [0.97344970703125, 0.026172637939453125, 0.000377655029296875], [0.9997062683105469, 0.000293731689453125, 0.0], [0.9674530029296875, 0.032196044921875, 0.0003509521484375], [0.9999618530273438, 3.814697265625e-05, 0.0], [0.9615211486816406, 0.024616241455078125, 0.01386260986328125], [0.9999427795410156, 5.7220458984375e-05, 0.0], [0.9835968017578125, 0.015300750732421875, 0.001102447509765625], [0.9998970031738281, 0.000102996826171875, 0.0], [0.99395751953125, 0.005950927734375, 9.1552734375e-05], [1.0, 0.0, 0.0], [0.9490203857421875, 0.0065155029296875, 0.044464111328125], [0.9997024536132812, 0.00029754638671875, 0.0], [0.9721603393554688, 0.02748870849609375, 0.0003509521484375], [0.9998741149902344, 0.000125885009765625, 0.0], [0.972930908203125, 0.023235321044921875, 0.003833770751953125], [1.0, 0.0, 0.0], [0.9899520874023438, 0.00975799560546875, 0.0002899169921875], [1.0, 0.0, 0.0], [0.9749107360839844, 0.01668548583984375, 0.008403778076171875], [0.9998626708984375, 0.0001373291015625, 0.0], [0.9575920104980469, 0.020107269287109375, 0.02230072021484375], [0.9999618530273438, 3.814697265625e-05, 0.0], [0.9742660522460938, 0.025577545166015625, 0.000156402587890625], [0.9998664855957031, 0.000133514404296875, 0.0], [0.9672622680664062, 0.02191925048828125, 0.0108184814453125], [0.9997367858886719, 0.000263214111328125, 0.0], [0.9764556884765625, 0.023357391357421875, 0.000186920166015625], [0.9999122619628906, 8.7738037109375e-05, 0.0]], "candidate_count": 2450, "candidate_scores_path": "/groups/echambe2/gmeng/MedAL-Agent/repo/code/runs/frozen_v5/candidate_scores/kits19__P6__s2000__r1.json", "predictions_path": "", "initial_labeled_path": "/groups/echambe2/gmeng/MedAL-Agent/repo/code/runs/frozen_v5/init_sets/kits19__s2000__n25.json", "initial_labeled_ids": [], "selection_diagnostics": {"selu_valid_intersected": true, "selu_target_frac": 0.016958311200141907, "selu_boundary_frac": 0.00023920487728901207, "selu_score_target_mean": 0.06511074304580688, "selu_score_boundary_mean": 0.6193215847015381}, "training": {"num_iters": 1000, "batch_size": 12, "lr": 0.001, "image_size": 512, "aspect_preserve": true, "resolution_policy": "longside_pad32", "preproc_cache": {"pool": "hit", "val": "hit"}, "train_runtime_sec": 710.7099132537842, "query_runtime_sec": 76.60017204284668, "iters": 1800, "stop_iter": 1800, "mean_loss": 0.36542421424864896, "last_loss": 0.05945875868201256, "stop_reason": "plateau", "hit_max_iters": false, "final_smooth_loss": 0.12535201715305447, "best_smooth_loss": 0.12157832769677043, "diverged": false, "loss_curve": [[1000, 0.1794144370406866], [1100, 0.12754596067592502], [1200, 0.14609719045460223], [1300, 0.12157832769677043], [1400, 0.12807753039523959], [1500, 0.1348162936978042], [1600, 0.14414766309782862], [1700, 0.20329953780397772], [1800, 0.12535201715305447]]}, "ckpt_id": "kits19__P6__s2000__r1", "ckpt_path": "", "ckpt_hash": "e0cc44969c27813720c49b771ea06f785d89833b2a5e98d7f90f6ca9858e5733", "config_hash": "e4fae46d1c013eb7c36e2eeecfd787bd198e1e60b7f9bf7f044c146e0d2a9270", "feature_cache_keys": {}, "sam_model_type": "", "sam_checkpoint": "", "metrics": {"primary_metric": "mean_dsc_fg_case_macro", "metric_version": "v3_case_macro", "eval_scope": "case_retained_slices", "mean_dsc_fg_case_macro": 0.3699827321795157, "mean_dsc_fg": 0.3699827321795157, "mean_dsc_fg_pooled_diagnostic": 0.3528866556989687, "dsc_per_class_pooled": [0.9916800969366558, 0.6666765855505775, 0.039096725847359924], "dsc_per_class": [0.9916800969366558, 0.6666765855505775, 0.039096725847359924], "n_cases": 18, "n_eval": 500, "structure_detection_rate": 0.9444444444444444, "missed_structure_rate": 0.05555555555555558}, "runtime_sec": {"train": 710.7099132537842, "eval": 8.011850118637085, "select": 76.60017204284668}, "gpu_mem_mb": 9417.150464, "gpu_name": "NVIDIA A40", "gpu_total_mem_mb": 47960.489984, "foundation": {}, "notes": ""}
{"schema_version": "v3", "run_id": "kits19__P6__s2000", "round": 2, "dataset": "kits19", "modality": "ct", "target": "kidney", "dim": "3d", "query_unit": "slice", "seed": 2000, "round_seed": 2002, "component_seeds": {"model_init_seed": 1225426498, "loader_seed": 1158739311, "query_seed": 3667345588, "dropout_seed": 1372419812}, "total_rounds": 7, "budget_denominator": {"full_train_N": 8590, "requested_pool_cap": 5000, "actual_AL_pool_N": 2500, "budget_plan": [25, 50, 100, 176, 250, 375, 500], "fraction_of_AL_pool": 0.2, "fraction_of_full_train": 0.05820721769499418}, "policy_id": "P6", "policy_name": "SelectiveUncertaintyAL", "method_version": "1.0", "is_ablation": false, "policy_config": {}, "cumulative_budget": 100, "incremental_query_count": 76, "labeled_count": 100, "labeled_ratio": 0.04, "selected_ids": ["case_00084_s128", "case_00052_s229", "case_00188_s080", "case_00141_s392", "case_00025_s095", "case_00135_s194", "case_00120_s210", "case_00009_s027", "case_00120_s212", "case_00205_s022", "case_00101_s298", "case_00145_s073", "case_00141_s272", "case_00140_s214", "case_00049_s337", "case_00027_s355", "case_00052_s228", "case_00024_s039", "case_00202_s118", "case_00101_s380", "case_00135_s215", "case_00100_s162", "case_00093_s203", "case_00024_s040", "case_00063_s336", "case_00093_s294", "case_00002_s045", "case_00100_s153", "case_00144_s054", "case_00066_s200", "case_00033_s092", "case_00141_s297", "case_00005_s262", "case_00063_s324", "case_00046_s032", "case_00008_s153", "case_00151_s227", "case_00034_s033", "case_00156_s255", "case_00116_s341", "case_00185_s044", "case_00157_s322", "case_00033_s091", "case_00103_s266", "case_00007_s055", "case_00175_s026", "case_00192_s088", "case_00206_s046", "case_00086_s071", "case_00101_s366", "case_00169_s026", "case_00157_s340", "case_00156_s333", "case_00063_s327", "case_00151_s207", "case_00151_s284", "case_00034_s030", "case_00141_s355", "case_00062_s021", "case_00099_s042", "case_00071_s385", "case_00063_s317", "case_00101_s392", "case_00140_s216", "case_00138_s055", "case_00151_s204", "case_00159_s266", "case_00008_s117", "case_00122_s018", "case_00002_s046", "case_00157_s338", "case_00156_s350", "case_00025_s053", "case_00208_s021", "case_00141_s343", "case_00178_s035"], "selected_scores": [0.5729666948318481, 0.6665351390838623, 0.5814784169197083, 0.6525935530662537, 0.5579034686088562, 0.5666249990463257, 0.38062649965286255, 0.5616214871406555, 0.38321635127067566, 0.4589623808860779, 0.5661561489105225, 0.3732980787754059, 0.5524497628211975, 0.41235852241516113, 0.5523107051849365, 0.3818265199661255, 0.5504409670829773, 0.38130226731300354, 0.5508939027786255, 0.37145566940307617, 0.5501189231872559, 0.3645729720592499, 0.5501328706741333, 0.37446969747543335, 0.54789799451828, 0.46430322527885437, 0.5472526550292969, 0.36441677808761597, 0.5421362519264221, 0.358762264251709, 0.5411370992660522, 0.36278367042541504, 0.5405415892601013, 0.43046775460243225, 0.5368293523788452, 0.3989122807979584, 0.5372226238250732, 0.3714141249656677, 0.5321460366249084, 0.36351242661476135, 0.5310178399085999, 0.37770164012908936, 0.2154361754655838, 0.37372034788131714, 0.5271209478378296, 0.5101053714752197, 0.5233256816864014, 0.36182501912117004, 0.5157430768013, 0.37195608019828796, 0.5166901350021362, 0.3684302568435669, 0.5134708881378174, 0.4455936551094055, 0.5132685899734497, 0.3814457058906555, 0.5127955675125122, 0.3921453654766083, 0.5252881050109863, 0.4116186797618866, 0.5076854228973389, 0.4067695140838623, 0.35249873995780945, 0.1887674182653427, 0.35565418004989624, 0.5013672113418579, 0.4082079529762268, 0.18660952150821686, 0.3884820342063904, 0.49807852506637573, 0.36486881971359253, 0.18304355442523956, 0.3678133487701416, 0.4938013553619385, 0.366083562374115, 0.4943099617958069], "selected_pred_fg_ratio": [0.0, 0.000217437744140625, 7.62939453125e-06, 0.000308990478515625, 0.00018310546875, 7.62939453125e-06, 0.0123138427734375, 1.1444091796875e-05, 0.005401611328125, 0.000835418701171875, 0.0001678466796875, 0.016330718994140625, 7.2479248046875e-05, 0.0013885498046875, 8.392333984375e-05, 0.00677490234375, 5.340576171875e-05, 0.03574371337890625, 0.00012969970703125, 0.04402923583984375, 7.62939453125e-06, 0.01267242431640625, 0.000102996826171875, 0.030147552490234375, 9.5367431640625e-05, 0.000423431396484375, 3.814697265625e-06, 0.011127471923828125, 7.62939453125e-05, 0.02265167236328125, 7.62939453125e-05, 0.0386505126953125, 7.62939453125e-06, 0.009021759033203125, 0.000240325927734375, 0.014354705810546875, 7.62939453125e-05, 0.018306732177734375, 0.0, 0.011219024658203125, 0.0001678466796875, 0.037220001220703125, 0.0, 0.02706146240234375, 0.000202178955078125, 0.000286102294921875, 0.00029754638671875, 0.006404876708984375, 0.000457763671875, 0.02878570556640625, 0.0001373291015625, 0.032756805419921875, 0.000644683837890625, 0.001476287841796875, 0.000579833984375, 0.00202178955078125, 0.000400543212890625, 0.014720916748046875, 0.000316619873046875, 0.011325836181640625, 0.00020599365234375, 0.019138336181640625, 0.01424407958984375, 0.0, 0.044269561767578125, 0.000507354736328125, 0.00090789794921875, 0.0, 0.0113677978515625, 0.000202178955078125, 0.0368194580078125, 0.0, 0.037807464599609375, 0.000316619873046875, 0.038570404052734375, 0.000278472900390625], "selected_pred_class_dist": [[1.0, 0.0, 0.0], [0.9997825622558594, 0.0001678466796875, 4.9591064453125e-05], [0.9999923706054688, 0.0, 7.62939453125e-06], [0.9996910095214844, 4.1961669921875e-05, 0.00026702880859375], [0.99981689453125, 0.000179290771484375, 3.814697265625e-06], [0.9999923706054688, 7.62939453125e-06, 0.0], [0.9876861572265625, 0.01192474365234375, 0.00038909912109375], [0.9999885559082031, 1.1444091796875e-05, 0.0], [0.994598388671875, 0.005352020263671875, 4.9591064453125e-05], [0.9991645812988281, 0.00077056884765625, 6.4849853515625e-05], [0.9998321533203125, 0.000125885009765625, 4.1961669921875e-05], [0.9836692810058594, 0.000347137451171875, 0.01598358154296875], [0.9999275207519531, 7.2479248046875e-05, 0.0], [0.9986114501953125, 0.0013427734375, 4.57763671875e-05], [0.9999160766601562, 8.392333984375e-05, 0.0], [0.99322509765625, 0.0066070556640625, 0.0001678466796875], [0.9999465942382812, 5.340576171875e-05, 0.0], [0.9642562866210938, 0.026355743408203125, 0.009387969970703125], [0.9998703002929688, 0.00012969970703125, 0.0], [0.9559707641601562, 0.0407562255859375, 0.00327301025390625], [0.9999923706054688, 7.62939453125e-06, 0.0], [0.9873275756835938, 0.01267242431640625, 0.0], [0.9998970031738281, 0.000102996826171875, 0.0], [0.9698524475097656, 0.01938629150390625, 0.010761260986328125], [0.9999046325683594, 9.5367431640625e-05, 0.0], [0.9995765686035156, 0.000148773193359375, 0.000274658203125], [0.9999961853027344, 3.814697265625e-06, 0.0], [0.9888725280761719, 0.0110015869140625, 0.000125885009765625], [0.9999237060546875, 7.62939453125e-05, 0.0], [0.9773483276367188, 0.01967620849609375, 0.0029754638671875], [0.9999237060546875, 0.0, 7.62939453125e-05], [0.9613494873046875, 0.03670501708984375, 0.00194549560546875], [0.9999923706054688, 7.62939453125e-06, 0.0], [0.9909782409667969, 0.001678466796875, 0.007343292236328125], [0.9997596740722656, 0.000240325927734375, 0.0], [0.9856452941894531, 0.0095062255859375, 0.004848480224609375], [0.9999237060546875, 7.62939453125e-05, 0.0], [0.9816932678222656, 0.016632080078125, 0.001674652099609375], [1.0, 0.0, 0.0], [0.9887809753417969, 0.0110015869140625, 0.000217437744140625], [0.9998321533203125, 0.0001678466796875, 0.0], [0.9627799987792969, 0.03350830078125, 0.003711700439453125], [1.0, 0.0, 0.0], [0.9729385375976562, 0.0226593017578125, 0.00440216064453125], [0.9997978210449219, 0.000202178955078125, 0.0], [0.9997138977050781, 0.000286102294921875, 0.0], [0.9997024536132812, 0.0, 0.00029754638671875], [0.9935951232910156, 0.0063934326171875, 1.1444091796875e-05], [0.999542236328125, 0.000457763671875, 0.0], [0.9712142944335938, 0.020946502685546875, 0.007839202880859375], [0.9998626708984375, 1.52587890625e-05, 0.0001220703125], [0.9672431945800781, 0.031711578369140625, 0.00104522705078125], [0.9993553161621094, 0.000644683837890625, 0.0], [0.9985237121582031, 0.001285552978515625, 0.00019073486328125], [0.999420166015625, 0.000579833984375, 0.0], [0.9979782104492188, 0.00202178955078125, 0.0], [0.9995994567871094, 0.000400543212890625, 0.0], [0.9852790832519531, 0.00919342041015625, 0.005527496337890625], [0.9996833801269531, 0.00029754638671875, 1.9073486328125e-05], [0.9886741638183594, 0.006885528564453125, 0.0044403076171875], [0.9997940063476562, 0.00020599365234375, 0.0], [0.9808616638183594, 0.012477874755859375, 0.00666046142578125], [0.9857559204101562, 0.014209747314453125, 3.4332275390625e-05], [1.0, 0.0, 0.0], [0.9557304382324219, 0.035125732421875, 0.009143829345703125], [0.9994926452636719, 0.000507354736328125, 0.0], [0.9990921020507812, 0.0, 0.00090789794921875], [1.0, 0.0, 0.0], [0.9886322021484375, 0.009578704833984375, 0.001789093017578125], [0.9997978210449219, 0.000202178955078125, 0.0], [0.9631805419921875, 0.03411865234375, 0.0027008056640625], [1.0, 0.0, 0.0], [0.9621925354003906, 0.03134918212890625, 0.006458282470703125], [0.9996833801269531, 0.000316619873046875, 0.0], [0.9614295959472656, 0.031253814697265625, 0.00731658935546875], [0.9997215270996094, 0.000278472900390625, 0.0]], "candidate_count": 2400, "candidate_scores_path": "/groups/echambe2/gmeng/MedAL-Agent/repo/code/runs/frozen_v5/candidate_scores/kits19__P6__s2000__r2.json", "predictions_path": "", "initial_labeled_path": "/groups/echambe2/gmeng/MedAL-Agent/repo/code/runs/frozen_v5/init_sets/kits19__s2000__n25.json", "initial_labeled_ids": [], "selection_diagnostics": {"selu_valid_intersected": true, "selu_target_frac": 0.017567135393619537, "selu_boundary_frac": 0.0002362124068895355, "selu_score_target_mean": 0.06570403277873993, "selu_score_boundary_mean": 0.6154859662055969}, "training": {"num_iters": 1000, "batch_size": 12, "lr": 0.001, "image_size": 512, "aspect_preserve": true, "resolution_policy": "longside_pad32", "preproc_cache": {"pool": "hit", "val": "hit"}, "train_runtime_sec": 1400.025818347931, "query_runtime_sec": 62.214279651641846, "iters": 3600, "stop_iter": 3600, "mean_loss": 0.20963759910211796, "last_loss": 0.043710850179195404, "stop_reason": "plateau", "hit_max_iters": false, "final_smooth_loss": 0.055621803589165214, "best_smooth_loss": 0.038851550165563825, "diverged": false, "loss_curve": [[1000, 0.12935560826212167], [1100, 0.1367514043673873], [1200, 0.16125789429992438], [1300, 0.11234822236001492], [1400, 0.11745328705757857], [1500, 0.09970141395926475], [1600, 0.09352502331137658], [1700, 0.07897022865712643], [1800, 0.09481270588934422], [1900, 0.08912715550512075], [2000, 0.07229847038164734], [2100, 0.12117543429136277], [2200, 0.08554276373237371], [2300, 0.07398931313306094], [2400, 0.057794859390705826], [2500, 0.05900525515899062], [2600, 0.05395269013941288], [2700, 0.07229750156402588], [2800, 0.06392837468534708], [2900, 0.04761604167521], [3000, 0.07194538526237011], [3100, 0.038851550165563825], [3200, 0.11688225526362657], [3300, 0.06978593161329627], [3400, 0.07006111172959209], [3500, 0.07882626667618751], [3600, 0.055621803589165214]]}, "ckpt_id": "kits19__P6__s2000__r2", "ckpt_path": "", "ckpt_hash": "6ff86a2e48ee6714a63cd7843d3f655a5272819f98fd9c83a8a8a3595d7c1bde", "config_hash": "e4fae46d1c013eb7c36e2eeecfd787bd198e1e60b7f9bf7f044c146e0d2a9270", "feature_cache_keys": {}, "sam_model_type": "", "sam_checkpoint": "", "metrics": {"primary_metric": "mean_dsc_fg_case_macro", "metric_version": "v3_case_macro", "eval_scope": "case_retained_slices", "mean_dsc_fg_case_macro": 0.43964733483390256, "mean_dsc_fg": 0.43964733483390256, "mean_dsc_fg_pooled_diagnostic": 0.5136324496456396, "dsc_per_class_pooled": [0.9940693235638003, 0.7575919912522184, 0.2696729080390607], "dsc_per_class": [0.9940693235638003, 0.7575919912522184, 0.2696729080390607], "n_cases": 18, "n_eval": 500, "structure_detection_rate": 0.9166666666666666, "missed_structure_rate": 0.08333333333333337}, "runtime_sec": {"train": 1400.025818347931, "eval": 6.566545486450195, "select": 62.214279651641846}, "gpu_mem_mb": 9418.0352, "gpu_name": "NVIDIA A40", "gpu_total_mem_mb": 47960.489984, "foundation": {}, "notes": ""}
{"schema_version": "v3", "run_id": "kits19__P6__s2000", "round": 3, "dataset": "kits19", "modality": "ct", "target": "kidney", "dim": "3d", "query_unit": "slice", "seed": 2000, "round_seed": 2003, "component_seeds": {"model_init_seed": 1786941200, "loader_seed": 315035857, "query_seed": 1656248978, "dropout_seed": 3607744384}, "total_rounds": 7, "budget_denominator": {"full_train_N": 8590, "requested_pool_cap": 5000, "actual_AL_pool_N": 2500, "budget_plan": [25, 50, 100, 176, 250, 375, 500], "fraction_of_AL_pool": 0.2, "fraction_of_full_train": 0.05820721769499418}, "policy_id": "P6", "policy_name": "SelectiveUncertaintyAL", "method_version": "1.0", "is_ablation": false, "policy_config": {}, "cumulative_budget": 176, "incremental_query_count": 74, "labeled_count": 176, "labeled_ratio": 0.0704, "selected_ids": ["case_00063_s243", "case_00141_s274", "case_00036_s034", "case_00183_s172", "case_00151_s173", "case_00023_s037", "case_00198_s157", "case_00144_s109", "case_00008_s125", "case_00174_s020", "case_00008_s121", "case_00188_s183", "case_00051_s053", "case_00180_s062", "case_00165_s427", "case_00056_s032", "case_00093_s200", "case_00056_s038", "case_00023_s038", "case_00178_s021", "case_00022_s211", "case_00179_s017", "case_00032_s041", "case_00178_s024", "case_00202_s167", "case_00056_s034", "case_00103_s314", "case_00131_s036", "case_00163_s044", "case_00177_s031", "case_00128_s056", "case_00109_s035", "case_00036_s069", "case_00024_s041", "case_00051_s007", "case_00192_s077", "case_00160_s190", "case_00026_s175", "case_00115_s340", "case_00102_s224", "case_00091_s334", "case_00102_s220", "case_00182_s050", "case_00172_s041", "case_00071_s378", "case_00008_s138", "case_00063_s246", "case_00008_s157", "case_00008_s169", "case_00036_s029", "case_00148_s006", "case_00131_s040", "case_00096_s260", "case_00042_s160", "case_00198_s169", "case_00199_s083", "case_00022_s214", "case_00102_s182", "case_00129_s016", "case_00073_s085", "case_00027_s259", "case_00178_s023", "case_00099_s048", "case_00172_s036", "case_00063_s340", "case_00160_s099", "case_00027_s365", "case_00008_s140", "case_00193_s152", "case_00058_s017", "case_00178_s014", "case_00191_s133", "case_00116_s378", "case_00092_s036"], "selected_scores": [0.696961522102356, 0.571814775466919, 0.41618812084198, 0.558622419834137, 0.4881768524646759, 0.593066930770874, 0.38997340202331543, 0.5476370453834534, 0.38760679960250854, 0.5433335304260254, 0.3776639401912689, 0.5464915037155151, 0.5005566477775574, 0.5430483818054199, 0.5409030914306641, 0.3722648322582245, 0.5360592007637024, 0.3743574023246765, 0.5331759452819824, 0.3987094759941101, 0.530182421207428, 0.38874468207359314, 0.5333648324012756, 0.38066980242729187, 0.5225968360900879, 0.36558201909065247, 0.5223736763000488, 0.4352085590362549, 0.5211606025695801, 0.3725510835647583, 0.5116028189659119, 0.3934687674045563, 0.5121477246284485, 0.371766597032547, 0.5110120177268982, 0.3834174871444702, 0.5096365213394165, 0.37844011187553406, 0.5010397434234619, 0.37567219138145447, 0.18581341207027435, 0.37398451566696167, 0.18539665639400482, 0.37168315052986145, 0.4959699511528015, 0.3697189688682556, 0.49245989322662354, 0.36182937026023865, 0.49289649724960327, 0.40338894724845886, 0.1748753786087036, 0.3626657724380493, 0.48406994342803955, 0.371765673160553, 0.16873279213905334, 0.3864281177520752, 0.4803205728530884, 0.3700975477695465, 0.4759170711040497, 0.3674750328063965, 0.16297876834869385, 0.3743985593318939, 0.47694507241249084, 0.36119216680526733, 0.4686428904533386, 0.378597229719162, 0.466116726398468, 0.3672414720058441, 0.4653024673461914, 0.4134235978126526, 0.4782121181488037, 0.36171862483024597, 0.4610127806663513, 0.36436110734939575], "selected_pred_fg_ratio": [0.000164031982421875, 4.57763671875e-05, 0.0138092041015625, 3.0517578125e-05, 0.00122833251953125, 0.000232696533203125, 0.024505615234375, 1.52587890625e-05, 0.0433807373046875, 0.0, 0.03124237060546875, 0.000225067138671875, 0.000453948974609375, 0.0005035400390625, 7.62939453125e-05, 0.0825653076171875, 0.000400543212890625, 0.06359481811523438, 0.000125885009765625, 0.025390625, 0.00045013427734375, 0.005767822265625, 6.4849853515625e-05, 0.0289459228515625, 0.0, 0.08298492431640625, 0.00025177001953125, 0.003810882568359375, 0.0, 0.0328369140625, 0.000392913818359375, 0.010829925537109375, 0.000354766845703125, 0.023403167724609375, 0.000453948974609375, 0.053951263427734375, 0.0001678466796875, 0.02947235107421875, 0.00048828125, 0.02050018310546875, 0.0, 0.026355743408203125, 0.0, 0.031505584716796875, 0.00032806396484375, 0.044097900390625, 0.0009002685546875, 0.022602081298828125, 0.0002899169921875, 0.0029754638671875, 0.0, 0.019008636474609375, 0.001430511474609375, 0.0333404541015625, 0.0, 0.014446258544921875, 0.001262664794921875, 0.019832611083984375, 0.0004730224609375, 0.024318695068359375, 0.0, 0.02700042724609375, 0.002071380615234375, 0.045932769775390625, 0.00032806396484375, 0.024250030517578125, 0.0014495849609375, 0.036502838134765625, 0.000640869140625, 0.001041412353515625, 0.002872467041015625, 0.028919219970703125, 0.0010833740234375, 0.07724761962890625], "selected_pred_class_dist": [[0.9998359680175781, 0.0001068115234375, 5.7220458984375e-05], [0.9999542236328125, 4.57763671875e-05, 0.0], [0.9861907958984375, 0.01337432861328125, 0.00043487548828125], [0.999969482421875, 3.0517578125e-05, 0.0], [0.9987716674804688, 2.288818359375e-05, 0.0012054443359375], [0.9997673034667969, 6.866455078125e-05, 0.000164031982421875], [0.975494384765625, 0.0242462158203125, 0.0002593994140625], [0.9999847412109375, 1.52587890625e-05, 0.0], [0.9566192626953125, 0.016231536865234375, 0.027149200439453125], [1.0, 0.0, 0.0], [0.9687576293945312, 0.006717681884765625, 0.024524688720703125], [0.9997749328613281, 0.000225067138671875, 0.0], [0.9995460510253906, 9.918212890625e-05, 0.000354766845703125], [0.9994964599609375, 0.00048065185546875, 2.288818359375e-05], [0.9999237060546875, 7.62939453125e-05, 0.0], [0.9174346923828125, 0.020328521728515625, 0.062236785888671875], [0.9995994567871094, 0.000400543212890625, 0.0], [0.9364051818847656, 0.01959991455078125, 0.043994903564453125], [0.9998741149902344, 0.000125885009765625, 0.0], [0.974609375, 0.011356353759765625, 0.014034271240234375], [0.9995498657226562, 0.00045013427734375, 0.0], [0.994232177734375, 0.00469207763671875, 0.00107574462890625], [0.9999351501464844, 6.4849853515625e-05, 0.0], [0.9710540771484375, 0.008922576904296875, 0.020023345947265625], [1.0, 0.0, 0.0], [0.9170150756835938, 0.021709442138671875, 0.061275482177734375], [0.9997482299804688, 0.00025177001953125, 0.0], [0.9961891174316406, 0.001735687255859375, 0.0020751953125], [1.0, 0.0, 0.0], [0.9671630859375, 0.031734466552734375, 0.001102447509765625], [0.9996070861816406, 0.000392913818359375, 0.0], [0.9891700744628906, 0.010440826416015625, 0.00038909912109375], [0.9996452331542969, 0.000354766845703125, 0.0], [0.9765968322753906, 0.004871368408203125, 0.01853179931640625], [0.9995460510253906, 0.000453948974609375, 0.0], [0.9460487365722656, 0.029735565185546875, 0.0242156982421875], [0.9998321533203125, 0.0001678466796875, 0.0], [0.9705276489257812, 0.028026580810546875, 0.001445770263671875], [0.99951171875, 0.00048828125, 0.0], [0.9794998168945312, 0.0185089111328125, 0.00199127197265625], [1.0, 0.0, 0.0], [0.9736442565917969, 0.02005767822265625, 0.006298065185546875], [1.0, 0.0, 0.0], [0.9684944152832031, 0.011791229248046875, 0.01971435546875], [0.9996719360351562, 0.00032806396484375, 0.0], [0.955902099609375, 0.017772674560546875, 0.026325225830078125], [0.9990997314453125, 0.0009002685546875, 0.0], [0.9773979187011719, 0.01776885986328125, 0.004833221435546875], [0.9997100830078125, 0.0002899169921875, 0.0], [0.9970245361328125, 0.000179290771484375, 0.002796173095703125], [1.0, 0.0, 0.0], [0.9809913635253906, 0.018985748291015625, 2.288818359375e-05], [0.9985694885253906, 0.001430511474609375, 0.0], [0.9666595458984375, 0.02620697021484375, 0.00713348388671875], [1.0, 0.0, 0.0], [0.9855537414550781, 0.012454986572265625, 0.00199127197265625], [0.9987373352050781, 0.001262664794921875, 0.0], [0.9801673889160156, 0.0149993896484375, 0.004833221435546875], [0.9995269775390625, 0.0004730224609375, 0.0], [0.9756813049316406, 0.014926910400390625, 0.00939178466796875], [1.0, 0.0, 0.0], [0.9729995727539062, 0.014377593994140625, 0.012622833251953125], [0.9979286193847656, 0.002071380615234375, 0.0], [0.9540672302246094, 0.015087127685546875, 0.03084564208984375], [0.9996719360351562, 0.00032806396484375, 0.0], [0.9757499694824219, 0.019439697265625, 0.004810333251953125], [0.9985504150390625, 0.0014495849609375, 0.0], [0.9634971618652344, 0.012050628662109375, 0.02445220947265625], [0.999359130859375, 0.000640869140625, 0.0], [0.9989585876464844, 0.001026153564453125, 1.52587890625e-05], [0.9971275329589844, 0.001934051513671875, 0.00093841552734375], [0.9710807800292969, 0.027698516845703125, 0.001220703125], [0.9989166259765625, 0.0, 0.0010833740234375], [0.9227523803710938, 0.035327911376953125, 0.041919708251953125]], "candidate_count": 2324, "candidate_scores_path": "/groups/echambe2/gmeng/MedAL-Agent/repo/code/runs/frozen_v5/candidate_scores/kits19__P6__s2000__r3.json", "predictions_path": "", "initial_labeled_path": "/groups/echambe2/gmeng/MedAL-Agent/repo/code/runs/frozen_v5/init_sets/kits19__s2000__n25.json", "initial_labeled_ids": [], "selection_diagnostics": {"selu_valid_intersected": true, "selu_target_frac": 0.02233268693089485, "selu_boundary_frac": 0.00027038389816880226, "selu_score_target_mean": 0.05515335872769356, "selu_score_boundary_mean": 0.6238691210746765}, "training": {"num_iters": 1000, "batch_size": 12, "lr": 0.001, "image_size": 512, "aspect_preserve": true, "resolution_policy": "longside_pad32", "preproc_cache": {"pool": "hit", "val": "hit"}, "train_runtime_sec": 1339.3418681621552, "query_runtime_sec": 54.122241258621216, "iters": 3400, "stop_iter": 3400, "mean_loss": 0.3543553247894434, "last_loss": 0.04408106952905655, "stop_reason": "plateau", "hit_max_iters": false, "final_smooth_loss": 0.10538023237138987, "best_smooth_loss": 0.07791881822049618, "diverged": false, "loss_curve": [[1000, 0.4815869042277336], [1100, 0.38757084146142007], [1200, 0.3283175919950008], [1300, 0.284631627574563], [1400, 0.30067152105271816], [1500, 0.2636828854680061], [1600, 0.20993716411292554], [1700, 0.21047594256699084], [1800, 0.18472694724798203], [1900, 0.1860406541824341], [2000, 0.1649708990380168], [2100, 0.13793326314538717], [2200, 0.16797433190047742], [2300, 0.11659385811537504], [2400, 0.17518026653677224], [2500, 0.2656983122229576], [2600, 0.11780494254082441], [2700, 0.10534994907677174], [2800, 0.10233002945780754], [2900, 0.07791881822049618], [3000, 0.10499893452972174], [3100, 0.08020228121429682], [3200, 0.0785743660107255], [3300, 0.09910124678164721], [3400, 0.10538023237138987]]}, "ckpt_id": "kits19__P6__s2000__r3", "ckpt_path": "", "ckpt_hash": "6ee174f1af158799bbff6d6ae9e7a3b5abea9661f6047ca70a1921bedf1b3dd4", "config_hash": "e4fae46d1c013eb7c36e2eeecfd787bd198e1e60b7f9bf7f044c146e0d2a9270", "feature_cache_keys": {}, "sam_model_type": "", "sam_checkpoint": "", "metrics": {"primary_metric": "mean_dsc_fg_case_macro", "metric_version": "v3_case_macro", "eval_scope": "case_retained_slices", "mean_dsc_fg_case_macro": 0.4711019641000634, "mean_dsc_fg": 0.4711019641000634, "mean_dsc_fg_pooled_diagnostic": 0.5012864977574564, "dsc_per_class_pooled": [0.9951445064452704, 0.8637604850371, 0.13881251047781273], "dsc_per_class": [0.9951445064452704, 0.8637604850371, 0.13881251047781273], "n_cases": 18, "n_eval": 500, "structure_detection_rate": 0.9722222222222222, "missed_structure_rate": 0.02777777777777779}, "runtime_sec": {"train": 1339.3418681621552, "eval": 7.053823709487915, "select": 54.122241258621216}, "gpu_mem_mb": 9418.051584, "gpu_name": "NVIDIA A40", "gpu_total_mem_mb": 47960.489984, "foundation": {}, "notes": ""}
