{"schema_version": "v3", "run_id": "kits19__P5__s3000", "round": 0, "dataset": "kits19", "modality": "ct", "target": "kidney", "dim": "3d", "query_unit": "slice", "seed": 3000, "round_seed": 3000, "component_seeds": {"model_init_seed": 4268717614, "loader_seed": 3761024140, "query_seed": 1653928250, "dropout_seed": 3551934248}, "total_rounds": 7, "budget_denominator": {"full_train_N": 8071, "requested_pool_cap": 5000, "actual_AL_pool_N": 2500, "budget_plan": [25, 50, 100, 176, 250, 375, 500], "fraction_of_AL_pool": 0.2, "fraction_of_full_train": 0.06195019204559534}, "policy_id": "P5", "policy_name": "EntropyCoreSet", "method_version": "1.0", "is_ablation": false, "policy_config": {}, "cumulative_budget": 25, "incremental_query_count": 25, "labeled_count": 25, "labeled_ratio": 0.01, "selected_ids": ["case_00001_s216", "case_00155_s362", "case_00091_s196", "case_00093_s202", "case_00001_s250", "case_00115_s289", "case_00132_s290", "case_00146_s295", "case_00146_s356", "case_00071_s309", "case_00135_s214", "case_00138_s060", "case_00132_s365", "case_00153_s039", "case_00153_s005", "case_00141_s321", "case_00001_s297", "case_00141_s390", "case_00056_s039", "case_00138_s063", "case_00027_s300", "case_00116_s294", "case_00141_s276", "case_00146_s233", "case_00146_s244"], "selected_scores": [0.006554221734404564, 0.004681507591158152, 0.0044991327449679375, 0.0048525710590183735, 0.004765515681356192, 0.004802045878022909, 0.005955859553068876, 0.005186355672776699, 0.005820896942168474, 0.005446634721010923, 0.00500786118209362, 0.004983802326023579, 0.00578358443453908, 0.004500944167375565, 0.005804089363664389, 0.0046296087093651295, 0.005318969488143921, 0.0052306270226836205, 0.005183677189052105, 0.005230556707829237, 0.0047566709108650684, 0.004509852733463049, 0.005646417383104563, 0.011236941441893578, 0.008401439525187016], "selected_pred_fg_ratio": [0.027851104736328125, 0.0126800537109375, 0.020549774169921875, 0.02779388427734375, 0.0312957763671875, 0.050022125244140625, 0.02996826171875, 0.06953811645507812, 0.0270538330078125, 0.026813507080078125, 0.020816802978515625, 0.02281951904296875, 0.055202484130859375, 0.02068328857421875, 0.037883758544921875, 0.056560516357421875, 0.062076568603515625, 0.03926849365234375, 0.02191925048828125, 0.02582550048828125, 0.033344268798828125, 0.02301788330078125, 0.015316009521484375, 0.0454864501953125, 0.0331573486328125], "selected_pred_class_dist": [[0.9721488952636719, 0.0188140869140625, 0.009037017822265625], [0.9873199462890625, 0.01059722900390625, 0.00208282470703125], [0.9794502258300781, 0.0190582275390625, 0.001491546630859375], [0.9722061157226562, 0.02779388427734375, 0.0], [0.9687042236328125, 0.031131744384765625, 0.000164031982421875], [0.9499778747558594, 0.036357879638671875, 0.01366424560546875], [0.97003173828125, 0.02985382080078125, 0.00011444091796875], [0.9304618835449219, 0.0693817138671875, 0.000156402587890625], [0.9729461669921875, 0.0258331298828125, 0.001220703125], [0.9731864929199219, 0.02678680419921875, 2.6702880859375e-05], [0.9791831970214844, 0.020816802978515625, 0.0], [0.9771804809570312, 0.022716522216796875, 0.000102996826171875], [0.9447975158691406, 0.053661346435546875, 0.0015411376953125], [0.9793167114257812, 0.020557403564453125, 0.000125885009765625], [0.9621162414550781, 0.01988983154296875, 0.017993927001953125], [0.9434394836425781, 0.055057525634765625, 0.00150299072265625], [0.9379234313964844, 0.052944183349609375, 0.00913238525390625], [0.9607315063476562, 0.038532257080078125, 0.000736236572265625], [0.9780807495117188, 0.02130889892578125, 0.0006103515625], [0.9741744995117188, 0.025543212890625, 0.00028228759765625], [0.9666557312011719, 0.030544281005859375, 0.00279998779296875], [0.9769821166992188, 0.02091217041015625, 0.002105712890625], [0.9846839904785156, 0.013263702392578125, 0.00205230712890625], [0.9545135498046875, 0.04137420654296875, 0.00411224365234375], [0.9668426513671875, 0.031536102294921875, 0.001621246337890625]], "candidate_count": 2475, "candidate_scores_path": "/groups/echambe2/gmeng/MedAL-Agent/repo/code/runs/frozen_v5/candidate_scores/kits19__P5__s3000__r0.json", "predictions_path": "", "initial_labeled_path": "/groups/echambe2/gmeng/MedAL-Agent/repo/code/runs/frozen_v5/init_sets/kits19__s3000__n25.json", "initial_labeled_ids": ["case_00003_s102", "case_00008_s128", "case_00016_s049", "case_00022_s265", "case_00027_s342", "case_00033_s150", "case_00036_s051", "case_00072_s055", "case_00077_s020", "case_00079_s079", "case_00091_s314", "case_00102_s137", "case_00102_s145", "case_00111_s045", "case_00132_s327", "case_00140_s170", "case_00145_s047", "case_00156_s308", "case_00159_s280", "case_00159_s287", "case_00164_s031", "case_00165_s381", "case_00178_s038", "case_00183_s099", "case_00206_s036"], "selection_diagnostics": {}, "training": {"num_iters": 1000, "batch_size": 12, "lr": 0.001, "image_size": 512, "aspect_preserve": true, "resolution_policy": "longside_pad32", "preproc_cache": {"pool": "hit", "val": "hit"}, "train_runtime_sec": 706.1689281463623, "query_runtime_sec": 50.292144536972046, "iters": 1800, "stop_iter": 1800, "mean_loss": 0.16545023828434446, "last_loss": 0.01874830573797226, "stop_reason": "plateau", "hit_max_iters": false, "final_smooth_loss": 0.028519812375307083, "best_smooth_loss": 0.03010113101452589, "diverged": false, "loss_curve": [[1000, 0.06786330623552203], [1100, 0.035514161735773084], [1200, 0.039251307304948566], [1300, 0.03010113101452589], [1400, 0.03620014257729053], [1500, 0.03739643786102533], [1600, 0.07435573276132346], [1700, 0.043137538433074954], [1800, 0.028519812375307083]]}, "ckpt_id": "kits19__P5__s3000__r0", "ckpt_path": "", "ckpt_hash": "159e95b9203f0f6aa1f6ba93bafbd74217de3a48a1ae85eb86e44d46e41e14a9", "config_hash": "e4fae46d1c013eb7c36e2eeecfd787bd198e1e60b7f9bf7f044c146e0d2a9270", "feature_cache_keys": {"task_unet": "task_unet_bottleneck@159e95b9203f"}, "sam_model_type": "", "sam_checkpoint": "", "metrics": {"primary_metric": "mean_dsc_fg_case_macro", "metric_version": "v3_case_macro", "eval_scope": "case_retained_slices", "mean_dsc_fg_case_macro": 0.437338120435566, "mean_dsc_fg": 0.437338120435566, "mean_dsc_fg_pooled_diagnostic": 0.42392432871367086, "dsc_per_class_pooled": [0.9924971410227842, 0.7191686621508655, 0.12867999527647625], "dsc_per_class": [0.9924971410227842, 0.7191686621508655, 0.12867999527647625], "n_cases": 18, "n_eval": 500, "structure_detection_rate": 1.0, "missed_structure_rate": 0.0}, "runtime_sec": {"train": 706.1689281463623, "eval": 6.854219436645508, "select": 50.292144536972046}, "gpu_mem_mb": 9368.62208, "gpu_name": "NVIDIA A40", "gpu_total_mem_mb": 47960.489984, "foundation": {}, "notes": ""}
{"schema_version": "v3", "run_id": "kits19__P5__s3000", "round": 1, "dataset": "kits19", "modality": "ct", "target": "kidney", "dim": "3d", "query_unit": "slice", "seed": 3000, "round_seed": 3001, "component_seeds": {"model_init_seed": 1368497401, "loader_seed": 724338150, "query_seed": 2939650167, "dropout_seed": 1283938365}, "total_rounds": 7, "budget_denominator": {"full_train_N": 8071, "requested_pool_cap": 5000, "actual_AL_pool_N": 2500, "budget_plan": [25, 50, 100, 176, 250, 375, 500], "fraction_of_AL_pool": 0.2, "fraction_of_full_train": 0.06195019204559534}, "policy_id": "P5", "policy_name": "EntropyCoreSet", "method_version": "1.0", "is_ablation": false, "policy_config": {}, "cumulative_budget": 50, "incremental_query_count": 50, "labeled_count": 50, "labeled_ratio": 0.02, "selected_ids": ["case_00113_s025", "case_00115_s269", "case_00191_s158", "case_00086_s053", "case_00154_s306", "case_00008_s122", "case_00048_s040", "case_00052_s257", "case_00070_s030", "case_00071_s360", "case_00143_s031", "case_00138_s038", "case_00079_s066", "case_00116_s352", "case_00065_s078", "case_00084_s049", "case_00188_s153", "case_00103_s288", "case_00092_s038", "case_00155_s325", "case_00131_s058", "case_00122_s036", "case_00048_s026", "case_00022_s217", "case_00115_s315", "case_00091_s268", "case_00001_s270", "case_00176_s043", "case_00001_s263", "case_00026_s175", "case_00132_s356", "case_00113_s040", "case_00194_s072", "case_00155_s309", "case_00153_s033", "case_00191_s185", "case_00185_s067", "case_00096_s313", "case_00139_s047", "case_00091_s302", "case_00116_s311", "case_00198_s147", "case_00103_s257", "case_00141_s347", "case_00192_s081", "case_00159_s320", "case_00154_s267", "case_00008_s134", "case_00096_s305", "case_00026_s177"], "selected_scores": [0.002347738016396761, 0.002657364821061492, 0.002843806054443121, 0.0026606458704918623, 0.0028249849565327168, 0.002434814814478159, 0.0030702019575983286, 0.0033974756952375174, 0.002817305037751794, 0.0028369578067213297, 0.0024979773443192244, 0.002779326168820262, 0.0025743278674781322, 0.002988104708492756, 0.0027474970556795597, 0.002409763401374221, 0.0024639733601361513, 0.002321565290912986, 0.002532678423449397, 0.003371373750269413, 0.0025914176367223263, 0.0025473982095718384, 0.0027937996201217175, 0.0029066181741654873, 0.0024934138637036085, 0.003786310786381364, 0.0026175102684646845, 0.0023190374486148357, 0.004295178689062595, 0.0025128016714006662, 0.0026631213258951902, 0.002367431065067649, 0.00266054505482316, 0.002341065788641572, 0.0029469230212271214, 0.002622438594698906, 0.003032113891094923, 0.0023610389325767756, 0.002406483981758356, 0.0028730661142617464, 0.003416959196329117, 0.002432098612189293, 0.0024557909928262234, 0.002665820997208357, 0.0025599359069019556, 0.0035417722538113594, 0.002351414179429412, 0.0026820963248610497, 0.002540517831221223, 0.002722173696383834], "selected_pred_fg_ratio": [0.020050048828125, 0.022369384765625, 0.037689208984375, 0.027191162109375, 0.05181121826171875, 0.02577972412109375, 0.006183624267578125, 0.037811279296875, 0.036991119384765625, 0.02982330322265625, 0.012561798095703125, 0.041595458984375, 0.015285491943359375, 0.028781890869140625, 0.0334625244140625, 0.01204681396484375, 0.026767730712890625, 0.030200958251953125, 0.0235443115234375, 0.03910064697265625, 0.027423858642578125, 0.033008575439453125, 0.02548980712890625, 0.018421173095703125, 0.0450286865234375, 0.030364990234375, 0.039348602294921875, 0.02370452880859375, 0.046817779541015625, 0.034381866455078125, 0.05431365966796875, 0.01378631591796875, 0.017566680908203125, 0.026233673095703125, 0.03089141845703125, 0.025264739990234375, 0.02523040771484375, 0.03662109375, 0.0164031982421875, 0.024871826171875, 0.02893829345703125, 0.02710723876953125, 0.02559661865234375, 0.07252120971679688, 0.03479766845703125, 0.034061431884765625, 0.028537750244140625, 0.0300750732421875, 0.028564453125, 0.017704010009765625], "selected_pred_class_dist": [[0.979949951171875, 0.0149688720703125, 0.0050811767578125], [0.977630615234375, 0.022220611572265625, 0.000148773193359375], [0.962310791015625, 0.0328369140625, 0.004852294921875], [0.972808837890625, 0.026531219482421875, 0.000659942626953125], [0.9481887817382812, 0.05181121826171875, 0.0], [0.9742202758789062, 0.008556365966796875, 0.017223358154296875], [0.9938163757324219, 0.006183624267578125, 0.0], [0.962188720703125, 0.037811279296875, 0.0], [0.9630088806152344, 0.02222442626953125, 0.014766693115234375], [0.9701766967773438, 0.02982330322265625, 0.0], [0.9874382019042969, 0.012561798095703125, 0.0], [0.958404541015625, 0.041595458984375, 0.0], [0.9847145080566406, 0.00579071044921875, 0.009494781494140625], [0.9712181091308594, 0.028781890869140625, 0.0], [0.9665374755859375, 0.0322418212890625, 0.001220703125], [0.9879531860351562, 0.0037841796875, 0.00826263427734375], [0.9732322692871094, 0.018573760986328125, 0.0081939697265625], [0.9697990417480469, 0.030200958251953125, 0.0], [0.9764556884765625, 0.022552490234375, 0.0009918212890625], [0.9608993530273438, 0.03910064697265625, 0.0], [0.9725761413574219, 0.027423858642578125, 0.0], [0.9669914245605469, 0.0321502685546875, 0.000858306884765625], [0.9745101928710938, 0.021846771240234375, 0.003643035888671875], [0.9815788269042969, 0.018421173095703125, 0.0], [0.9549713134765625, 0.0450286865234375, 0.0], [0.969635009765625, 0.030364990234375, 0.0], [0.9606513977050781, 0.039348602294921875, 0.0], [0.9762954711914062, 0.02370452880859375, 0.0], [0.9531822204589844, 0.046817779541015625, 0.0], [0.9656181335449219, 0.02864837646484375, 0.005733489990234375], [0.9456863403320312, 0.05431365966796875, 0.0], [0.9862136840820312, 0.004123687744140625, 0.009662628173828125], [0.9824333190917969, 0.017566680908203125, 0.0], [0.9737663269042969, 0.026233673095703125, 0.0], [0.9691085815429688, 0.030811309814453125, 8.0108642578125e-05], [0.9747352600097656, 0.020355224609375, 0.004909515380859375], [0.9747695922851562, 0.013721466064453125, 0.011508941650390625], [0.96337890625, 0.03662109375, 0.0], [0.9835968017578125, 0.0043487548828125, 0.012054443359375], [0.975128173828125, 0.024871826171875, 0.0], [0.9710617065429688, 0.02893829345703125, 0.0], [0.9728927612304688, 0.02710723876953125, 0.0], [0.9744033813476562, 0.02559661865234375, 0.0], [0.9274787902832031, 0.07252120971679688, 0.0], [0.9652023315429688, 0.025478363037109375, 0.009319305419921875], [0.9659385681152344, 0.034061431884765625, 0.0], [0.9714622497558594, 0.028537750244140625, 0.0], [0.9699249267578125, 0.003475189208984375, 0.026599884033203125], [0.971435546875, 0.028564453125, 0.0], [0.9822959899902344, 0.01490020751953125, 0.002803802490234375]], "candidate_count": 2450, "candidate_scores_path": "/groups/echambe2/gmeng/MedAL-Agent/repo/code/runs/frozen_v5/candidate_scores/kits19__P5__s3000__r1.json", "predictions_path": "", "initial_labeled_path": "/groups/echambe2/gmeng/MedAL-Agent/repo/code/runs/frozen_v5/init_sets/kits19__s3000__n25.json", "initial_labeled_ids": [], "selection_diagnostics": {}, "training": {"num_iters": 1000, "batch_size": 12, "lr": 0.001, "image_size": 512, "aspect_preserve": true, "resolution_policy": "longside_pad32", "preproc_cache": {"pool": "hit", "val": "hit"}, "train_runtime_sec": 752.151041507721, "query_runtime_sec": 58.06456995010376, "iters": 1900, "stop_iter": 1900, "mean_loss": 0.27692594182922653, "last_loss": 0.0303451269865036, "stop_reason": "plateau", "hit_max_iters": false, "final_smooth_loss": 0.08272786976769567, "best_smooth_loss": 0.06982017176225781, "diverged": false, "loss_curve": [[1000, 0.1082544526644051], [1100, 0.0960143562965095], [1200, 0.10764252919703722], [1300, 0.08098328109830617], [1400, 0.06982017176225781], [1500, 0.08710918940603733], [1600, 0.07018358724191785], [1700, 0.09745361533015967], [1800, 0.0992078354395926], [1900, 0.08272786976769567]]}, "ckpt_id": "kits19__P5__s3000__r1", "ckpt_path": "", "ckpt_hash": "40590f46af5717eb67c3cc74f13454d8bb7222c68266141d5423804a3709901d", "config_hash": "e4fae46d1c013eb7c36e2eeecfd787bd198e1e60b7f9bf7f044c146e0d2a9270", "feature_cache_keys": {"task_unet": "task_unet_bottleneck@40590f46af57"}, "sam_model_type": "", "sam_checkpoint": "", "metrics": {"primary_metric": "mean_dsc_fg_case_macro", "metric_version": "v3_case_macro", "eval_scope": "case_retained_slices", "mean_dsc_fg_case_macro": 0.46573177372405916, "mean_dsc_fg": 0.46573177372405916, "mean_dsc_fg_pooled_diagnostic": 0.46782259481238747, "dsc_per_class_pooled": [0.9951587213053967, 0.8287241582254348, 0.10692103139934021], "dsc_per_class": [0.9951587213053967, 0.8287241582254348, 0.10692103139934021], "n_cases": 18, "n_eval": 500, "structure_detection_rate": 0.8857142857142857, "missed_structure_rate": 0.11428571428571432}, "runtime_sec": {"train": 752.151041507721, "eval": 8.162079572677612, "select": 58.06456995010376}, "gpu_mem_mb": 9417.150464, "gpu_name": "NVIDIA A40", "gpu_total_mem_mb": 47960.489984, "foundation": {}, "notes": ""}
{"schema_version": "v3", "run_id": "kits19__P5__s3000", "round": 2, "dataset": "kits19", "modality": "ct", "target": "kidney", "dim": "3d", "query_unit": "slice", "seed": 3000, "round_seed": 3002, "component_seeds": {"model_init_seed": 3745551808, "loader_seed": 2465835433, "query_seed": 2701088630, "dropout_seed": 1393056386}, "total_rounds": 7, "budget_denominator": {"full_train_N": 8071, "requested_pool_cap": 5000, "actual_AL_pool_N": 2500, "budget_plan": [25, 50, 100, 176, 250, 375, 500], "fraction_of_AL_pool": 0.2, "fraction_of_full_train": 0.06195019204559534}, "policy_id": "P5", "policy_name": "EntropyCoreSet", "method_version": "1.0", "is_ablation": false, "policy_config": {}, "cumulative_budget": 100, "incremental_query_count": 76, "labeled_count": 100, "labeled_ratio": 0.04, "selected_ids": ["case_00178_s019", "case_00156_s343", "case_00029_s084", "case_00079_s058", "case_00059_s321", "case_00027_s261", "case_00042_s220", "case_00072_s074", "case_00115_s245", "case_00051_s033", "case_00184_s072", "case_00107_s021", "case_00119_s037", "case_00072_s025", "case_00052_s232", "case_00108_s037", "case_00056_s033", "case_00119_s024", "case_00124_s138", "case_00042_s174", "case_00092_s028", "case_00056_s026", "case_00093_s228", "case_00013_s027", "case_00079_s070", "case_00172_s032", "case_00107_s028", "case_00109_s050", "case_00042_s153", "case_00074_s019", "case_00096_s254", "case_00205_s041", "case_00102_s110", "case_00125_s056", "case_00122_s028", "case_00102_s216", "case_00056_s036", "case_00135_s284", "case_00188_s172", "case_00069_s041", "case_00052_s296", "case_00069_s026", "case_00113_s033", "case_00183_s119", "case_00188_s080", "case_00192_s085", "case_00191_s123", "case_00028_s039", "case_00012_s033", "case_00179_s028", "case_00115_s306", "case_00115_s334", "case_00113_s019", "case_00178_s023", "case_00017_s032", "case_00070_s035", "case_00079_s064", "case_00075_s024", "case_00026_s146", "case_00156_s324", "case_00066_s194", "case_00016_s080", "case_00001_s236", "case_00071_s336", "case_00020_s036", "case_00016_s086", "case_00034_s035", "case_00188_s119", "case_00061_s014", "case_00188_s167", "case_00086_s046", "case_00171_s081", "case_00198_s160", "case_00125_s070", "case_00107_s044", "case_00001_s333"], "selected_scores": [0.0018707356648519635, 0.0019319384591653943, 0.002096787327900529, 0.002757950220257044, 0.0018290379084646702, 0.0019975637551397085, 0.002186126308515668, 0.0018020919524133205, 0.0021947382483631372, 0.0018424486042931676, 0.0019391108071431518, 0.0019015197176486254, 0.0025141204241663218, 0.00200234679505229, 0.0022764469031244516, 0.002234592568129301, 0.0018615759909152985, 0.0029978305101394653, 0.0018052792875096202, 0.0022766897454857826, 0.002333191456273198, 0.0019893660210072994, 0.0018077227286994457, 0.002051870571449399, 0.002241038251668215, 0.0025597286876291037, 0.0021196615416556597, 0.0019386945059522986, 0.0018067650962620974, 0.001954415813088417, 0.0019195351051166654, 0.001991007709875703, 0.0018738025100901723, 0.001998849445953965, 0.0026391425635665655, 0.0018461317522451282, 0.0019633870106190443, 0.0022436289582401514, 0.0020189492497593164, 0.001807353924959898, 0.0018011484062299132, 0.0021092239767313004, 0.003088451689109206, 0.0023612543009221554, 0.0023979293182492256, 0.0023183138109743595, 0.0019214459462091327, 0.0022674116771668196, 0.0018169067334383726, 0.0022721532732248306, 0.002151770517230034, 0.0018858527764678001, 0.002832612954080105, 0.0023163717705756426, 0.002155926078557968, 0.002012206707149744, 0.0017927642911672592, 0.002159310504794121, 0.0019440833711996675, 0.0019282400608062744, 0.001970388926565647, 0.0019262832356616855, 0.0018337632063776255, 0.0023537620436400175, 0.0021092325914651155, 0.0018033506348729134, 0.001847395091317594, 0.0022142392117530107, 0.0018360743997618556, 0.0032567314337939024, 0.002380412071943283, 0.0018188041867688298, 0.002572182100266218, 0.0021787609439343214, 0.0017915965290740132, 0.003045950783416629], "selected_pred_fg_ratio": [0.02960968017578125, 0.003604888916015625, 0.00860595703125, 0.056156158447265625, 0.021209716796875, 0.0074005126953125, 0.021236419677734375, 0.0160980224609375, 0.01160430908203125, 0.029293060302734375, 0.0247955322265625, 0.0464935302734375, 0.00897216796875, 0.01428985595703125, 0.0025787353515625, 0.02806854248046875, 0.07262420654296875, 0.05385589599609375, 0.042499542236328125, 0.043781280517578125, 0.0328216552734375, 0.075469970703125, 0.02741241455078125, 0.04103851318359375, 0.03969573974609375, 0.04280853271484375, 0.06728744506835938, 0.023540496826171875, 0.032512664794921875, 0.022785186767578125, 0.011905670166015625, 0.0205841064453125, 0.023853302001953125, 0.016368865966796875, 0.03833770751953125, 0.019191741943359375, 0.07014083862304688, 0.0050048828125, 0.0186920166015625, 0.018260955810546875, 0.02706146240234375, 0.04798126220703125, 0.038280487060546875, 0.0347137451171875, 0.01302337646484375, 0.02265167236328125, 0.027557373046875, 0.039867401123046875, 0.016696929931640625, 0.036590576171875, 0.07102203369140625, 0.013347625732421875, 0.015045166015625, 0.033473968505859375, 0.043277740478515625, 0.0711517333984375, 0.07899093627929688, 0.01667022705078125, 0.007965087890625, 0.014865875244140625, 0.03115081787109375, 0.021259307861328125, 0.027469635009765625, 0.054286956787109375, 0.03234100341796875, 0.019290924072265625, 0.03020477294921875, 0.032482147216796875, 0.02962493896484375, 0.039348602294921875, 0.04178619384765625, 0.03121185302734375, 0.01371002197265625, 0.020763397216796875, 0.018688201904296875, 0.011867523193359375], "selected_pred_class_dist": [[0.9703903198242188, 0.018978118896484375, 0.010631561279296875], [0.9963951110839844, 0.003604888916015625, 0.0], [0.99139404296875, 0.002872467041015625, 0.005733489990234375], [0.9438438415527344, 0.0157318115234375, 0.040424346923828125], [0.978790283203125, 0.021106719970703125, 0.000102996826171875], [0.9925994873046875, 0.006504058837890625, 0.000896453857421875], [0.9787635803222656, 0.001598358154296875, 0.0196380615234375], [0.9839019775390625, 0.014080047607421875, 0.002017974853515625], [0.9883956909179688, 0.011322021484375, 0.00028228759765625], [0.9707069396972656, 0.028079986572265625, 0.00121307373046875], [0.9752044677734375, 0.022216796875, 0.0025787353515625], [0.9535064697265625, 0.0187225341796875, 0.02777099609375], [0.99102783203125, 0.008335113525390625, 0.000637054443359375], [0.9857101440429688, 0.012149810791015625, 0.002140045166015625], [0.9974212646484375, 0.0025787353515625, 0.0], [0.9719314575195312, 0.025417327880859375, 0.002651214599609375], [0.9273757934570312, 0.017047882080078125, 0.055576324462890625], [0.9461441040039062, 0.03399658203125, 0.01985931396484375], [0.9575004577636719, 0.042499542236328125, 0.0], [0.9562187194824219, 0.0312957763671875, 0.012485504150390625], [0.9671783447265625, 0.021427154541015625, 0.011394500732421875], [0.924530029296875, 0.029361724853515625, 0.046108245849609375], [0.9725875854492188, 0.02741241455078125, 0.0], [0.9589614868164062, 0.0347137451171875, 0.00632476806640625], [0.9603042602539062, 0.026981353759765625, 0.012714385986328125], [0.9571914672851562, 0.01781463623046875, 0.024993896484375], [0.9327125549316406, 0.01943206787109375, 0.047855377197265625], [0.9764595031738281, 0.021549224853515625, 0.00199127197265625], [0.9674873352050781, 0.02941131591796875, 0.003101348876953125], [0.9772148132324219, 0.02132415771484375, 0.001461029052734375], [0.9880943298339844, 0.011905670166015625, 0.0], [0.9794158935546875, 0.01827239990234375, 0.00231170654296875], [0.9761466979980469, 0.00504302978515625, 0.018810272216796875], [0.9836311340332031, 0.016368865966796875, 0.0], [0.9616622924804688, 0.03256988525390625, 0.005767822265625], [0.9808082580566406, 0.018863677978515625, 0.00032806396484375], [0.9298591613769531, 0.021656036376953125, 0.04848480224609375], [0.9949951171875, 0.0050048828125, 0.0], [0.9813079833984375, 0.00308990478515625, 0.01560211181640625], [0.9817390441894531, 0.016628265380859375, 0.0016326904296875], [0.9729385375976562, 0.02706146240234375, 0.0], [0.9520187377929688, 0.047893524169921875, 8.7738037109375e-05], [0.9617195129394531, 0.038116455078125, 0.000164031982421875], [0.9652862548828125, 0.03269195556640625, 0.00202178955078125], [0.9869766235351562, 0.011844635009765625, 0.001178741455078125], [0.9773483276367188, 0.003108978271484375, 0.019542694091796875], [0.972442626953125, 0.027557373046875, 0.0], [0.9601325988769531, 0.03975677490234375, 0.000110626220703125], [0.9833030700683594, 0.016696929931640625, 0.0], [0.963409423828125, 0.036590576171875, 0.0], [0.9289779663085938, 0.07102203369140625, 0.0], [0.9866523742675781, 0.012035369873046875, 0.001312255859375], [0.984954833984375, 0.0132904052734375, 0.0017547607421875], [0.9665260314941406, 0.019611358642578125, 0.01386260986328125], [0.9567222595214844, 0.04286956787109375, 0.000408172607421875], [0.9288482666015625, 0.03350830078125, 0.0376434326171875], [0.9210090637207031, 0.020160675048828125, 0.05883026123046875], [0.9833297729492188, 0.01624298095703125, 0.00042724609375], [0.992034912109375, 0.005382537841796875, 0.002582550048828125], [0.9851341247558594, 0.01470947265625, 0.000156402587890625], [0.9688491821289062, 0.027133941650390625, 0.004016876220703125], [0.9787406921386719, 0.019702911376953125, 0.001556396484375], [0.9725303649902344, 0.027469635009765625, 0.0], [0.9457130432128906, 0.054286956787109375, 0.0], [0.9676589965820312, 0.03231048583984375, 3.0517578125e-05], [0.9807090759277344, 0.012638092041015625, 0.00665283203125], [0.9697952270507812, 0.0298919677734375, 0.00031280517578125], [0.9675178527832031, 0.027179718017578125, 0.00530242919921875], [0.9703750610351562, 0.029537200927734375, 8.7738037109375e-05], [0.9606513977050781, 0.029327392578125, 0.010021209716796875], [0.9582138061523438, 0.035068511962890625, 0.006717681884765625], [0.9687881469726562, 0.031200408935546875, 1.1444091796875e-05], [0.9862899780273438, 0.01371002197265625, 0.0], [0.9792366027832031, 0.020763397216796875, 0.0], [0.9813117980957031, 0.0165863037109375, 0.002101898193359375], [0.9881324768066406, 0.011867523193359375, 0.0]], "candidate_count": 2400, "candidate_scores_path": "/groups/echambe2/gmeng/MedAL-Agent/repo/code/runs/frozen_v5/candidate_scores/kits19__P5__s3000__r2.json", "predictions_path": "", "initial_labeled_path": "/groups/echambe2/gmeng/MedAL-Agent/repo/code/runs/frozen_v5/init_sets/kits19__s3000__n25.json", "initial_labeled_ids": [], "selection_diagnostics": {}, "training": {"num_iters": 1000, "batch_size": 12, "lr": 0.001, "image_size": 512, "aspect_preserve": true, "resolution_policy": "longside_pad32", "preproc_cache": {"pool": "hit", "val": "hit"}, "train_runtime_sec": 1400.2485823631287, "query_runtime_sec": 42.49970841407776, "iters": 3600, "stop_iter": 3600, "mean_loss": 0.16935245865645507, "last_loss": 0.10828389972448349, "stop_reason": "plateau", "hit_max_iters": false, "final_smooth_loss": 0.030640319045633076, "best_smooth_loss": 0.03486517619341612, "diverged": true, "loss_curve": [[1000, 0.12501299545168876], [1100, 0.10740625016391277], [1200, 0.10616905640810728], [1300, 0.1230288688465953], [1400, 0.11005815856158734], [1500, 0.08633703969419003], [1600, 0.10200749352574348], [1700, 0.12036254320293666], [1800, 0.0841644436866045], [1900, 0.0783527073264122], [2000, 0.0902393413707614], [2100, 0.06347522635012864], [2200, 0.0593502033688128], [2300, 0.06702341130003334], [2400, 0.06379456877708435], [2500, 0.053594660833477976], [2600, 0.04509838486090303], [2700, 0.046374703347682955], [2800, 0.0730111818946898], [2900, 0.06922676231712104], [3000, 0.049715781901031736], [3100, 0.03486517619341612], [3200, 0.03441316738724708], [3300, 0.03343102056533098], [3400, 0.03413996195420623], [3500, 0.03330225402489304], [3600, 0.030640319045633076]]}, "ckpt_id": "kits19__P5__s3000__r2", "ckpt_path": "", "ckpt_hash": "ca46d78586c2d5c1869455c8e57863bb2742e9dfc7ada0e1435d62129b5fae70", "config_hash": "e4fae46d1c013eb7c36e2eeecfd787bd198e1e60b7f9bf7f044c146e0d2a9270", "feature_cache_keys": {"task_unet": "task_unet_bottleneck@ca46d78586c2"}, "sam_model_type": "", "sam_checkpoint": "", "metrics": {"primary_metric": "mean_dsc_fg_case_macro", "metric_version": "v3_case_macro", "eval_scope": "case_retained_slices", "mean_dsc_fg_case_macro": 0.523023154998577, "mean_dsc_fg": 0.523023154998577, "mean_dsc_fg_pooled_diagnostic": 0.5373657859955918, "dsc_per_class_pooled": [0.9967023132810605, 0.8837984614672187, 0.19093311052396497], "dsc_per_class": [0.9967023132810605, 0.8837984614672187, 0.19093311052396497], "n_cases": 18, "n_eval": 500, "structure_detection_rate": 1.0, "missed_structure_rate": 0.0}, "runtime_sec": {"train": 1400.2485823631287, "eval": 6.515414714813232, "select": 42.49970841407776}, "gpu_mem_mb": 9418.0352, "gpu_name": "NVIDIA A40", "gpu_total_mem_mb": 47960.489984, "foundation": {}, "notes": ""}
