{"schema_version": "v3", "run_id": "mmwhs_ct__P5__s1000", "round": 0, "dataset": "mmwhs_ct", "modality": "ct", "target": "whole_heart", "dim": "3d", "query_unit": "slice", "seed": 1000, "round_seed": 1000, "component_seeds": {"model_init_seed": 2989689681, "loader_seed": 4191542321, "query_seed": 2529548519, "dropout_seed": 3619692248}, "total_rounds": 7, "budget_denominator": {"full_train_N": 10976, "requested_pool_cap": 5000, "actual_AL_pool_N": 4410, "budget_plan": [45, 89, 177, 309, 441, 662, 882], "fraction_of_AL_pool": 0.2, "fraction_of_full_train": 0.08035714285714286}, "policy_id": "P5", "policy_name": "EntropyCoreSet", "method_version": "1.0", "is_ablation": false, "policy_config": {}, "cumulative_budget": 45, "incremental_query_count": 44, "labeled_count": 45, "labeled_ratio": 0.01020408163265306, "selected_ids": ["Case2015_040", "Case1016_073", "Case2004_033", "Case2001_029", "Case7018_081", "Case2004_029", "Case2007_057", "Case2007_081", "Case7006_107", "Case7003_088", "Case2015_055", "Case7009_058", "Case1013_020", "Case2005_044", "Case1017_023", "Case7010_073", "Case1013_054", "Case7018_178", "Case7016_095", "Case2019_066", "Case7003_262", "Case2016_061", "Case7009_063", "Case2011_022", "Case1011_016", "Case2006_024", "Case1006_062", "Case7009_038", "Case2012_048", "Case1013_025", "Case2007_044", "Case2007_056", "Case7010_079", "Case2019_031", "Case2016_040", "Case2010_026", "Case1008_085", "Case2009_022", "Case2009_079", "Case2012_039", "Case1011_133", "Case2001_036", "Case2019_084", "Case2006_030"], "selected_scores": [0.019337374716997147, 0.01586882397532463, 0.01480948831886053, 0.014822976663708687, 0.017649874091148376, 0.016863510012626648, 0.021485906094312668, 0.022557750344276428, 0.016021599993109703, 0.01774282567203045, 0.014979124069213867, 0.018783938139677048, 0.015781549736857414, 0.016953090205788612, 0.01516044232994318, 0.014153278432786465, 0.015002711676061153, 0.01557377353310585, 0.014008303172886372, 0.018420526757836342, 0.01565871201455593, 0.014086045324802399, 0.017151987180113792, 0.01761254295706749, 0.01578875258564949, 0.023015500977635384, 0.016028346493840218, 0.014254589565098286, 0.014134742319583893, 0.015536176972091198, 0.014392783865332603, 0.018451426178216934, 0.015644576400518417, 0.014849659986793995, 0.01457421388477087, 0.015344728715717793, 0.016654517501592636, 0.019630970433354378, 0.019802236929535866, 0.015007113106548786, 0.015653403475880623, 0.016313116997480392, 0.023868732154369354, 0.015361495316028595], "selected_pred_fg_ratio": [0.0951385498046875, 0.12246322631835938, 0.193206787109375, 0.12660980224609375, 0.11563873291015625, 0.17576217651367188, 0.23476028442382812, 0.22751998901367188, 0.17062759399414062, 0.18243789672851562, 0.1874237060546875, 0.13811492919921875, 0.0305328369140625, 0.15279769897460938, 0.05712127685546875, 0.12060546875, 0.06563186645507812, 0.20843887329101562, 0.16141891479492188, 0.265228271484375, 0.08583831787109375, 0.21319580078125, 0.18206405639648438, 0.0699615478515625, 0.030612945556640625, 0.116119384765625, 0.03961944580078125, 0.1106414794921875, 0.056278228759765625, 0.09219741821289062, 0.22135162353515625, 0.2785606384277344, 0.10986709594726562, 0.10514068603515625, 0.16153335571289062, 0.16913223266601562, 0.14617919921875, 0.16285324096679688, 0.2818946838378906, 0.0596771240234375, 0.16436004638671875, 0.22452926635742188, 0.20069122314453125, 0.1563262939453125], "selected_pred_class_dist": [[0.9048614501953125, 0.01534271240234375, 0.025177001953125, 0.014797210693359375, 0.02016448974609375, 0.014293670654296875, 0.00286102294921875, 0.00250244140625], [0.8775367736816406, 0.04764556884765625, 0.0, 0.0064849853515625, 0.005985260009765625, 0.06219482421875, 0.0, 0.000152587890625], [0.806793212890625, 0.07976913452148438, 0.0, 0.04541778564453125, 0.036167144775390625, 0.031192779541015625, 0.00030517578125, 0.000354766845703125], [0.8733901977539062, 0.05145263671875, 0.0, 0.025905609130859375, 0.016845703125, 0.029972076416015625, 0.00243377685546875, 0.0], [0.8843612670898438, 0.012798309326171875, 6.4849853515625e-05, 0.0026702880859375, 0.013401031494140625, 0.085968017578125, 0.0001220703125, 0.000614166259765625], [0.8242378234863281, 0.07024002075195312, 0.0, 0.043651580810546875, 0.032245635986328125, 0.02960968017578125, 1.52587890625e-05, 0.0], [0.7652397155761719, 0.0489501953125, 0.0, 0.041606903076171875, 0.039516448974609375, 0.10450363159179688, 0.00018310546875, 0.0], [0.7724800109863281, 0.043598175048828125, 0.0, 0.055530548095703125, 0.036865234375, 0.08715057373046875, 0.00395965576171875, 0.000415802001953125], [0.8293724060058594, 0.054172515869140625, 0.000270843505859375, 0.03185272216796875, 0.046802520751953125, 0.029613494873046875, 0.006580352783203125, 0.00133514404296875], [0.8175621032714844, 0.058513641357421875, 0.00823211669921875, 0.0437164306640625, 0.043437957763671875, 0.0268707275390625, 0.00138092041015625, 0.000286102294921875], [0.8125762939453125, 0.0400238037109375, 0.032958984375, 0.04070281982421875, 0.033214569091796875, 0.037036895751953125, 0.001026153564453125, 0.002460479736328125], [0.8618850708007812, 0.054500579833984375, 0.0, 0.013072967529296875, 0.015651702880859375, 0.05112457275390625, 7.2479248046875e-05, 0.003692626953125], [0.9694671630859375, 0.00811004638671875, 0.0, 2.6702880859375e-05, 0.0, 0.02213287353515625, 0.000263214111328125, 0.0], [0.8472023010253906, 0.03195953369140625, 0.000461578369140625, 0.0204010009765625, 0.07040023803710938, 0.028835296630859375, 0.000629425048828125, 0.000110626220703125], [0.9428787231445312, 0.037784576416015625, 0.0, 0.002399444580078125, 0.004180908203125, 0.01275634765625, 0.0, 0.0], [0.87939453125, 0.049560546875, 0.0, 0.006008148193359375, 0.00658416748046875, 0.0538482666015625, 0.004459381103515625, 0.00014495849609375], [0.9343681335449219, 0.003765106201171875, 0.0, 0.0, 0.0, 0.0174407958984375, 0.003559112548828125, 0.040866851806640625], [0.7915611267089844, 0.056766510009765625, 0.012813568115234375, 0.06342697143554688, 0.04009246826171875, 0.032382965087890625, 0.002651214599609375, 0.00030517578125], [0.8385810852050781, 0.05388641357421875, 7.62939453125e-06, 0.0318603515625, 0.03261566162109375, 0.0299072265625, 0.01113128662109375, 0.002010345458984375], [0.734771728515625, 0.05527496337890625, 0.050350189208984375, 0.07916641235351562, 0.030963897705078125, 0.034145355224609375, 0.01528167724609375, 4.57763671875e-05], [0.9141616821289062, 0.021541595458984375, 0.0096893310546875, 0.021381378173828125, 0.008544921875, 0.017612457275390625, 0.002254486083984375, 0.00481414794921875], [0.78680419921875, 0.049243927001953125, 0.041919708251953125, 0.044586181640625, 0.0167083740234375, 0.045345306396484375, 0.01229095458984375, 0.003101348876953125], [0.8179359436035156, 0.06685256958007812, 0.0, 0.014629364013671875, 0.04583740234375, 0.054744720458984375, 0.0, 0.0], [0.9300384521484375, 0.01021575927734375, 0.0, 0.000782012939453125, 0.012630462646484375, 0.034786224365234375, 0.00170135498046875, 0.009845733642578125], [0.9693870544433594, 0.007457733154296875, 0.0, 0.0, 0.000152587890625, 0.02300262451171875, 0.0, 0.0], [0.883880615234375, 0.020679473876953125, 1.9073486328125e-05, 0.028656005859375, 0.03723907470703125, 0.018543243408203125, 0.0107879638671875, 0.000194549560546875], [0.9603805541992188, 0.0185546875, 0.0, 0.005626678466796875, 0.010589599609375, 0.004848480224609375, 0.0, 0.0], [0.8893585205078125, 0.02080535888671875, 4.1961669921875e-05, 0.013065338134765625, 0.021961212158203125, 0.047679901123046875, 0.00295257568359375, 0.0041351318359375], [0.9437217712402344, 0.028839111328125, 0.0, 0.00939178466796875, 0.00075531005859375, 0.017292022705078125, 0.0, 0.0], [0.9078025817871094, 0.015918731689453125, 0.0, 0.00089263916015625, 0.0002288818359375, 0.07405471801757812, 0.001102447509765625, 0.0], [0.7786483764648438, 0.0561370849609375, 0.01113128662109375, 0.061122894287109375, 0.04192352294921875, 0.0502166748046875, 0.000820159912109375, 0.0], [0.7214393615722656, 0.05179595947265625, 0.03896331787109375, 0.07258224487304688, 0.04174041748046875, 0.0696868896484375, 0.003536224365234375, 0.000255584716796875], [0.8901329040527344, 0.06439590454101562, 0.0, 0.004749298095703125, 0.0023651123046875, 0.038356781005859375, 0.0, 0.0], [0.8948593139648438, 0.044403076171875, 3.814697265625e-06, 0.031646728515625, 0.016510009765625, 0.01238250732421875, 2.288818359375e-05, 0.000171661376953125], [0.8384666442871094, 0.041255950927734375, 0.00180816650390625, 0.039524078369140625, 0.041233062744140625, 0.025897979736328125, 0.004909515380859375, 0.00690460205078125], [0.8308677673339844, 0.07281494140625, 0.0, 0.040279388427734375, 0.00218963623046875, 0.0538330078125, 1.52587890625e-05, 0.0], [0.85382080078125, 0.04137420654296875, 0.0, 0.024265289306640625, 0.0519866943359375, 0.028553009033203125, 0.0, 0.0], [0.8371467590332031, 0.04257965087890625, 0.00414276123046875, 0.045558929443359375, 0.0400390625, 0.028377532958984375, 0.000499725341796875, 0.00165557861328125], [0.7181053161621094, 0.0480804443359375, 0.042606353759765625, 0.06274032592773438, 0.053905487060546875, 0.03983306884765625, 0.022426605224609375, 0.012302398681640625], [0.9403228759765625, 0.037059783935546875, 0.0, 0.01291656494140625, 0.0, 0.009700775146484375, 0.0, 0.0], [0.8356399536132812, 0.020580291748046875, 0.004486083984375, 0.013824462890625, 0.03034210205078125, 0.03798675537109375, 0.04900360107421875, 0.008136749267578125], [0.7754707336425781, 0.07411956787109375, 0.01311492919921875, 0.046161651611328125, 0.0449981689453125, 0.0403289794921875, 0.00420379638671875, 0.0016021728515625], [0.7993087768554688, 0.0438385009765625, 0.0, 0.0390472412109375, 0.040863037109375, 0.050182342529296875, 0.014190673828125, 0.012569427490234375], [0.8436737060546875, 0.030914306640625, 0.0004119873046875, 0.05319976806640625, 0.0389251708984375, 0.02483367919921875, 0.006916046142578125, 0.001125335693359375]], "candidate_count": 4365, "candidate_scores_path": "/groups/echambe2/gmeng/MedAL-Agent/repo/code/runs/frozen_v5/candidate_scores/mmwhs_ct__P5__s1000__r0.json", "predictions_path": "", "initial_labeled_path": "/groups/echambe2/gmeng/MedAL-Agent/repo/code/runs/frozen_v5/init_sets/mmwhs_ct__s1000__n45.json", "initial_labeled_ids": ["Case1001_131", "Case1001_195", "Case1001_290", "Case1003_257", "Case1006_025", "Case1006_170", "Case1008_000", "Case1008_070", "Case1012_027", "Case1014_071", "Case1014_187", "Case1015_032", "Case1015_213", "Case1019_088", "Case2001_106", "Case2002_006", "Case2005_129", "Case2006_011", "Case2006_041", "Case2007_003", "Case2008_052", "Case2012_108", "Case2017_047", "Case2017_135", "Case2018_111", "Case7001_283", "Case7002_031", "Case7002_234", "Case7004_085", "Case7004_167", "Case7006_035", "Case7008_039", "Case7008_210", "Case7011_140", "Case7012_038", "Case7013_025", "Case7015_015", "Case7015_191", "Case7016_040", "Case7016_047", "Case7016_211", "Case7018_036", "Case7019_016", "Case7019_075", "Case7019_119"], "selection_diagnostics": {}, "training": {"num_iters": 1000, "batch_size": 12, "lr": 0.001, "image_size": 512, "aspect_preserve": true, "resolution_policy": "longside_pad32", "preproc_cache": {"pool": "hit", "val": "hit"}, "train_runtime_sec": 309.5006010532379, "query_runtime_sec": 148.59748649597168, "iters": 2500, "stop_iter": 2500, "mean_loss": 0.4238027076050639, "last_loss": 0.044172048568725586, "stop_reason": "plateau", "hit_max_iters": false, "final_smooth_loss": 0.07353566154837608, "best_smooth_loss": 0.06764185655862093, "diverged": false, "loss_curve": [[1000, 0.3496175456047058], [1100, 0.2709278789162636], [1200, 0.21096178144216537], [1300, 0.18203557327389716], [1400, 0.16727823384106158], [1500, 0.11592653714120388], [1600, 0.12207921706140042], [1700, 0.0886505763977766], [1800, 0.08620286520570516], [1900, 0.08371692270040512], [2000, 0.06764185655862093], [2100, 0.06580422505736351], [2200, 0.0665778573602438], [2300, 0.09075842928141356], [2400, 0.08436660937964917], [2500, 0.07353566154837608]]}, "ckpt_id": "mmwhs_ct__P5__s1000__r0", "ckpt_path": "", "ckpt_hash": "b0acbef51fb6d10d54fe021e665a5c8de4a5721878a6f771a054f18e6c81eded", "config_hash": "7ebca8ec370db95f4582303d7788f3404030b37f656a80eed8796ef746481a9f", "feature_cache_keys": {"task_unet": "task_unet_bottleneck@b0acbef51fb6"}, "sam_model_type": "", "sam_checkpoint": "", "metrics": {"primary_metric": "mean_dsc_fg_case_macro", "metric_version": "v3_case_macro", "eval_scope": "case_retained_slices", "mean_dsc_fg_case_macro": 0.5980992583995915, "mean_dsc_fg": 0.5980992583995915, "mean_dsc_fg_pooled_diagnostic": 0.6425670357253489, "dsc_per_class_pooled": [0.9864949104479762, 0.7157412817576114, 0.6969863210454815, 0.7369579524765254, 0.6261568662591791, 0.6033058939693606, 0.540377783159208, 0.5784431514100761], "dsc_per_class": [0.9864949104479762, 0.7157412817576114, 0.6969863210454815, 0.7369579524765254, 0.6261568662591791, 0.6033058939693606, 0.540377783159208, 0.5784431514100761], "n_cases": 6, "n_eval": 500, "structure_detection_rate": 1.0, "missed_structure_rate": 0.0}, "runtime_sec": {"train": 309.5006010532379, "eval": 4.986441373825073, "select": 148.59748649597168}, "gpu_mem_mb": 9430.9248, "gpu_name": "NVIDIA H100 80GB HBM3", "gpu_total_mem_mb": 85294.972928, "foundation": {}, "notes": ""}
{"schema_version": "v3", "run_id": "mmwhs_ct__P5__s1000", "round": 1, "dataset": "mmwhs_ct", "modality": "ct", "target": "whole_heart", "dim": "3d", "query_unit": "slice", "seed": 1000, "round_seed": 1001, "component_seeds": {"model_init_seed": 1028625171, "loader_seed": 316625031, "query_seed": 253434028, "dropout_seed": 3317428529}, "total_rounds": 7, "budget_denominator": {"full_train_N": 10976, "requested_pool_cap": 5000, "actual_AL_pool_N": 4410, "budget_plan": [45, 89, 177, 309, 441, 662, 882], "fraction_of_AL_pool": 0.2, "fraction_of_full_train": 0.08035714285714286}, "policy_id": "P5", "policy_name": "EntropyCoreSet", "method_version": "1.0", "is_ablation": false, "policy_config": {}, "cumulative_budget": 89, "incremental_query_count": 88, "labeled_count": 89, "labeled_ratio": 0.02018140589569161, "selected_ids": ["Case2004_161", "Case7012_063", "Case1001_116", "Case1003_057", "Case1001_149", "Case2009_038", "Case1001_108", "Case1011_041", "Case7008_129", "Case7011_084", "Case1016_121", "Case1019_105", "Case2008_077", "Case2018_052", "Case7012_074", "Case2007_106", "Case1019_001", "Case2008_061", "Case2004_150", "Case2010_043", "Case1017_108", "Case2004_071", "Case1006_069", "Case7003_160", "Case1006_097", "Case2001_043", "Case1016_162", "Case2015_074", "Case1003_108", "Case2011_053", "Case2015_135", "Case2001_082", "Case2017_114", "Case7013_092", "Case1001_122", "Case7013_075", "Case2020_064", "Case2007_116", "Case2001_056", "Case7009_048", "Case1001_312", "Case1016_207", "Case7012_071", "Case7001_172", "Case7013_144", "Case7004_205", "Case2015_084", "Case7001_196", "Case1014_220", "Case7009_074", "Case2010_107", "Case2020_130", "Case2004_082", "Case1003_153", "Case7020_140", "Case2011_069", "Case2010_094", "Case1001_232", "Case7013_087", "Case7011_081", "Case2006_092", "Case7011_173", "Case2008_058", "Case2010_116", "Case7010_133", "Case2010_058", "Case1003_194", "Case1008_153", "Case7013_107", "Case7008_147", "Case7009_125", "Case2015_120", "Case2008_071", "Case2007_088", "Case2010_085", "Case1001_164", "Case2008_110", "Case7009_159", "Case2006_051", "Case2006_071", "Case2007_104", "Case1016_142", "Case1001_157", "Case1006_085", "Case2018_069", "Case2004_121", "Case7002_159", "Case2020_077"], "selected_scores": [0.00995873473584652, 0.0098810363560915, 0.010252456180751324, 0.009780783206224442, 0.010980944149196148, 0.01218370720744133, 0.012566056102514267, 0.011765084229409695, 0.010280821472406387, 0.010928696021437645, 0.011161921545863152, 0.011417967267334461, 0.01477635558694601, 0.009946418926119804, 0.014896959066390991, 0.013756067492067814, 0.009678035974502563, 0.011839263141155243, 0.011624600738286972, 0.012548806145787239, 0.010394968092441559, 0.011447694152593613, 0.01154295727610588, 0.010203441604971886, 0.009930714964866638, 0.011105330660939217, 0.011857963167130947, 0.01152189914137125, 0.009496411308646202, 0.011339855380356312, 0.01355449203401804, 0.0110968928784132, 0.014082862064242363, 0.0105734933167696, 0.010823761112987995, 0.0095279011875391, 0.010771484114229679, 0.011013193987309933, 0.014953073114156723, 0.010575651191174984, 0.009449508972465992, 0.009889277629554272, 0.01022964995354414, 0.011022806167602539, 0.01460128091275692, 0.011958008632063866, 0.014221899211406708, 0.012296109460294247, 0.01151135005056858, 0.01001471746712923, 0.012533401139080524, 0.00989457219839096, 0.010027891024947166, 0.012853152118623257, 0.00965231005102396, 0.010368118062615395, 0.010679380036890507, 0.0182928629219532, 0.011492457240819931, 0.014822827652096748, 0.010248123668134212, 0.010019641369581223, 0.01303083635866642, 0.010622730478644371, 0.010466529056429863, 0.01096088532358408, 0.00946430116891861, 0.009723015129566193, 0.011388563551008701, 0.011748824268579483, 0.011941860429942608, 0.01202972512692213, 0.01281152293086052, 0.01097034104168415, 0.009647415019571781, 0.011417560279369354, 0.0105863893404603, 0.009923772886395454, 0.010269503109157085, 0.012397969141602516, 0.010633311234414577, 0.014083175919950008, 0.010195891372859478, 0.013969275169074535, 0.009742215275764465, 0.010431215167045593, 0.010676048696041107, 0.011952385306358337], "selected_pred_fg_ratio": [0.12887954711914062, 0.2001953125, 0.16689300537109375, 0.07004928588867188, 0.2594490051269531, 0.26288604736328125, 0.12629318237304688, 0.1277313232421875, 0.13080596923828125, 0.17926406860351562, 0.25487518310546875, 0.06621932983398438, 0.18545150756835938, 0.16311264038085938, 0.2242431640625, 0.14305877685546875, 0.028751373291015625, 0.17870712280273438, 0.12761688232421875, 0.29538726806640625, 0.11990737915039062, 0.2575263977050781, 0.07143402099609375, 0.14111709594726562, 0.12065887451171875, 0.23325729370117188, 0.2655601501464844, 0.2627830505371094, 0.2673492431640625, 0.16817474365234375, 0.19040298461914062, 0.20044708251953125, 0.15358352661132812, 0.19367218017578125, 0.19543838500976562, 0.15970230102539062, 0.25061798095703125, 0.13958358764648438, 0.31333160400390625, 0.157196044921875, 0.12746810913085938, 0.1814422607421875, 0.22270584106445312, 0.18500518798828125, 0.27611541748046875, 0.10535049438476562, 0.27819061279296875, 0.17059707641601562, 0.1612091064453125, 0.23954391479492188, 0.11846542358398438, 0.11435699462890625, 0.2648277282714844, 0.2586936950683594, 0.1419830322265625, 0.14249038696289062, 0.20669174194335938, 0.18129348754882812, 0.19536972045898438, 0.10817337036132812, 0.19243621826171875, 0.16537857055664062, 0.162322998046875, 0.11192703247070312, 0.2554931640625, 0.3272552490234375, 0.1554718017578125, 0.09552001953125, 0.247344970703125, 0.15004348754882812, 0.23135757446289062, 0.2810096740722656, 0.188751220703125, 0.24980926513671875, 0.260498046875, 0.26845550537109375, 0.12472152709960938, 0.15900039672851562, 0.2532997131347656, 0.2823753356933594, 0.14253997802734375, 0.2731666564941406, 0.2657203674316406, 0.14145278930664062, 0.22016525268554688, 0.16570281982421875, 0.17949295043945312, 0.27849578857421875], "selected_pred_class_dist": [[0.8711204528808594, 0.009613037109375, 0.010341644287109375, 0.00122833251953125, 0.001728057861328125, 0.028392791748046875, 0.0355072021484375, 0.0420684814453125], [0.7998046875, 0.08198165893554688, 0.0, 0.021007537841796875, 0.0424652099609375, 0.05474090576171875, 0.0, 0.0], [0.8331069946289062, 0.062244415283203125, 0.0, 0.00072479248046875, 0.02679443359375, 0.07712936401367188, 0.0, 0.0], [0.9299507141113281, 0.021083831787109375, 0.0, 0.000293731689453125, 0.0005035400390625, 0.048168182373046875, 0.0, 0.0], [0.7405509948730469, 0.059741973876953125, 0.002033233642578125, 0.040019989013671875, 0.08209228515625, 0.0755615234375, 0.0, 0.0], [0.7371139526367188, 0.050830841064453125, 0.003826141357421875, 0.08588790893554688, 0.06000518798828125, 0.058917999267578125, 0.00341796875, 0.0], [0.8737068176269531, 0.0527801513671875, 0.0, 0.0, 0.008331298828125, 0.06518173217773438, 0.0, 0.0], [0.8722686767578125, 0.056941986083984375, 0.0, 0.01486968994140625, 0.006603240966796875, 0.04931640625, 0.0, 0.0], [0.8691940307617188, 0.021137237548828125, 0.00450897216796875, 0.03647613525390625, 0.025035858154296875, 0.03723907470703125, 9.1552734375e-05, 0.006317138671875], [0.8207359313964844, 0.07280731201171875, 0.0, 0.021785736083984375, 0.017818450927734375, 0.06685256958007812, 0.0, 0.0], [0.7451248168945312, 0.057018280029296875, 0.00612640380859375, 0.07912063598632812, 0.03168487548828125, 0.08072662353515625, 0.0001983642578125, 0.0], [0.9337806701660156, 0.033573150634765625, 0.001861572265625, 0.002582550048828125, 0.012233734130859375, 0.015811920166015625, 0.0, 0.000156402587890625], [0.8145484924316406, 0.06973648071289062, 0.020599365234375, 0.023250579833984375, 0.03691864013671875, 0.022579193115234375, 0.0099639892578125, 0.00240325927734375], [0.8368873596191406, 0.05649566650390625, 0.0059051513671875, 0.06815338134765625, 0.0085296630859375, 0.0214691162109375, 0.002315521240234375, 0.000244140625], [0.7757568359375, 0.06659698486328125, 0.01253509521484375, 0.031261444091796875, 0.04897308349609375, 0.061183929443359375, 0.0023651123046875, 0.0013275146484375], [0.8569412231445312, 0.014495849609375, 0.0269012451171875, 0.016391754150390625, 0.003387451171875, 0.0160369873046875, 0.032085418701171875, 0.03376007080078125], [0.9712486267089844, 0.012386322021484375, 0.0, 0.0, 0.0, 0.01636505126953125, 0.0, 0.0], [0.8212928771972656, 0.0981292724609375, 0.0024261474609375, 0.01947784423828125, 0.034137725830078125, 0.0245361328125, 0.0, 0.0], [0.8723831176757812, 0.00339508056640625, 0.02327728271484375, 0.004863739013671875, 0.002529144287109375, 0.0122528076171875, 0.040172576904296875, 0.041126251220703125], [0.7046127319335938, 0.06925582885742188, 0.00945281982421875, 0.10262298583984375, 0.047908782958984375, 0.0661468505859375, 0.0, 0.0], [0.8800926208496094, 0.0261077880859375, 0.0, 0.01902008056640625, 0.026691436767578125, 0.0477142333984375, 0.0, 0.00037384033203125], [0.7424736022949219, 0.06884384155273438, 0.0087432861328125, 0.06868362426757812, 0.07407379150390625, 0.037181854248046875, 0.0, 0.0], [0.9285659790039062, 0.018032073974609375, 0.002079010009765625, 0.012134552001953125, 0.002185821533203125, 0.0299835205078125, 0.004199981689453125, 0.002819061279296875], [0.8588829040527344, 0.039459228515625, 0.038848876953125, 0.00269317626953125, 0.00203704833984375, 0.02301025390625, 0.0296478271484375, 0.005420684814453125], [0.8793411254882812, 0.024394989013671875, 0.02230072021484375, 0.02133941650390625, 0.030979156494140625, 0.01737213134765625, 6.103515625e-05, 0.00421142578125], [0.7667427062988281, 0.0988006591796875, 0.011226654052734375, 0.06335830688476562, 0.03090667724609375, 0.028095245361328125, 0.00077056884765625, 9.918212890625e-05], [0.7344398498535156, 0.036769866943359375, 0.0621795654296875, 0.07258224487304688, 0.0478515625, 0.045574188232421875, 0.00060272216796875, 0.0], [0.7372169494628906, 0.031345367431640625, 0.032428741455078125, 0.07452774047851562, 0.06256866455078125, 0.06116485595703125, 0.00030517578125, 0.0004425048828125], [0.7326507568359375, 0.0553436279296875, 0.0017852783203125, 0.09734725952148438, 0.055156707763671875, 0.05771636962890625, 0.0, 0.0], [0.8318252563476562, 0.05782318115234375, 0.015323638916015625, 0.0294189453125, 0.01589202880859375, 0.0325775146484375, 0.013210296630859375, 0.00392913818359375], [0.8095970153808594, 0.0280914306640625, 0.06564712524414062, 0.01102447509765625, 0.013553619384765625, 0.002471923828125, 0.04206085205078125, 0.027553558349609375], [0.7995529174804688, 0.03701019287109375, 0.08720016479492188, 0.007129669189453125, 0.01743316650390625, 0.00554656982421875, 0.043926239013671875, 0.002201080322265625], [0.8464164733886719, 0.004062652587890625, 0.036792755126953125, 0.0, 0.022220611572265625, 0.0092620849609375, 0.053432464599609375, 0.027812957763671875], [0.8063278198242188, 0.057743072509765625, 0.01953125, 0.05658721923828125, 0.00865936279296875, 0.04911041259765625, 0.00069427490234375, 0.001346588134765625], [0.8045616149902344, 0.07252883911132812, 0.0, 0.01036834716796875, 0.042362213134765625, 0.07017898559570312, 0.0, 0.0], [0.8402976989746094, 0.06758880615234375, 0.0, 0.0579986572265625, 0.00357818603515625, 0.030536651611328125, 0.0, 0.0], [0.7493820190429688, 0.09002685546875, 0.00273895263671875, 0.05237579345703125, 0.043392181396484375, 0.056858062744140625, 0.00522613525390625, 0.0], [0.8604164123535156, 0.002902984619140625, 0.008575439453125, 0.001735687255859375, 0.012149810791015625, 0.022068023681640625, 0.050537109375, 0.041614532470703125], [0.6866683959960938, 0.07221603393554688, 0.050197601318359375, 0.0734405517578125, 0.06473922729492188, 0.036243438720703125, 0.01470184326171875, 0.00179290771484375], [0.842803955078125, 0.076934814453125, 0.0, 0.004840850830078125, 0.0265045166015625, 0.048915863037109375, 0.0, 0.0], [0.8725318908691406, 0.0, 0.001415252685546875, 0.0, 0.0, 0.0275115966796875, 0.041522979736328125, 0.057018280029296875], [0.8185577392578125, 0.02503204345703125, 0.064605712890625, 0.0, 0.02384185791015625, 0.034572601318359375, 0.031711578369140625, 0.001678466796875], [0.7772941589355469, 0.07893753051757812, 0.00054931640625, 0.04405975341796875, 0.038997650146484375, 0.059741973876953125, 0.00041961669921875, 0.0], [0.8149948120117188, 0.0305023193359375, 0.037017822265625, 0.04320526123046875, 0.045742034912109375, 0.020599365234375, 0.0036468505859375, 0.004291534423828125], [0.7238845825195312, 0.06392669677734375, 0.076629638671875, 0.040615081787109375, 0.038860321044921875, 0.032451629638671875, 0.023632049560546875, 0.0], [0.8946495056152344, 0.025424957275390625, 0.02594757080078125, 0.004150390625, 0.0088653564453125, 0.020450592041015625, 0.016788482666015625, 0.00372314453125], [0.7218093872070312, 0.025821685791015625, 0.06711196899414062, 0.058193206787109375, 0.04923248291015625, 0.07147598266601562, 6.103515625e-05, 0.00629425048828125], [0.8294029235839844, 0.02544403076171875, 0.061336517333984375, 0.021144866943359375, 0.01568603515625, 0.013217926025390625, 0.019596099853515625, 0.014171600341796875], [0.8387908935546875, 0.009059906005859375, 0.06888580322265625, 0.00473785400390625, 0.025569915771484375, 0.0152740478515625, 0.027133941650390625, 0.010547637939453125], [0.7604560852050781, 0.06726455688476562, 0.032268524169921875, 0.0445404052734375, 0.06414031982421875, 0.031330108642578125, 0.0, 0.0], [0.8815345764160156, 0.0015411376953125, 0.017513275146484375, 0.001434326171875, 0.0115814208984375, 0.018646240234375, 0.03997802734375, 0.02777099609375], [0.8856430053710938, 3.814697265625e-05, 0.00318145751953125, 3.814697265625e-06, 0.012485504150390625, 0.005985260009765625, 0.039417266845703125, 0.05324554443359375], [0.7351722717285156, 0.058238983154296875, 0.046916961669921875, 0.06503677368164062, 0.06415939331054688, 0.03005218505859375, 0.000423431396484375, 0.0], [0.7413063049316406, 0.038486480712890625, 0.05635833740234375, 0.06093597412109375, 0.048290252685546875, 0.051177978515625, 0.003444671630859375, 0.0], [0.8580169677734375, 0.0282135009765625, 0.047092437744140625, 0.002613067626953125, 0.025745391845703125, 0.013599395751953125, 0.020458221435546875, 0.004261016845703125], [0.8575096130371094, 0.039348602294921875, 0.036396026611328125, 0.010669708251953125, 0.013416290283203125, 0.015186309814453125, 0.0151214599609375, 0.01235198974609375], [0.7933082580566406, 0.0395050048828125, 0.0644683837890625, 0.009738922119140625, 0.021282196044921875, 0.040721893310546875, 0.02548980712890625, 0.00548553466796875], [0.8187065124511719, 0.013317108154296875, 0.058589935302734375, 0.00858306884765625, 0.0250091552734375, 0.01447296142578125, 0.041194915771484375, 0.0201263427734375], [0.8046302795410156, 0.06305313110351562, 0.01029205322265625, 0.06524276733398438, 0.008148193359375, 0.048126220703125, 0.00022125244140625, 0.000286102294921875], [0.8918266296386719, 0.053462982177734375, 0.0, 0.005035400390625, 0.002628326416015625, 0.047046661376953125, 0.0, 0.0], [0.8075637817382812, 0.013668060302734375, 0.08948135375976562, 0.008083343505859375, 0.020160675048828125, 0.011852264404296875, 0.033634185791015625, 0.01555633544921875], [0.8346214294433594, 0.03395843505859375, 0.06410598754882812, 0.00041961669921875, 0.009246826171875, 0.012660980224609375, 0.034572601318359375, 0.01041412353515625], [0.837677001953125, 0.08398818969726562, 0.0, 0.025081634521484375, 0.02941131591796875, 0.02384185791015625, 0.0, 0.0], [0.8880729675292969, 0.013393402099609375, 0.0, 0.00110626220703125, 6.4849853515625e-05, 0.022769927978515625, 0.027622222900390625, 0.046970367431640625], [0.7445068359375, 0.059581756591796875, 0.056346893310546875, 0.03588104248046875, 0.055572509765625, 0.037525177001953125, 0.010585784912109375, 0.0], [0.6727447509765625, 0.06026458740234375, 0.06383895874023438, 0.09554672241210938, 0.06402969360351562, 0.043575286865234375, 0.0, 0.0], [0.8445281982421875, 0.01055908203125, 0.057277679443359375, 0.00168609619140625, 0.01694488525390625, 0.03467559814453125, 0.0247344970703125, 0.009593963623046875], [0.90447998046875, 0.006641387939453125, 0.02858734130859375, 0.001682281494140625, 0.020320892333984375, 0.00860595703125, 0.02120208740234375, 0.008480072021484375], [0.752655029296875, 0.0586395263671875, 0.04944610595703125, 0.056682586669921875, 0.034542083740234375, 0.038753509521484375, 0.009281158447265625, 0.0], [0.8499565124511719, 0.03436279296875, 0.018695831298828125, 0.03338623046875, 0.020961761474609375, 0.0304107666015625, 0.003688812255859375, 0.00853729248046875], [0.7686424255371094, 0.049251556396484375, 0.06812667846679688, 0.017185211181640625, 0.044918060302734375, 0.023487091064453125, 0.02529144287109375, 0.0030975341796875], [0.7189903259277344, 0.03873443603515625, 0.09611892700195312, 0.048870086669921875, 0.0378570556640625, 0.038311004638671875, 0.020984649658203125, 0.000133514404296875], [0.811248779296875, 0.0742645263671875, 0.014556884765625, 0.028278350830078125, 0.038822174072265625, 0.02605438232421875, 0.005390167236328125, 0.001384735107421875], [0.7501907348632812, 0.041622161865234375, 0.09865570068359375, 0.0229644775390625, 0.02359771728515625, 0.027072906494140625, 0.03589630126953125, 0.0], [0.739501953125, 0.055248260498046875, 0.08052444458007812, 0.030597686767578125, 0.024868011474609375, 0.04988861083984375, 0.01937103271484375, 0.0], [0.7315444946289062, 0.055370330810546875, 0.033416748046875, 0.050373077392578125, 0.09030914306640625, 0.03720855712890625, 0.00177764892578125, 0.0], [0.8752784729003906, 0.016323089599609375, 0.03913116455078125, 0.00733184814453125, 0.03025054931640625, 0.003742218017578125, 0.0159912109375, 0.011951446533203125], [0.8409996032714844, 0.002361297607421875, 0.06731414794921875, 0.0, 0.013912200927734375, 0.01091766357421875, 0.04911041259765625, 0.015384674072265625], [0.7467002868652344, 0.045612335205078125, 0.019580841064453125, 0.07564926147460938, 0.057437896728515625, 0.054412841796875, 0.000606536865234375, 0.0], [0.7176246643066406, 0.04290008544921875, 0.09814071655273438, 0.039302825927734375, 0.033603668212890625, 0.051494598388671875, 0.01541900634765625, 0.001514434814453125], [0.8574600219726562, 0.00533294677734375, 0.037628173828125, 0.0075531005859375, 0.002567291259765625, 0.015483856201171875, 0.037181854248046875, 0.036792755126953125], [0.7268333435058594, 0.038646697998046875, 0.045185089111328125, 0.07593154907226562, 0.051677703857421875, 0.059902191162109375, 0.00182342529296875, 0.0], [0.7342796325683594, 0.058345794677734375, 0.0226287841796875, 0.04715728759765625, 0.08760452270507812, 0.049983978271484375, 0.0, 0.0], [0.8585472106933594, 0.025936126708984375, 0.01810455322265625, 0.01116943359375, 0.04079437255859375, 0.0267181396484375, 0.008235931396484375, 0.010494232177734375], [0.7798347473144531, 0.051227569580078125, 0.033550262451171875, 0.07448577880859375, 0.031986236572265625, 0.0289154052734375, 0.0, 0.0], [0.8342971801757812, 0.01113128662109375, 0.08768463134765625, 0.01261138916015625, 0.017139434814453125, 0.007846832275390625, 0.0157623291015625, 0.01352691650390625], [0.8205070495605469, 0.024478912353515625, 0.06826400756835938, 0.001850128173828125, 0.03545379638671875, 0.02089691162109375, 0.021869659423828125, 0.006679534912109375], [0.7215042114257812, 0.0703582763671875, 0.047161102294921875, 0.05745697021484375, 0.048564910888671875, 0.0439453125, 0.01100921630859375, 0.0]], "candidate_count": 4321, "candidate_scores_path": "/groups/echambe2/gmeng/MedAL-Agent/repo/code/runs/frozen_v5/candidate_scores/mmwhs_ct__P5__s1000__r1.json", "predictions_path": "", "initial_labeled_path": "/groups/echambe2/gmeng/MedAL-Agent/repo/code/runs/frozen_v5/init_sets/mmwhs_ct__s1000__n45.json", "initial_labeled_ids": [], "selection_diagnostics": {}, "training": {"num_iters": 1000, "batch_size": 12, "lr": 0.001, "image_size": 512, "aspect_preserve": true, "resolution_policy": "longside_pad32", "preproc_cache": {"pool": "hit", "val": "hit"}, "train_runtime_sec": 439.57428455352783, "query_runtime_sec": 319.0345182418823, "iters": 3400, "stop_iter": 3400, "mean_loss": 0.40926618959426003, "last_loss": 0.07194943726062775, "stop_reason": "plateau", "hit_max_iters": false, "final_smooth_loss": 0.0878613843023777, "best_smooth_loss": 0.08886014517396688, "diverged": false, "loss_curve": [[1000, 0.5108753526210785], [1100, 0.3994019603729248], [1200, 0.29653809130191805], [1300, 0.2679403604567051], [1400, 0.24266414523124694], [1500, 0.2267813953012228], [1600, 0.18100473798811437], [1700, 0.1644179567694664], [1800, 0.15531754329800607], [1900, 0.15157255187630653], [2000, 0.14004137627780439], [2100, 0.1371483573317528], [2200, 0.12260323062539101], [2300, 0.12205904837697744], [2400, 0.12229986198246479], [2500, 0.11298773065209389], [2600, 0.11857471384108066], [2700, 0.1375603438168764], [2800, 0.1098299640417099], [2900, 0.08886014517396688], [3000, 0.10643090184777976], [3100, 0.09522604655474425], [3200, 0.088478995077312], [3300, 0.08409534826874733], [3400, 0.0878613843023777]]}, "ckpt_id": "mmwhs_ct__P5__s1000__r1", "ckpt_path": "", "ckpt_hash": "18a2f1f2106576e3b98a7c89b022ad816d3aba8ffb489a1fb31ecd8951fc78c5", "config_hash": "7ebca8ec370db95f4582303d7788f3404030b37f656a80eed8796ef746481a9f", "feature_cache_keys": {"task_unet": "task_unet_bottleneck@18a2f1f21065"}, "sam_model_type": "", "sam_checkpoint": "", "metrics": {"primary_metric": "mean_dsc_fg_case_macro", "metric_version": "v3_case_macro", "eval_scope": "case_retained_slices", "mean_dsc_fg_case_macro": 0.6569189670841559, "mean_dsc_fg": 0.6569189670841559, "mean_dsc_fg_pooled_diagnostic": 0.6936196641263945, "dsc_per_class_pooled": [0.9872868758085604, 0.7630902412335863, 0.7209304607451789, 0.8205281944145174, 0.6646762952163997, 0.6640404161154175, 0.6494827247898108, 0.5725893163698511], "dsc_per_class": [0.9872868758085604, 0.7630902412335863, 0.7209304607451789, 0.8205281944145174, 0.6646762952163997, 0.6640404161154175, 0.6494827247898108, 0.5725893163698511], "n_cases": 6, "n_eval": 500, "structure_detection_rate": 1.0, "missed_structure_rate": 0.0}, "runtime_sec": {"train": 439.57428455352783, "eval": 6.973999261856079, "select": 319.0345182418823}, "gpu_mem_mb": 9480.298496, "gpu_name": "NVIDIA H100 80GB HBM3", "gpu_total_mem_mb": 85294.972928, "foundation": {}, "notes": ""}
