{"schema_version": "v3", "run_id": "mmwhs_ct__P1__s1000", "round": 0, "dataset": "mmwhs_ct", "modality": "ct", "target": "whole_heart", "dim": "3d", "query_unit": "slice", "seed": 1000, "round_seed": 1000, "component_seeds": {"model_init_seed": 2989689681, "loader_seed": 4191542321, "query_seed": 2529548519, "dropout_seed": 3619692248}, "total_rounds": 7, "budget_denominator": {"full_train_N": 10976, "requested_pool_cap": 5000, "actual_AL_pool_N": 4410, "budget_plan": [45, 89, 177, 309, 441, 662, 882], "fraction_of_AL_pool": 0.2, "fraction_of_full_train": 0.08035714285714286}, "policy_id": "P1", "policy_name": "EntropyFull", "method_version": "1.0", "is_ablation": false, "policy_config": {}, "cumulative_budget": 45, "incremental_query_count": 44, "labeled_count": 45, "labeled_ratio": 0.01020408163265306, "selected_ids": ["Case2010_040", "Case2019_088", "Case2019_084", "Case2010_036", "Case2006_024", "Case2010_028", "Case2009_020", "Case2001_031", "Case2007_081", "Case2007_054", "Case2007_088", "Case2010_032", "Case2007_057", "Case2010_062", "Case2001_034", "Case2019_091", "Case2015_087", "Case1011_012", "Case2010_043", "Case2015_115", "Case2010_058", "Case2009_079", "Case2007_075", "Case7018_083", "Case2009_022", "Case2015_086", "Case2010_075", "Case2001_035", "Case2015_040", "Case2009_021", "Case2009_080", "Case2015_093", "Case2001_073", "Case7009_053", "Case7009_048", "Case7009_058", "Case7018_080", "Case7009_060", "Case2015_111", "Case2009_070", "Case2010_048", "Case2007_056", "Case2009_083", "Case2019_066"], "selected_scores": [0.024374594911932945, 0.024293949827551842, 0.023868732154369354, 0.0235090684145689, 0.023015500977635384, 0.022826243191957474, 0.022736860439181328, 0.022628307342529297, 0.022557750344276428, 0.02199007198214531, 0.021979575976729393, 0.021565664559602737, 0.021485906094312668, 0.02112354151904583, 0.02103433385491371, 0.02099703624844551, 0.02079758420586586, 0.020709693431854248, 0.02069157175719738, 0.020634155720472336, 0.020428568124771118, 0.019802236929535866, 0.019700558856129646, 0.019672058522701263, 0.019630970433354378, 0.019448835402727127, 0.019440295174717903, 0.01935490220785141, 0.019337374716997147, 0.01928779110312462, 0.019283778965473175, 0.019180508330464363, 0.019095657393336296, 0.018931102007627487, 0.018929937854409218, 0.018783938139677048, 0.01877761445939541, 0.018668288365006447, 0.01865646243095398, 0.018589798361063004, 0.018457312136888504, 0.018451426178216934, 0.018450817093253136, 0.018420526757836342], "selected_pred_fg_ratio": [0.28908538818359375, 0.19296646118164062, 0.20069122314453125, 0.26923370361328125, 0.116119384765625, 0.2168426513671875, 0.13318252563476562, 0.17759323120117188, 0.22751998901367188, 0.2691802978515625, 0.20737075805664062, 0.25772857666015625, 0.23476028442382812, 0.3372459411621094, 0.20684051513671875, 0.17936325073242188, 0.2848396301269531, 0.05551910400390625, 0.2904510498046875, 0.2674980163574219, 0.3414039611816406, 0.2818946838378906, 0.2751045227050781, 0.0637664794921875, 0.16285324096679688, 0.2802581787109375, 0.29811859130859375, 0.20267105102539062, 0.0951385498046875, 0.1322021484375, 0.2830696105957031, 0.2774620056152344, 0.25548553466796875, 0.10218429565429688, 0.08830642700195312, 0.13811492919921875, 0.13547515869140625, 0.194305419921875, 0.2731819152832031, 0.3001861572265625, 0.2957763671875, 0.2785606384277344, 0.2747230529785156, 0.265228271484375], "selected_pred_class_dist": [[0.7109146118164062, 0.05931854248046875, 0.0183868408203125, 0.08917617797851562, 0.06058502197265625, 0.060329437255859375, 0.00121307373046875, 7.62939453125e-05], [0.8070335388183594, 0.041553497314453125, 8.0108642578125e-05, 0.045429229736328125, 0.03472137451171875, 0.03131103515625, 0.028949737548828125, 0.010921478271484375], [0.7993087768554688, 0.0438385009765625, 0.0, 0.0390472412109375, 0.040863037109375, 0.050182342529296875, 0.014190673828125, 0.012569427490234375], [0.7307662963867188, 0.06511688232421875, 0.006717681884765625, 0.08642578125, 0.055919647216796875, 0.053363800048828125, 0.0006561279296875, 0.001033782958984375], [0.883880615234375, 0.020679473876953125, 1.9073486328125e-05, 0.028656005859375, 0.03723907470703125, 0.018543243408203125, 0.0107879638671875, 0.000194549560546875], [0.7831573486328125, 0.07129669189453125, 0.0, 0.05963134765625, 0.0309906005859375, 0.05487060546875, 5.340576171875e-05, 0.0], [0.8668174743652344, 0.038860321044921875, 0.00333404541015625, 0.03118896484375, 0.032257080078125, 0.02545928955078125, 0.0002899169921875, 0.00179290771484375], [0.8224067687988281, 0.058483123779296875, 0.000705718994140625, 0.03415679931640625, 0.03339385986328125, 0.0474395751953125, 0.003414154052734375, 0.0], [0.7724800109863281, 0.043598175048828125, 0.0, 0.055530548095703125, 0.036865234375, 0.08715057373046875, 0.00395965576171875, 0.000415802001953125], [0.7308197021484375, 0.05413818359375, 0.01099395751953125, 0.09157943725585938, 0.035137176513671875, 0.07397842407226562, 0.00238800048828125, 0.000965118408203125], [0.7926292419433594, 0.047496795654296875, 0.0, 0.042720794677734375, 0.029388427734375, 0.08423995971679688, 0.002170562744140625, 0.001354217529296875], [0.7422714233398438, 0.07270050048828125, 0.000217437744140625, 0.07794189453125, 0.050228118896484375, 0.054767608642578125, 0.001873016357421875, 0.0], [0.7652397155761719, 0.0489501953125, 0.0, 0.041606903076171875, 0.039516448974609375, 0.10450363159179688, 0.00018310546875, 0.0], [0.6627540588378906, 0.05951690673828125, 0.07257461547851562, 0.07504653930664062, 0.08041000366210938, 0.044109344482421875, 0.005588531494140625, 0.0], [0.7931594848632812, 0.06406021118164062, 9.918212890625e-05, 0.03742218017578125, 0.0473480224609375, 0.05390167236328125, 0.0025177001953125, 0.001491546630859375], [0.8206367492675781, 0.03539276123046875, 0.000255584716796875, 0.03784942626953125, 0.017971038818359375, 0.013671875, 0.047954559326171875, 0.02626800537109375], [0.7151603698730469, 0.032543182373046875, 0.06995773315429688, 0.0450439453125, 0.054676055908203125, 0.06345748901367188, 0.01715087890625, 0.002010345458984375], [0.9444808959960938, 0.030391693115234375, 0.0, 7.62939453125e-06, 0.00014495849609375, 0.024974822998046875, 0.0, 0.0], [0.7095489501953125, 0.059783935546875, 0.040569305419921875, 0.07421875, 0.0697479248046875, 0.045993804931640625, 0.0001373291015625, 0.0], [0.7325019836425781, 0.033802032470703125, 0.055667877197265625, 0.053699493408203125, 0.055622100830078125, 0.044826507568359375, 0.017578125, 0.0063018798828125], [0.6585960388183594, 0.06085205078125, 0.05828094482421875, 0.09053802490234375, 0.07939529418945312, 0.047698974609375, 0.004638671875, 0.0], [0.7181053161621094, 0.0480804443359375, 0.042606353759765625, 0.06274032592773438, 0.053905487060546875, 0.03983306884765625, 0.022426605224609375, 0.012302398681640625], [0.7248954772949219, 0.04988861083984375, 0.07526397705078125, 0.058620452880859375, 0.03199005126953125, 0.053142547607421875, 0.00489044189453125, 0.001308441162109375], [0.9362335205078125, 0.013683319091796875, 0.0, 0.002086639404296875, 0.0, 0.04799652099609375, 0.0, 0.0], [0.8371467590332031, 0.04257965087890625, 0.00414276123046875, 0.045558929443359375, 0.0400390625, 0.028377532958984375, 0.000499725341796875, 0.00165557861328125], [0.7197418212890625, 0.0314788818359375, 0.06908798217773438, 0.047222137451171875, 0.053417205810546875, 0.062164306640625, 0.0163116455078125, 0.000576019287109375], [0.7018814086914062, 0.050434112548828125, 0.0706024169921875, 0.06667327880859375, 0.04892730712890625, 0.047275543212890625, 0.013088226318359375, 0.001117706298828125], [0.7973289489746094, 0.07096099853515625, 0.001983642578125, 0.04238128662109375, 0.0406494140625, 0.0396881103515625, 0.00489044189453125, 0.002117156982421875], [0.9048614501953125, 0.01534271240234375, 0.025177001953125, 0.014797210693359375, 0.02016448974609375, 0.014293670654296875, 0.00286102294921875, 0.00250244140625], [0.8677978515625, 0.037876129150390625, 0.00429534912109375, 0.032501220703125, 0.03261566162109375, 0.0239715576171875, 3.4332275390625e-05, 0.00090789794921875], [0.7169303894042969, 0.047855377197265625, 0.044002532958984375, 0.061405181884765625, 0.05367279052734375, 0.04378509521484375, 0.020397186279296875, 0.011951446533203125], [0.7225379943847656, 0.02202606201171875, 0.06426620483398438, 0.049655914306640625, 0.055511474609375, 0.07349777221679688, 0.01229095458984375, 0.000213623046875], [0.7445144653320312, 0.051731109619140625, 0.0655670166015625, 0.026485443115234375, 0.042842864990234375, 0.0306854248046875, 0.029819488525390625, 0.00835418701171875], [0.8978157043457031, 0.048748016357421875, 0.0, 0.0118255615234375, 0.0022735595703125, 0.03603363037109375, 0.000209808349609375, 0.003093719482421875], [0.9116935729980469, 0.034877777099609375, 0.0, 0.008098602294921875, 0.000675201416015625, 0.040821075439453125, 0.003387451171875, 0.000446319580078125], [0.8618850708007812, 0.054500579833984375, 0.0, 0.013072967529296875, 0.015651702880859375, 0.05112457275390625, 7.2479248046875e-05, 0.003692626953125], [0.8645248413085938, 0.011783599853515625, 0.00206756591796875, 0.00186920166015625, 0.02620697021484375, 0.091949462890625, 0.000957489013671875, 0.000640869140625], [0.805694580078125, 0.0577850341796875, 0.0, 0.018932342529296875, 0.03888702392578125, 0.07378387451171875, 0.000179290771484375, 0.00473785400390625], [0.7268180847167969, 0.02877044677734375, 0.045970916748046875, 0.05919647216796875, 0.058246612548828125, 0.05661773681640625, 0.016994476318359375, 0.00738525390625], [0.6998138427734375, 0.04151153564453125, 0.04943084716796875, 0.078887939453125, 0.0698699951171875, 0.03240966796875, 0.023891448974609375, 0.004184722900390625], [0.7042236328125, 0.0551605224609375, 0.01910400390625, 0.09930801391601562, 0.07801055908203125, 0.042911529541015625, 0.00119781494140625, 8.392333984375e-05], [0.7214393615722656, 0.05179595947265625, 0.03896331787109375, 0.07258224487304688, 0.04174041748046875, 0.0696868896484375, 0.003536224365234375, 0.000255584716796875], [0.7252769470214844, 0.0475006103515625, 0.041259765625, 0.06681442260742188, 0.0499725341796875, 0.046276092529296875, 0.0177154541015625, 0.005184173583984375], [0.734771728515625, 0.05527496337890625, 0.050350189208984375, 0.07916641235351562, 0.030963897705078125, 0.034145355224609375, 0.01528167724609375, 4.57763671875e-05]], "candidate_count": 4365, "candidate_scores_path": "/groups/echambe2/gmeng/MedAL-Agent/repo/code/runs/frozen_v5/candidate_scores/mmwhs_ct__P1__s1000__r0.json", "predictions_path": "", "initial_labeled_path": "/groups/echambe2/gmeng/MedAL-Agent/repo/code/runs/frozen_v5/init_sets/mmwhs_ct__s1000__n45.json", "initial_labeled_ids": ["Case1001_131", "Case1001_195", "Case1001_290", "Case1003_257", "Case1006_025", "Case1006_170", "Case1008_000", "Case1008_070", "Case1012_027", "Case1014_071", "Case1014_187", "Case1015_032", "Case1015_213", "Case1019_088", "Case2001_106", "Case2002_006", "Case2005_129", "Case2006_011", "Case2006_041", "Case2007_003", "Case2008_052", "Case2012_108", "Case2017_047", "Case2017_135", "Case2018_111", "Case7001_283", "Case7002_031", "Case7002_234", "Case7004_085", "Case7004_167", "Case7006_035", "Case7008_039", "Case7008_210", "Case7011_140", "Case7012_038", "Case7013_025", "Case7015_015", "Case7015_191", "Case7016_040", "Case7016_047", "Case7016_211", "Case7018_036", "Case7019_016", "Case7019_075", "Case7019_119"], "selection_diagnostics": {}, "training": {"num_iters": 1000, "batch_size": 12, "lr": 0.001, "image_size": 512, "aspect_preserve": true, "resolution_policy": "longside_pad32", "preproc_cache": {"pool": "hit", "val": "hit"}, "train_runtime_sec": 310.28098702430725, "query_runtime_sec": 134.93285727500916, "iters": 2500, "stop_iter": 2500, "mean_loss": 0.4238027076050639, "last_loss": 0.044172048568725586, "stop_reason": "plateau", "hit_max_iters": false, "final_smooth_loss": 0.07353566154837608, "best_smooth_loss": 0.06764185655862093, "diverged": false, "loss_curve": [[1000, 0.3496175456047058], [1100, 0.2709278789162636], [1200, 0.21096178144216537], [1300, 0.18203557327389716], [1400, 0.16727823384106158], [1500, 0.11592653714120388], [1600, 0.12207921706140042], [1700, 0.0886505763977766], [1800, 0.08620286520570516], [1900, 0.08371692270040512], [2000, 0.06764185655862093], [2100, 0.06580422505736351], [2200, 0.0665778573602438], [2300, 0.09075842928141356], [2400, 0.08436660937964917], [2500, 0.07353566154837608]]}, "ckpt_id": "mmwhs_ct__P1__s1000__r0", "ckpt_path": "", "ckpt_hash": "b0acbef51fb6d10d54fe021e665a5c8de4a5721878a6f771a054f18e6c81eded", "config_hash": "7ebca8ec370db95f4582303d7788f3404030b37f656a80eed8796ef746481a9f", "feature_cache_keys": {}, "sam_model_type": "", "sam_checkpoint": "", "metrics": {"primary_metric": "mean_dsc_fg_case_macro", "metric_version": "v3_case_macro", "eval_scope": "case_retained_slices", "mean_dsc_fg_case_macro": 0.5980992583995915, "mean_dsc_fg": 0.5980992583995915, "mean_dsc_fg_pooled_diagnostic": 0.6425670357253489, "dsc_per_class_pooled": [0.9864949104479762, 0.7157412817576114, 0.6969863210454815, 0.7369579524765254, 0.6261568662591791, 0.6033058939693606, 0.540377783159208, 0.5784431514100761], "dsc_per_class": [0.9864949104479762, 0.7157412817576114, 0.6969863210454815, 0.7369579524765254, 0.6261568662591791, 0.6033058939693606, 0.540377783159208, 0.5784431514100761], "n_cases": 6, "n_eval": 500, "structure_detection_rate": 1.0, "missed_structure_rate": 0.0}, "runtime_sec": {"train": 310.28098702430725, "eval": 4.990705251693726, "select": 134.93285727500916}, "gpu_mem_mb": 9430.9248, "gpu_name": "NVIDIA H100 80GB HBM3", "gpu_total_mem_mb": 85294.972928, "foundation": {}, "notes": ""}
{"schema_version": "v3", "run_id": "mmwhs_ct__P1__s1000", "round": 1, "dataset": "mmwhs_ct", "modality": "ct", "target": "whole_heart", "dim": "3d", "query_unit": "slice", "seed": 1000, "round_seed": 1001, "component_seeds": {"model_init_seed": 1028625171, "loader_seed": 316625031, "query_seed": 253434028, "dropout_seed": 3317428529}, "total_rounds": 7, "budget_denominator": {"full_train_N": 10976, "requested_pool_cap": 5000, "actual_AL_pool_N": 4410, "budget_plan": [45, 89, 177, 309, 441, 662, 882], "fraction_of_AL_pool": 0.2, "fraction_of_full_train": 0.08035714285714286}, "policy_id": "P1", "policy_name": "EntropyFull", "method_version": "1.0", "is_ablation": false, "policy_config": {}, "cumulative_budget": 89, "incremental_query_count": 88, "labeled_count": 89, "labeled_ratio": 0.02018140589569161, "selected_ids": ["Case1006_085", "Case1006_081", "Case1006_075", "Case2016_087", "Case7016_101", "Case1006_097", "Case1006_072", "Case1017_106", "Case7012_075", "Case7012_131", "Case7012_074", "Case1001_258", "Case1001_235", "Case2007_117", "Case1001_232", "Case7016_099", "Case2011_049", "Case1003_071", "Case1006_090", "Case1006_101", "Case1013_070", "Case2016_090", "Case1001_238", "Case2011_053", "Case7006_137", "Case2011_062", "Case7006_109", "Case1006_094", "Case2020_064", "Case1006_069", "Case1001_239", "Case7012_134", "Case7002_101", "Case1001_116", "Case1006_095", "Case7012_109", "Case7006_111", "Case7015_163", "Case2004_156", "Case1006_115", "Case1001_118", "Case1006_106", "Case2017_114", "Case7012_128", "Case2016_038", "Case2007_029", "Case7006_177", "Case7012_135", "Case1011_088", "Case7006_107", "Case1017_108", "Case7002_096", "Case2004_153", "Case7012_108", "Case7002_098", "Case2020_067", "Case7013_151", "Case1019_127", "Case1019_123", "Case2006_050", "Case7002_102", "Case2019_042", "Case2010_116", "Case1011_087", "Case1006_105", "Case2019_044", "Case2017_112", "Case7012_110", "Case2016_077", "Case2011_041", "Case7002_112", "Case1003_057", "Case2004_151", "Case7012_085", "Case7013_187", "Case1013_058", "Case2006_051", "Case7011_084", "Case2016_097", "Case7012_078", "Case7016_083", "Case2004_157", "Case2011_055", "Case2020_108", "Case2007_116", "Case1013_065", "Case7012_120", "Case7006_139"], "selected_scores": [0.01814001239836216, 0.018117159605026245, 0.018070220947265625, 0.0179453082382679, 0.017184320837259293, 0.01689952239394188, 0.016717975959181786, 0.016594907268881798, 0.0165588166564703, 0.0165310837328434, 0.016404923051595688, 0.016258230432868004, 0.01619529165327549, 0.0161117110401392, 0.016069332137703896, 0.016055751591920853, 0.016007766127586365, 0.015768779441714287, 0.015579906292259693, 0.015570040792226791, 0.015459060668945312, 0.015306219458580017, 0.015222067013382912, 0.015130710788071156, 0.015122036449611187, 0.015113635919988155, 0.01508781872689724, 0.01507922075688839, 0.015056336298584938, 0.014974282123148441, 0.01480203028768301, 0.01471860334277153, 0.0146050825715065, 0.014574611559510231, 0.014533227309584618, 0.014467870816588402, 0.014409002847969532, 0.014351996593177319, 0.014265041798353195, 0.01415429636836052, 0.014132047072052956, 0.014090759679675102, 0.014075846411287785, 0.014069727621972561, 0.014067431911826134, 0.01399244274944067, 0.013988311402499676, 0.01392890140414238, 0.013895680196583271, 0.01387697085738182, 0.013858876191079617, 0.013835705816745758, 0.013811604119837284, 0.013783043250441551, 0.013754159212112427, 0.013745009899139404, 0.013738095760345459, 0.013714000582695007, 0.013712099753320217, 0.013708210550248623, 0.013681611977517605, 0.01364796794950962, 0.013609771616756916, 0.013608677312731743, 0.013571822084486485, 0.01349012739956379, 0.013477916829288006, 0.013476155698299408, 0.01347457617521286, 0.013436144217848778, 0.013408130966126919, 0.01335563138127327, 0.013244546949863434, 0.013241581618785858, 0.013215555809438229, 0.013186347670853138, 0.013185117393732071, 0.013180428184568882, 0.013174730353057384, 0.013155372813344002, 0.013117816299200058, 0.013112908229231834, 0.01310481783002615, 0.01308854203671217, 0.013074103742837906, 0.013058594428002834, 0.013038787990808487, 0.013031220063567162], "selected_pred_fg_ratio": [0.16632843017578125, 0.18068695068359375, 0.1793212890625, 0.23014450073242188, 0.20251846313476562, 0.14439773559570312, 0.17752838134765625, 0.10153579711914062, 0.216827392578125, 0.24007415771484375, 0.20877838134765625, 0.15863800048828125, 0.19067764282226562, 0.134674072265625, 0.19762039184570312, 0.18599700927734375, 0.1721954345703125, 0.13474273681640625, 0.16619110107421875, 0.14299774169921875, 0.11914825439453125, 0.23375701904296875, 0.18590164184570312, 0.15361404418945312, 0.20057296752929688, 0.15201568603515625, 0.15031051635742188, 0.15525054931640625, 0.24997329711914062, 0.17396926879882812, 0.18450927734375, 0.22132492065429688, 0.15488815307617188, 0.14020919799804688, 0.1534423828125, 0.289154052734375, 0.140228271484375, 0.19123458862304688, 0.14080810546875, 0.12450027465820312, 0.12589263916015625, 0.13115692138671875, 0.16321945190429688, 0.24749755859375, 0.13261795043945312, 0.11413955688476562, 0.17988967895507812, 0.21996688842773438, 0.22107315063476562, 0.11991119384765625, 0.13265228271484375, 0.14174270629882812, 0.13547897338867188, 0.29445648193359375, 0.14218521118164062, 0.2671165466308594, 0.2812538146972656, 0.1051177978515625, 0.0930023193359375, 0.2563323974609375, 0.16590499877929688, 0.20634841918945312, 0.1272430419921875, 0.22266387939453125, 0.13249969482421875, 0.21639251708984375, 0.17043685913085938, 0.2866249084472656, 0.24005126953125, 0.1640625, 0.20677947998046875, 0.051013946533203125, 0.1266632080078125, 0.2760162353515625, 0.16216278076171875, 0.0576171875, 0.2591972351074219, 0.15813446044921875, 0.21459579467773438, 0.2618560791015625, 0.11576461791992188, 0.13654708862304688, 0.15241241455078125, 0.1688385009765625, 0.12952423095703125, 0.09984588623046875, 0.27312469482421875, 0.20554351806640625], "selected_pred_class_dist": [[0.8336715698242188, 0.026519775390625, 0.014797210693359375, 0.034839630126953125, 0.034946441650390625, 0.028484344482421875, 0.015316009521484375, 0.011425018310546875], [0.8193130493164062, 0.035312652587890625, 0.01001739501953125, 0.031269073486328125, 0.0401458740234375, 0.0398712158203125, 0.01392364501953125, 0.0101470947265625], [0.8206787109375, 0.036647796630859375, 0.004062652587890625, 0.025814056396484375, 0.046573638916015625, 0.0586395263671875, 0.002300262451171875, 0.005283355712890625], [0.7698554992675781, 0.0374908447265625, 0.060657501220703125, 0.06319046020507812, 0.013378143310546875, 0.0325927734375, 0.01459503173828125, 0.00823974609375], [0.7974815368652344, 0.06657028198242188, 0.002323150634765625, 0.03253173828125, 0.03711700439453125, 0.04953765869140625, 0.006542205810546875, 0.00789642333984375], [0.8556022644042969, 0.01045989990234375, 0.0135345458984375, 0.0292816162109375, 0.029376983642578125, 0.029270172119140625, 0.022716522216796875, 0.00975799560546875], [0.8224716186523438, 0.03521728515625, 0.0031280517578125, 0.024715423583984375, 0.04857635498046875, 0.059917449951171875, 0.00597381591796875, 0.0], [0.8984642028808594, 0.022891998291015625, 3.0517578125e-05, 0.011730194091796875, 0.01950836181640625, 0.047374725341796875, 0.0, 0.0], [0.783172607421875, 0.05135345458984375, 0.0074920654296875, 0.03525543212890625, 0.05438995361328125, 0.04914093017578125, 0.016448974609375, 0.00274658203125], [0.7599258422851562, 0.04575347900390625, 0.07451629638671875, 0.01610565185546875, 0.047454833984375, 0.02417755126953125, 0.028842926025390625, 0.003223419189453125], [0.7912216186523438, 0.0569000244140625, 0.00713348388671875, 0.03394317626953125, 0.04958343505859375, 0.052158355712890625, 0.007007598876953125, 0.00205230712890625], [0.8413619995117188, 0.013202667236328125, 0.058406829833984375, 0.00390625, 0.000736236572265625, 0.02199554443359375, 0.02716827392578125, 0.033222198486328125], [0.8093223571777344, 0.016391754150390625, 0.07358932495117188, 0.02068328857421875, 0.02243804931640625, 0.021228790283203125, 0.0237274169921875, 0.0126190185546875], [0.865325927734375, 0.010009765625, 0.031642913818359375, 0.00861358642578125, 0.0194549560546875, 0.012004852294921875, 0.02986907958984375, 0.02307891845703125], [0.8023796081542969, 0.02104949951171875, 0.06902313232421875, 0.026744842529296875, 0.0256500244140625, 0.023571014404296875, 0.022594451904296875, 0.0089874267578125], [0.8140029907226562, 0.06280136108398438, 0.00128173828125, 0.02114105224609375, 0.038272857666015625, 0.0519256591796875, 0.002407073974609375, 0.008167266845703125], [0.8278045654296875, 0.06531906127929688, 0.02433013916015625, 0.0284576416015625, 0.00225830078125, 0.028411865234375, 0.016765594482421875, 0.00665283203125], [0.8652572631835938, 0.041576385498046875, 0.001026153564453125, 0.02671051025390625, 0.008556365966796875, 0.056873321533203125, 0.0, 0.0], [0.8338088989257812, 0.022701263427734375, 0.015472412109375, 0.03356170654296875, 0.0289764404296875, 0.030483245849609375, 0.01995086669921875, 0.015045166015625], [0.8570022583007812, 0.013179779052734375, 0.01958465576171875, 0.02706146240234375, 0.026275634765625, 0.023082733154296875, 0.0222015380859375, 0.0116119384765625], [0.8808517456054688, 0.03791046142578125, 0.0006103515625, 0.023380279541015625, 0.018825531005859375, 0.037353515625, 0.00081634521484375, 0.00025177001953125], [0.7662429809570312, 0.03939056396484375, 0.07498931884765625, 0.06841278076171875, 0.00994110107421875, 0.027278900146484375, 0.010967254638671875, 0.002777099609375], [0.8140983581542969, 0.01865386962890625, 0.07004547119140625, 0.02352142333984375, 0.01905059814453125, 0.01732635498046875, 0.02256011962890625, 0.014743804931640625], [0.8463859558105469, 0.051654815673828125, 0.006931304931640625, 0.032726287841796875, 0.00225830078125, 0.028308868408203125, 0.018650054931640625, 0.01308441162109375], [0.7994270324707031, 0.059741973876953125, 0.00616455078125, 0.039974212646484375, 0.0250091552734375, 0.036876678466796875, 0.02462005615234375, 0.00818634033203125], [0.8479843139648438, 0.0431060791015625, 0.0278167724609375, 0.01778411865234375, 0.00386810302734375, 0.029018402099609375, 0.019947052001953125, 0.01047515869140625], [0.8496894836425781, 0.0637054443359375, 0.0, 0.0252838134765625, 0.025150299072265625, 0.035491943359375, 0.000453948974609375, 0.000225067138671875], [0.8447494506835938, 0.01728057861328125, 0.015575408935546875, 0.02677154541015625, 0.029323577880859375, 0.0341796875, 0.0209808349609375, 0.011138916015625], [0.7500267028808594, 0.09088897705078125, 0.000118255615234375, 0.067718505859375, 0.035930633544921875, 0.0529632568359375, 0.002353668212890625, 0.0], [0.8260307312011719, 0.03659820556640625, 0.00012969970703125, 0.02819061279296875, 0.044712066650390625, 0.059879302978515625, 0.004459381103515625, 0.0], [0.81549072265625, 0.01827239990234375, 0.07576751708984375, 0.0167083740234375, 0.015842437744140625, 0.019405364990234375, 0.020343780517578125, 0.018169403076171875], [0.7786750793457031, 0.04155731201171875, 0.07815933227539062, 0.0060882568359375, 0.032810211181640625, 0.023509979248046875, 0.03676605224609375, 0.00243377685546875], [0.8451118469238281, 0.0665283203125, 0.0, 0.02268218994140625, 0.021152496337890625, 0.044460296630859375, 6.4849853515625e-05, 0.0], [0.8597908020019531, 0.060760498046875, 0.0, 0.0020599365234375, 0.0154266357421875, 0.061962127685546875, 0.0, 0.0], [0.8465576171875, 0.016666412353515625, 0.01454925537109375, 0.02574920654296875, 0.029876708984375, 0.034564971923828125, 0.021148681640625, 0.01088714599609375], [0.710845947265625, 0.054050445556640625, 0.07878494262695312, 0.038036346435546875, 0.0626068115234375, 0.04358673095703125, 0.012088775634765625, 0.0], [0.859771728515625, 0.06441497802734375, 0.00014495849609375, 0.024036407470703125, 0.012630462646484375, 0.03836822509765625, 0.00063323974609375, 0.0], [0.8087654113769531, 0.031345367431640625, 0.08408737182617188, 0.011539459228515625, 0.026699066162109375, 0.005157470703125, 0.030666351318359375, 0.001739501953125], [0.85919189453125, 0.012664794921875, 0.018199920654296875, 0.008632659912109375, 0.020145416259765625, 0.007823944091796875, 0.0370941162109375, 0.03624725341796875], [0.8754997253417969, 0.012042999267578125, 0.0404815673828125, 0.023601531982421875, 0.011569976806640625, 0.014812469482421875, 0.01569366455078125, 0.006298065185546875], [0.8741073608398438, 0.05533599853515625, 0.0, 0.00348663330078125, 0.01332855224609375, 0.053741455078125, 0.0, 0.0], [0.8688430786132812, 0.007434844970703125, 0.0278778076171875, 0.02496337890625, 0.014690399169921875, 0.018764495849609375, 0.023899078369140625, 0.01352691650390625], [0.8367805480957031, 0.0111083984375, 0.05141448974609375, 0.008945465087890625, 0.017040252685546875, 0.0055999755859375, 0.04265594482421875, 0.026454925537109375], [0.75250244140625, 0.050106048583984375, 0.07151031494140625, 0.023075103759765625, 0.043743133544921875, 0.029541015625, 0.02814483642578125, 0.001377105712890625], [0.8673820495605469, 0.0475006103515625, 0.0, 0.02459716796875, 0.006084442138671875, 0.048358917236328125, 0.005924224853515625, 0.000152587890625], [0.8858604431152344, 0.045185089111328125, 0.00016021728515625, 0.001857757568359375, 0.018505096435546875, 0.048431396484375, 0.0, 0.0], [0.8201103210449219, 0.053863525390625, 0.044525146484375, 0.023983001708984375, 0.007671356201171875, 0.01074981689453125, 0.03255462646484375, 0.006542205810546875], [0.7800331115722656, 0.04095458984375, 0.07848739624023438, 0.0077056884765625, 0.03299713134765625, 0.020450592041015625, 0.037601470947265625, 0.00177001953125], [0.7789268493652344, 0.0485076904296875, 0.016002655029296875, 0.07693099975585938, 0.030834197998046875, 0.048797607421875, 0.0, 0.0], [0.8800888061523438, 0.061321258544921875, 0.0, 0.018894195556640625, 0.010761260986328125, 0.028919219970703125, 1.52587890625e-05, 0.0], [0.8673477172851562, 0.028293609619140625, 0.001251220703125, 0.019969940185546875, 0.035701751708984375, 0.047435760498046875, 0.0, 0.0], [0.8582572937011719, 0.06269073486328125, 0.0, 0.0121917724609375, 0.020633697509765625, 0.04622650146484375, 0.0, 0.0], [0.8645210266113281, 0.013011932373046875, 0.023059844970703125, 0.004245758056640625, 0.01558685302734375, 0.01213836669921875, 0.037715911865234375, 0.029720306396484375], [0.7055435180664062, 0.055011749267578125, 0.0763702392578125, 0.044925689697265625, 0.06272125244140625, 0.041713714599609375, 0.013713836669921875, 0.0], [0.8578147888183594, 0.06698226928710938, 0.0, 0.012115478515625, 0.015239715576171875, 0.047847747802734375, 0.0, 0.0], [0.7328834533691406, 0.08023834228515625, 0.01905059814453125, 0.07605361938476562, 0.03388214111328125, 0.05341339111328125, 0.00447845458984375, 0.0], [0.7187461853027344, 0.07456588745117188, 0.0673370361328125, 0.05712127685546875, 0.050258636474609375, 0.00998687744140625, 0.021984100341796875, 0.0], [0.8948822021484375, 0.0427093505859375, 0.0047607421875, 0.004856109619140625, 0.01016998291015625, 0.032154083251953125, 0.002307891845703125, 0.008159637451171875], [0.9069976806640625, 0.0320892333984375, 0.005767822265625, 0.000518798828125, 0.007877349853515625, 0.030040740966796875, 0.000988006591796875, 0.015720367431640625], [0.7436676025390625, 0.05031585693359375, 0.01212310791015625, 0.09286880493164062, 0.044586181640625, 0.0530548095703125, 0.003383636474609375, 0.0], [0.8340950012207031, 0.06736373901367188, 0.0, 0.0308837890625, 0.02306365966796875, 0.04412841796875, 9.5367431640625e-05, 0.000370025634765625], [0.7936515808105469, 0.059101104736328125, 0.011829376220703125, 0.061553955078125, 0.014888763427734375, 0.053680419921875, 0.0052947998046875, 0.0], [0.8727569580078125, 0.009548187255859375, 0.03115081787109375, 0.002864837646484375, 0.00211334228515625, 0.01145172119140625, 0.024139404296875, 0.0459747314453125], [0.7773361206054688, 0.04871368408203125, 0.01755523681640625, 0.07562255859375, 0.031826019287109375, 0.048946380615234375, 0.0, 0.0], [0.8675003051757812, 0.0081329345703125, 0.024814605712890625, 0.027130126953125, 0.017009735107421875, 0.017772674560546875, 0.0251922607421875, 0.012447357177734375], [0.7836074829101562, 0.05651092529296875, 0.01125335693359375, 0.07170486450195312, 0.019603729248046875, 0.050472259521484375, 0.006557464599609375, 0.0002899169921875], [0.8295631408691406, 0.009716033935546875, 0.05933380126953125, 0.01247406005859375, 0.021625518798828125, 0.009044647216796875, 0.037353515625, 0.0208892822265625], [0.7133750915527344, 0.0535888671875, 0.07983779907226562, 0.034420013427734375, 0.06489944458007812, 0.040576934814453125, 0.013301849365234375, 0.0], [0.75994873046875, 0.044132232666015625, 0.03981781005859375, 0.07573699951171875, 0.024669647216796875, 0.04451751708984375, 0.010791778564453125, 0.000385284423828125], [0.8359375, 0.06259536743164062, 0.0161895751953125, 0.024959564208984375, 0.000518798828125, 0.01424407958984375, 0.027439117431640625, 0.018115997314453125], [0.7932205200195312, 0.0687103271484375, 0.003387451171875, 0.049480438232421875, 0.036571502685546875, 0.04071807861328125, 0.00785064697265625, 6.103515625e-05], [0.9489860534667969, 0.016475677490234375, 0.0, 0.00235748291015625, 0.0010986328125, 0.0310821533203125, 0.0, 0.0], [0.8733367919921875, 0.011417388916015625, 0.026844024658203125, 0.001041412353515625, 0.012287139892578125, 0.018890380859375, 0.0376434326171875, 0.0185394287109375], [0.7239837646484375, 0.0703887939453125, 0.04491424560546875, 0.04979705810546875, 0.05916595458984375, 0.0408477783203125, 0.0108184814453125, 8.392333984375e-05], [0.8378372192382812, 0.026798248291015625, 0.0606231689453125, 4.57763671875e-05, 0.0188751220703125, 0.0090179443359375, 0.03064727783203125, 0.016155242919921875], [0.9423828125, 0.009540557861328125, 0.0, 0.005420684814453125, 0.00556182861328125, 0.037067413330078125, 7.62939453125e-06, 1.9073486328125e-05], [0.7408027648925781, 0.052730560302734375, 0.022373199462890625, 0.08990859985351562, 0.040493011474609375, 0.04880523681640625, 0.004886627197265625, 0.0], [0.8418655395507812, 0.07024765014648438, 0.0, 0.01642608642578125, 0.026004791259765625, 0.0454559326171875, 0.0, 0.0], [0.7854042053222656, 0.040500640869140625, 0.06980514526367188, 0.041217803955078125, 0.029666900634765625, 0.02205657958984375, 0.011260986328125, 8.7738037109375e-05], [0.7381439208984375, 0.07064056396484375, 0.017665863037109375, 0.059490203857421875, 0.055103302001953125, 0.042667388916015625, 0.01628875732421875, 0.0], [0.8842353820800781, 0.051815032958984375, 0.0, 0.01628875732421875, 0.019809722900390625, 0.027851104736328125, 0.0, 0.0], [0.8634529113769531, 0.011157989501953125, 0.015964508056640625, 0.004016876220703125, 0.02066802978515625, 0.0103607177734375, 0.03778839111328125, 0.036590576171875], [0.8475875854492188, 0.0504608154296875, 0.012298583984375, 0.032268524169921875, 0.001918792724609375, 0.0262603759765625, 0.01671600341796875, 0.01248931884765625], [0.8311614990234375, 0.0187835693359375, 0.08082962036132812, 0.003597259521484375, 0.013851165771484375, 0.01880645751953125, 0.024143218994140625, 0.00882720947265625], [0.8704757690429688, 0.0064239501953125, 0.026348114013671875, 0.003559112548828125, 0.019023895263671875, 0.009899139404296875, 0.032501220703125, 0.031768798828125], [0.9001541137695312, 0.028446197509765625, 0.0, 0.02161407470703125, 0.014129638671875, 0.034671783447265625, 0.0, 0.00098419189453125], [0.7268753051757812, 0.05466461181640625, 0.07490921020507812, 0.039287567138671875, 0.048267364501953125, 0.03729248046875, 0.018703460693359375, 0.0], [0.7944564819335938, 0.05863189697265625, 0.0064697265625, 0.04952239990234375, 0.030849456787109375, 0.039569854736328125, 0.020084381103515625, 0.000415802001953125]], "candidate_count": 4321, "candidate_scores_path": "/groups/echambe2/gmeng/MedAL-Agent/repo/code/runs/frozen_v5/candidate_scores/mmwhs_ct__P1__s1000__r1.json", "predictions_path": "", "initial_labeled_path": "/groups/echambe2/gmeng/MedAL-Agent/repo/code/runs/frozen_v5/init_sets/mmwhs_ct__s1000__n45.json", "initial_labeled_ids": [], "selection_diagnostics": {}, "training": {"num_iters": 1000, "batch_size": 12, "lr": 0.001, "image_size": 512, "aspect_preserve": true, "resolution_policy": "longside_pad32", "preproc_cache": {"pool": "hit", "val": "hit"}, "train_runtime_sec": 332.67560267448425, "query_runtime_sec": 132.93103957176208, "iters": 2700, "stop_iter": 2700, "mean_loss": 0.3446884704174267, "last_loss": 0.04563499614596367, "stop_reason": "plateau", "hit_max_iters": false, "final_smooth_loss": 0.08515486873686313, "best_smooth_loss": 0.07974892888218164, "diverged": false, "loss_curve": [[1000, 0.19017347559332848], [1100, 0.18081502810120584], [1200, 0.1417988859862089], [1300, 0.15119326695799828], [1400, 0.13639734111726284], [1500, 0.11431294076144695], [1600, 0.11223658598959446], [1700, 0.11095238380134105], [1800, 0.10621211517602205], [1900, 0.09475571367889643], [2000, 0.09997594743967056], [2100, 0.09946251895278692], [2200, 0.07974892888218164], [2300, 0.09325881332159042], [2400, 0.09641180276870727], [2500, 0.08520501110702754], [2600, 0.08138650387525559], [2700, 0.08515486873686313]]}, "ckpt_id": "mmwhs_ct__P1__s1000__r1", "ckpt_path": "", "ckpt_hash": "066ae1b5071ddc563ccb7e34a4e7681a747253946871352b5143b91eda8d540f", "config_hash": "7ebca8ec370db95f4582303d7788f3404030b37f656a80eed8796ef746481a9f", "feature_cache_keys": {}, "sam_model_type": "", "sam_checkpoint": "", "metrics": {"primary_metric": "mean_dsc_fg_case_macro", "metric_version": "v3_case_macro", "eval_scope": "case_retained_slices", "mean_dsc_fg_case_macro": 0.6276633666898529, "mean_dsc_fg": 0.6276633666898529, "mean_dsc_fg_pooled_diagnostic": 0.6869622709386836, "dsc_per_class_pooled": [0.9861167736187644, 0.740055165747566, 0.7420824775602833, 0.8406413712949985, 0.6293044136306479, 0.6373630482552488, 0.6863313413341472, 0.5329580787478935], "dsc_per_class": [0.9861167736187644, 0.740055165747566, 0.7420824775602833, 0.8406413712949985, 0.6293044136306479, 0.6373630482552488, 0.6863313413341472, 0.5329580787478935], "n_cases": 6, "n_eval": 500, "structure_detection_rate": 1.0, "missed_structure_rate": 0.0}, "runtime_sec": {"train": 332.67560267448425, "eval": 5.668061971664429, "select": 132.93103957176208}, "gpu_mem_mb": 9480.298496, "gpu_name": "NVIDIA H100 80GB HBM3", "gpu_total_mem_mb": 85294.972928, "foundation": {}, "notes": ""}
