{"schema_version": "v3", "run_id": "msd_task07_pancreas__P1__s1000", "round": 0, "dataset": "msd_task07_pancreas", "modality": "ct", "target": "pancreas", "dim": "3d", "query_unit": "slice", "seed": 1000, "round_seed": 1000, "component_seeds": {"model_init_seed": 2989689681, "loader_seed": 4191542321, "query_seed": 2529548519, "dropout_seed": 3619692248}, "total_rounds": 7, "budget_denominator": {"full_train_N": 6066, "requested_pool_cap": 5000, "actual_AL_pool_N": 2500, "budget_plan": [25, 50, 100, 176, 250, 375, 500], "fraction_of_AL_pool": 0.2, "fraction_of_full_train": 0.08242664029014177}, "policy_id": "P1", "policy_name": "EntropyFull", "method_version": "1.0", "is_ablation": false, "policy_config": {}, "cumulative_budget": 25, "incremental_query_count": 25, "labeled_count": 25, "labeled_ratio": 0.01, "selected_ids": ["pancreas_365_s066", "pancreas_365_s078", "pancreas_365_s067", "pancreas_365_s074", "pancreas_365_s075", "pancreas_365_s077", "pancreas_365_s072", "pancreas_365_s064", "pancreas_365_s063", "pancreas_081_s026", "pancreas_362_s022", "pancreas_081_s019", "pancreas_365_s062", "pancreas_362_s021", "pancreas_081_s018", "pancreas_365_s060", "pancreas_362_s026", "pancreas_362_s019", "pancreas_365_s056", "pancreas_001_s034", "pancreas_362_s013", "pancreas_370_s055", "pancreas_101_s065", "pancreas_001_s036", "pancreas_081_s016"], "selected_scores": [0.006532907951623201, 0.0060064056888222694, 0.005954771302640438, 0.005714111495763063, 0.005184225272387266, 0.005001716315746307, 0.0048015001229941845, 0.00428625987842679, 0.004185948520898819, 0.003548301989212632, 0.0033535007387399673, 0.003090516896918416, 0.0030181556940078735, 0.002668010303750634, 0.0026592323556542397, 0.002384412568062544, 0.002064554952085018, 0.0020296629518270493, 0.0015240330249071121, 0.0014759841142222285, 0.0014581824652850628, 0.0013334897812455893, 0.001218862715177238, 0.0012081682216376066, 0.001200772589072585], "selected_pred_fg_ratio": [0.023372650146484375, 0.019237518310546875, 0.020915985107421875, 0.015140533447265625, 0.017940521240234375, 0.016757965087890625, 0.01619720458984375, 0.019802093505859375, 0.01702880859375, 0.00714874267578125, 0.01383209228515625, 0.00786590576171875, 0.017547607421875, 0.0142669677734375, 0.009143829345703125, 0.01210784912109375, 0.0114898681640625, 0.009944915771484375, 0.008087158203125, 0.009403228759765625, 0.008182525634765625, 0.01093292236328125, 0.008518218994140625, 0.008106231689453125, 0.006137847900390625], "selected_pred_class_dist": [[0.9766273498535156, 0.022518157958984375, 0.0008544921875], [0.9807624816894531, 0.01871490478515625, 0.000522613525390625], [0.9790840148925781, 0.02004241943359375, 0.000873565673828125], [0.9848594665527344, 0.01390838623046875, 0.001232147216796875], [0.9820594787597656, 0.016353607177734375, 0.0015869140625], [0.9832420349121094, 0.016063690185546875, 0.00069427490234375], [0.9838027954101562, 0.015544891357421875, 0.000652313232421875], [0.9801979064941406, 0.019039154052734375, 0.000762939453125], [0.98297119140625, 0.016361236572265625, 0.000667572021484375], [0.9928512573242188, 0.00714874267578125, 0.0], [0.9861679077148438, 0.013294219970703125, 0.000537872314453125], [0.9921340942382812, 0.00786590576171875, 0.0], [0.982452392578125, 0.016757965087890625, 0.000789642333984375], [0.9857330322265625, 0.014034271240234375, 0.000232696533203125], [0.9908561706542969, 0.009143829345703125, 0.0], [0.9878921508789062, 0.011867523193359375, 0.000240325927734375], [0.9885101318359375, 0.01142120361328125, 6.866455078125e-05], [0.9900550842285156, 0.00975799560546875, 0.000186920166015625], [0.991912841796875, 0.00788116455078125, 0.00020599365234375], [0.9905967712402344, 0.00897979736328125, 0.000423431396484375], [0.9918174743652344, 0.00772857666015625, 0.000453948974609375], [0.9890670776367188, 0.0105133056640625, 0.00041961669921875], [0.9914817810058594, 0.0083465576171875, 0.000171661376953125], [0.9918937683105469, 0.007404327392578125, 0.000701904296875], [0.9938621520996094, 0.006137847900390625, 0.0]], "candidate_count": 2475, "candidate_scores_path": "/groups/echambe2/gmeng/MedAL-Agent/repo/code/runs/frozen_v5/candidate_scores/msd_task07_pancreas__P1__s1000__r0.json", "predictions_path": "", "initial_labeled_path": "/groups/echambe2/gmeng/MedAL-Agent/repo/code/runs/frozen_v5/init_sets/msd_task07_pancreas__s1000__n25.json", "initial_labeled_ids": ["pancreas_029_s045", "pancreas_040_s018", "pancreas_075_s054", "pancreas_179_s050", "pancreas_209_s026", "pancreas_215_s041", "pancreas_227_s035", "pancreas_229_s031", "pancreas_269_s033", "pancreas_269_s052", "pancreas_293_s035", "pancreas_294_s035", "pancreas_299_s030", "pancreas_315_s030", "pancreas_315_s033", "pancreas_315_s045", "pancreas_323_s056", "pancreas_333_s037", "pancreas_334_s029", "pancreas_334_s040", "pancreas_346_s055", "pancreas_374_s060", "pancreas_391_s050", "pancreas_409_s173", "pancreas_416_s065"], "selection_diagnostics": {}, "training": {"num_iters": 1000, "batch_size": 12, "lr": 0.001, "image_size": 512, "aspect_preserve": true, "resolution_policy": "longside_pad32", "preproc_cache": {"pool": "hit", "val": "hit"}, "train_runtime_sec": 273.9272983074188, "query_runtime_sec": 37.774921894073486, "iters": 2300, "stop_iter": 2300, "mean_loss": 0.21024821311640352, "last_loss": 0.019158627837896347, "stop_reason": "plateau", "hit_max_iters": false, "final_smooth_loss": 0.023866771161556243, "best_smooth_loss": 0.025527928862720727, "diverged": false, "loss_curve": [[1000, 0.05937378250062466], [1100, 0.05052938103675842], [1200, 0.04654335824772716], [1300, 0.042537069339305164], [1400, 0.03737401315942407], [1500, 0.034444432463496925], [1600, 0.03198622284457087], [1700, 0.036194825917482375], [1800, 0.025527928862720727], [1900, 0.030058639068156482], [2000, 0.03555276857689023], [2100, 0.04278301525861025], [2200, 0.031021803375333546], [2300, 0.023866771161556243]]}, "ckpt_id": "msd_task07_pancreas__P1__s1000__r0", "ckpt_path": "", "ckpt_hash": "0879056d46e092955ac0a9edee8bb72d8210b44e7de57bbfb2d59d61be8f4585", "config_hash": "e4fae46d1c013eb7c36e2eeecfd787bd198e1e60b7f9bf7f044c146e0d2a9270", "feature_cache_keys": {}, "sam_model_type": "", "sam_checkpoint": "", "metrics": {"primary_metric": "mean_dsc_fg_case_macro", "metric_version": "v3_case_macro", "eval_scope": "case_retained_slices", "mean_dsc_fg_case_macro": 0.16815121025654914, "mean_dsc_fg": 0.16815121025654914, "mean_dsc_fg_pooled_diagnostic": 0.18939203931922233, "dsc_per_class_pooled": [0.9970923741609277, 0.31059901848914123, 0.06818506014930341], "dsc_per_class": [0.9970923741609277, 0.31059901848914123, 0.06818506014930341], "n_cases": 24, "n_eval": 500, "structure_detection_rate": 0.9791666666666666, "missed_structure_rate": 0.02083333333333337}, "runtime_sec": {"train": 273.9272983074188, "eval": 3.921142101287842, "select": 37.774921894073486}, "gpu_mem_mb": 9368.491008, "gpu_name": "NVIDIA H100 80GB HBM3", "gpu_total_mem_mb": 85294.972928, "foundation": {}, "notes": ""}
{"schema_version": "v3", "run_id": "msd_task07_pancreas__P1__s1000", "round": 1, "dataset": "msd_task07_pancreas", "modality": "ct", "target": "pancreas", "dim": "3d", "query_unit": "slice", "seed": 1000, "round_seed": 1001, "component_seeds": {"model_init_seed": 1028625171, "loader_seed": 316625031, "query_seed": 253434028, "dropout_seed": 3317428529}, "total_rounds": 7, "budget_denominator": {"full_train_N": 6066, "requested_pool_cap": 5000, "actual_AL_pool_N": 2500, "budget_plan": [25, 50, 100, 176, 250, 375, 500], "fraction_of_AL_pool": 0.2, "fraction_of_full_train": 0.08242664029014177}, "policy_id": "P1", "policy_name": "EntropyFull", "method_version": "1.0", "is_ablation": false, "policy_config": {}, "cumulative_budget": 50, "incremental_query_count": 50, "labeled_count": 50, "labeled_ratio": 0.02, "selected_ids": ["pancreas_199_s049", "pancreas_246_s068", "pancreas_199_s051", "pancreas_342_s050", "pancreas_262_s041", "pancreas_409_s190", "pancreas_113_s065", "pancreas_409_s183", "pancreas_395_s103", "pancreas_276_s033", "pancreas_294_s060", "pancreas_183_s027", "pancreas_268_s035", "pancreas_262_s040", "pancreas_409_s194", "pancreas_391_s053", "pancreas_391_s045", "pancreas_083_s058", "pancreas_199_s043", "pancreas_083_s053", "pancreas_347_s056", "pancreas_294_s044", "pancreas_267_s027", "pancreas_392_s029", "pancreas_342_s052", "pancreas_228_s068", "pancreas_395_s104", "pancreas_113_s061", "pancreas_194_s068", "pancreas_294_s064", "pancreas_199_s045", "pancreas_409_s187", "pancreas_409_s162", "pancreas_094_s047", "pancreas_111_s030", "pancreas_347_s051", "pancreas_409_s189", "pancreas_391_s063", "pancreas_170_s061", "pancreas_409_s153", "pancreas_391_s062", "pancreas_246_s063", "pancreas_294_s052", "pancreas_083_s037", "pancreas_105_s067", "pancreas_391_s033", "pancreas_364_s046", "pancreas_294_s051", "pancreas_347_s053", "pancreas_254_s047"], "selected_scores": [0.0009954000124707818, 0.000993588357232511, 0.0009416675311513245, 0.0009128142846748233, 0.0009000112768262625, 0.0008228591177612543, 0.0008204345940612257, 0.0008195888949558139, 0.0008140578283928335, 0.0007849443354643881, 0.0007643634453415871, 0.0007562024402432144, 0.0007496351026929915, 0.0007434883154928684, 0.0007427519885823131, 0.0007392677362076938, 0.0007369302329607308, 0.0007343578618019819, 0.0007320962613448501, 0.0007267924956977367, 0.0007228387985378504, 0.0007122156675904989, 0.0007108206627890468, 0.0007030977867543697, 0.0006994125433266163, 0.0006903278990648687, 0.0006899783620610833, 0.0006897268467582762, 0.0006877269479446113, 0.0006841249414719641, 0.0006756316288374364, 0.0006718098884448409, 0.0006705885753035545, 0.0006671836599707603, 0.0006576757878065109, 0.0006516209687106311, 0.0006511937826871872, 0.0006487765349447727, 0.0006486668717116117, 0.0006472069071605802, 0.000647016626317054, 0.0006464049220085144, 0.0006443093880079687, 0.0006442300509661436, 0.0006441020523197949, 0.0006428882479667664, 0.000642122351564467, 0.0006381023558788002, 0.0006358671234920621, 0.0006350033218041062], "selected_pred_fg_ratio": [0.015712738037109375, 0.010540008544921875, 0.00980377197265625, 0.005832672119140625, 0.007747650146484375, 0.01300811767578125, 0.01085662841796875, 0.013416290283203125, 0.007869720458984375, 0.006427764892578125, 0.015247344970703125, 0.002155303955078125, 0.00707244873046875, 0.010623931884765625, 0.011089324951171875, 0.01467132568359375, 0.00853729248046875, 0.007816314697265625, 0.005290985107421875, 0.0118560791015625, 0.00601959228515625, 0.007656097412109375, 0.00519561767578125, 0.009639739990234375, 0.00933837890625, 0.0049285888671875, 0.006328582763671875, 0.00722503662109375, 0.002986907958984375, 0.010837554931640625, 0.008670806884765625, 0.014514923095703125, 0.01062774658203125, 0.0080413818359375, 0.00963592529296875, 0.00441741943359375, 0.01151275634765625, 0.00684356689453125, 0.005954742431640625, 0.00286102294921875, 0.0051422119140625, 0.0044403076171875, 0.00357818603515625, 0.005954742431640625, 0.010608673095703125, 0.0044097900390625, 0.005390167236328125, 0.006076812744140625, 0.00788116455078125, 0.00273895263671875], "selected_pred_class_dist": [[0.9842872619628906, 0.01261138916015625, 0.003101348876953125], [0.9894599914550781, 0.002716064453125, 0.007823944091796875], [0.9901962280273438, 0.00908660888671875, 0.0007171630859375], [0.9941673278808594, 0.0052947998046875, 0.000537872314453125], [0.9922523498535156, 0.0067291259765625, 0.001018524169921875], [0.9869918823242188, 0.006427764892578125, 0.006580352783203125], [0.9891433715820312, 0.00919342041015625, 0.0016632080078125], [0.9865837097167969, 0.00498199462890625, 0.008434295654296875], [0.9921302795410156, 0.00738525390625, 0.000484466552734375], [0.9935722351074219, 0.00525665283203125, 0.001171112060546875], [0.9847526550292969, 0.007976531982421875, 0.00727081298828125], [0.9978446960449219, 0.00164031982421875, 0.000514984130859375], [0.9929275512695312, 0.00354766845703125, 0.0035247802734375], [0.9893760681152344, 0.007495880126953125, 0.0031280517578125], [0.9889106750488281, 0.008190155029296875, 0.002899169921875], [0.9853286743164062, 0.00212860107421875, 0.012542724609375], [0.9914627075195312, 0.007297515869140625, 0.001239776611328125], [0.9921836853027344, 0.004802703857421875, 0.00301361083984375], [0.9947090148925781, 0.00408172607421875, 0.001209259033203125], [0.9881439208984375, 0.0105133056640625, 0.0013427734375], [0.9939804077148438, 0.004619598388671875, 0.001399993896484375], [0.9923439025878906, 0.005146026611328125, 0.00251007080078125], [0.9948043823242188, 0.0030517578125, 0.00214385986328125], [0.9903602600097656, 0.006275177001953125, 0.00336456298828125], [0.99066162109375, 0.0086212158203125, 0.0007171630859375], [0.9950714111328125, 0.003871917724609375, 0.001056671142578125], [0.9936714172363281, 0.005733489990234375, 0.0005950927734375], [0.9927749633789062, 0.0067138671875, 0.00051116943359375], [0.9970130920410156, 0.002986907958984375, 0.0], [0.9891624450683594, 0.008209228515625, 0.002628326416015625], [0.9913291931152344, 0.00811767578125, 0.000553131103515625], [0.9854850769042969, 0.005096435546875, 0.009418487548828125], [0.9893722534179688, 0.004108428955078125, 0.006519317626953125], [0.9919586181640625, 0.007534027099609375, 0.000507354736328125], [0.9903640747070312, 0.00870513916015625, 0.0009307861328125], [0.9955825805664062, 0.00360870361328125, 0.0008087158203125], [0.9884872436523438, 0.00537872314453125, 0.006134033203125], [0.9931564331054688, 0.005126953125, 0.00171661376953125], [0.9940452575683594, 0.004962921142578125, 0.0009918212890625], [0.9971389770507812, 0.001605987548828125, 0.001255035400390625], [0.9948577880859375, 0.003475189208984375, 0.001667022705078125], [0.9955596923828125, 0.002170562744140625, 0.002269744873046875], [0.9964218139648438, 0.00228118896484375, 0.0012969970703125], [0.9940452575683594, 0.004314422607421875, 0.00164031982421875], [0.9893913269042969, 0.01058197021484375, 2.6702880859375e-05], [0.9955902099609375, 0.003971099853515625, 0.000438690185546875], [0.9946098327636719, 0.003528594970703125, 0.001861572265625], [0.9939231872558594, 0.0040435791015625, 0.002033233642578125], [0.9921188354492188, 0.006359100341796875, 0.001522064208984375], [0.9972610473632812, 0.00273895263671875, 0.0]], "candidate_count": 2450, "candidate_scores_path": "/groups/echambe2/gmeng/MedAL-Agent/repo/code/runs/frozen_v5/candidate_scores/msd_task07_pancreas__P1__s1000__r1.json", "predictions_path": "", "initial_labeled_path": "/groups/echambe2/gmeng/MedAL-Agent/repo/code/runs/frozen_v5/init_sets/msd_task07_pancreas__s1000__n25.json", "initial_labeled_ids": [], "selection_diagnostics": {}, "training": {"num_iters": 1000, "batch_size": 12, "lr": 0.001, "image_size": 512, "aspect_preserve": true, "resolution_policy": "longside_pad32", "preproc_cache": {"pool": "hit", "val": "hit"}, "train_runtime_sec": 373.341037273407, "query_runtime_sec": 37.357707023620605, "iters": 3200, "stop_iter": 3200, "mean_loss": 0.25915107904700563, "last_loss": 0.03139886632561684, "stop_reason": "plateau", "hit_max_iters": false, "final_smooth_loss": 0.05446435706689954, "best_smooth_loss": 0.05380208788439631, "diverged": false, "loss_curve": [[1000, 0.24851477913558484], [1100, 0.21176886275410653], [1200, 0.186307642608881], [1300, 0.17456785935908556], [1400, 0.16249333556741477], [1500, 0.17641992703080178], [1600, 0.1403966024518013], [1700, 0.14344553854316472], [1800, 0.13771702006459235], [1900, 0.14852694116532802], [2000, 0.13832645889371634], [2100, 0.12777133118361234], [2200, 0.10494504291564226], [2300, 0.08789619233459234], [2400, 0.0682479415461421], [2500, 0.09989058773964643], [2600, 0.06663009501993657], [2700, 0.05380208788439631], [2800, 0.056816559303551915], [2900, 0.05549834106117487], [3000, 0.056391655653715136], [3100, 0.05641512019559741], [3200, 0.05446435706689954]]}, "ckpt_id": "msd_task07_pancreas__P1__s1000__r1", "ckpt_path": "", "ckpt_hash": "a1bc6c1fb39fbf9aa319f1763f3451ca7481f6738643a13c3367ddc9b17d6439", "config_hash": "e4fae46d1c013eb7c36e2eeecfd787bd198e1e60b7f9bf7f044c146e0d2a9270", "feature_cache_keys": {}, "sam_model_type": "", "sam_checkpoint": "", "metrics": {"primary_metric": "mean_dsc_fg_case_macro", "metric_version": "v3_case_macro", "eval_scope": "case_retained_slices", "mean_dsc_fg_case_macro": 0.20470029932303516, "mean_dsc_fg": 0.20470029932303516, "mean_dsc_fg_pooled_diagnostic": 0.21176712662033287, "dsc_per_class_pooled": [0.9971892236730531, 0.37835431558127214, 0.0451799376593936], "dsc_per_class": [0.9971892236730531, 0.37835431558127214, 0.0451799376593936], "n_cases": 24, "n_eval": 500, "structure_detection_rate": 1.0, "missed_structure_rate": 0.0}, "runtime_sec": {"train": 373.341037273407, "eval": 4.173688888549805, "select": 37.357707023620605}, "gpu_mem_mb": 9416.658944, "gpu_name": "NVIDIA H100 80GB HBM3", "gpu_total_mem_mb": 85294.972928, "foundation": {}, "notes": ""}
{"schema_version": "v3", "run_id": "msd_task07_pancreas__P1__s1000", "round": 2, "dataset": "msd_task07_pancreas", "modality": "ct", "target": "pancreas", "dim": "3d", "query_unit": "slice", "seed": 1000, "round_seed": 1002, "component_seeds": {"model_init_seed": 265999627, "loader_seed": 1465654863, "query_seed": 2544461518, "dropout_seed": 3552612840}, "total_rounds": 7, "budget_denominator": {"full_train_N": 6066, "requested_pool_cap": 5000, "actual_AL_pool_N": 2500, "budget_plan": [25, 50, 100, 176, 250, 375, 500], "fraction_of_AL_pool": 0.2, "fraction_of_full_train": 0.08242664029014177}, "policy_id": "P1", "policy_name": "EntropyFull", "method_version": "1.0", "is_ablation": false, "policy_config": {}, "cumulative_budget": 100, "incremental_query_count": 76, "labeled_count": 100, "labeled_ratio": 0.04, "selected_ids": ["pancreas_321_s060", "pancreas_117_s081", "pancreas_113_s057", "pancreas_374_s081", "pancreas_309_s044", "pancreas_113_s056", "pancreas_321_s064", "pancreas_113_s059", "pancreas_175_s040", "pancreas_321_s059", "pancreas_052_s046", "pancreas_117_s100", "pancreas_392_s017", "pancreas_040_s016", "pancreas_364_s019", "pancreas_207_s032", "pancreas_348_s054", "pancreas_106_s024", "pancreas_364_s018", "pancreas_094_s042", "pancreas_309_s052", "pancreas_080_s051", "pancreas_029_s051", "pancreas_137_s047", "pancreas_392_s028", "pancreas_094_s043", "pancreas_106_s023", "pancreas_137_s031", "pancreas_207_s034", "pancreas_239_s037", "pancreas_105_s071", "pancreas_224_s035", "pancreas_264_s046", "pancreas_309_s047", "pancreas_182_s034", "pancreas_012_s046", "pancreas_402_s093", "pancreas_170_s058", "pancreas_303_s069", "pancreas_094_s030", "pancreas_369_s045", "pancreas_182_s033", "pancreas_012_s045", "pancreas_364_s035", "pancreas_370_s062", "pancreas_052_s030", "pancreas_041_s067", "pancreas_052_s029", "pancreas_106_s028", "pancreas_392_s026", "pancreas_055_s041", "pancreas_261_s075", "pancreas_276_s041", "pancreas_052_s044", "pancreas_395_s112", "pancreas_194_s047", "pancreas_122_s060", "pancreas_029_s048", "pancreas_402_s104", "pancreas_040_s012", "pancreas_111_s029", "pancreas_196_s028", "pancreas_094_s016", "pancreas_412_s118", "pancreas_392_s031", "pancreas_083_s040", "pancreas_316_s037", "pancreas_309_s048", "pancreas_293_s041", "pancreas_404_s061", "pancreas_196_s034", "pancreas_105_s072", "pancreas_295_s036", "pancreas_309_s026", "pancreas_293_s029", "pancreas_402_s101"], "selected_scores": [0.0015437037218362093, 0.0014459226513281465, 0.00142408418469131, 0.001413803081959486, 0.0013648193562403321, 0.0013537760823965073, 0.0013466477394104004, 0.001341304392553866, 0.0013396519934758544, 0.0013000313192605972, 0.0012955404818058014, 0.0012932943645864725, 0.0012863078154623508, 0.0012112327385693789, 0.0011955741792917252, 0.0011833534808829427, 0.0011749513214454055, 0.0011629018699750304, 0.0011503321584314108, 0.001148288487456739, 0.0011402342934161425, 0.0011334584560245275, 0.0011294600553810596, 0.0011273337295278907, 0.0011193251702934504, 0.0011167513439431787, 0.0011069372994825244, 0.0010955891339108348, 0.0010922380024567246, 0.0010901312343776226, 0.0010881399502977729, 0.0010877569438889623, 0.0010861882474273443, 0.0010734588140621781, 0.0010673890355974436, 0.001064222538843751, 0.0010558339999988675, 0.0010526069672778249, 0.0010353891411796212, 0.0010280301794409752, 0.0010187675943598151, 0.0010183167178183794, 0.00101727235596627, 0.001014606561511755, 0.001009310712106526, 0.001005188561975956, 0.001003485405817628, 0.0010013430146500468, 0.001000810181722045, 0.0009982844348996878, 0.0009980871109291911, 0.0009978980524465442, 0.000991088687442243, 0.0009855626849457622, 0.0009840059792622924, 0.0009838605765253305, 0.0009836133103817701, 0.0009765863651409745, 0.0009723124094307423, 0.0009713850449770689, 0.0009692442254163325, 0.0009685406112112105, 0.0009663606761023402, 0.0009654543246142566, 0.0009646978578530252, 0.0009577309247106314, 0.0009518743609078228, 0.000946946965996176, 0.0009424034506082535, 0.0009419072885066271, 0.0009399303235113621, 0.0009387817117385566, 0.0009354128851555288, 0.0009340210817754269, 0.0009334597270935774, 0.0009315609931945801], "selected_pred_fg_ratio": [0.011074066162109375, 0.008045196533203125, 0.018650054931640625, 0.014598846435546875, 0.010257720947265625, 0.01599884033203125, 0.009738922119140625, 0.02240753173828125, 0.010845184326171875, 0.012462615966796875, 0.0092315673828125, 0.011138916015625, 0.004848480224609375, 0.011623382568359375, 0.014316558837890625, 0.005146026611328125, 0.005649566650390625, 0.01389312744140625, 0.01259613037109375, 0.01601409912109375, 0.005519866943359375, 0.011142730712890625, 0.010040283203125, 0.008785247802734375, 0.013214111328125, 0.017490386962890625, 0.0099639892578125, 0.00511932373046875, 0.011005401611328125, 0.016155242919921875, 0.007793426513671875, 0.009654998779296875, 0.00858306884765625, 0.0111846923828125, 0.00952911376953125, 0.007884979248046875, 0.007770538330078125, 0.012115478515625, 0.00559234619140625, 0.018890380859375, 0.01140594482421875, 0.00339508056640625, 0.012325286865234375, 0.00490570068359375, 0.0118255615234375, 0.005474090576171875, 0.006130218505859375, 0.004299163818359375, 0.0105743408203125, 0.00742340087890625, 0.0095977783203125, 0.005245208740234375, 0.006805419921875, 0.0134124755859375, 0.008869171142578125, 0.005992889404296875, 0.003173828125, 0.011016845703125, 0.0106964111328125, 0.006015777587890625, 0.012577056884765625, 0.0076141357421875, 0.01068878173828125, 0.00444793701171875, 0.006134033203125, 0.0078125, 0.009799957275390625, 0.0102996826171875, 0.008758544921875, 0.0084991455078125, 0.0079803466796875, 0.0024261474609375, 0.007244110107421875, 0.0077667236328125, 0.008373260498046875, 0.004230499267578125], "selected_pred_class_dist": [[0.9889259338378906, 0.01104736328125, 2.6702880859375e-05], [0.9919548034667969, 0.008045196533203125, 0.0], [0.9813499450683594, 0.013706207275390625, 0.00494384765625], [0.9854011535644531, 0.01434326171875, 0.000255584716796875], [0.9897422790527344, 0.010257720947265625, 0.0], [0.9840011596679688, 0.01253509521484375, 0.0034637451171875], [0.9902610778808594, 0.009738922119140625, 0.0], [0.9775924682617188, 0.01549530029296875, 0.0069122314453125], [0.9891548156738281, 0.010501861572265625, 0.00034332275390625], [0.9875373840332031, 0.012462615966796875, 0.0], [0.9907684326171875, 0.0092315673828125, 0.0], [0.988861083984375, 0.011138916015625, 0.0], [0.9951515197753906, 0.00482940673828125, 1.9073486328125e-05], [0.9883766174316406, 0.0105133056640625, 0.001110076904296875], [0.9856834411621094, 0.014080047607421875, 0.00023651123046875], [0.9948539733886719, 0.005146026611328125, 0.0], [0.9943504333496094, 0.00476837158203125, 0.000881195068359375], [0.9861068725585938, 0.01389312744140625, 0.0], [0.9874038696289062, 0.01248931884765625, 0.0001068115234375], [0.9839859008789062, 0.01601409912109375, 0.0], [0.9944801330566406, 0.005519866943359375, 0.0], [0.9888572692871094, 0.011142730712890625, 0.0], [0.989959716796875, 0.010040283203125, 0.0], [0.9912147521972656, 0.00772857666015625, 0.001056671142578125], [0.986785888671875, 0.013214111328125, 0.0], [0.9825096130371094, 0.017414093017578125, 7.62939453125e-05], [0.9900360107421875, 0.009952545166015625, 1.1444091796875e-05], [0.9948806762695312, 0.00511932373046875, 0.0], [0.9889945983886719, 0.010894775390625, 0.000110626220703125], [0.9838447570800781, 0.01575469970703125, 0.000400543212890625], [0.9922065734863281, 0.007556915283203125, 0.00023651123046875], [0.9903450012207031, 0.009654998779296875, 0.0], [0.9914169311523438, 0.0082855224609375, 0.00029754638671875], [0.9888153076171875, 0.0111846923828125, 0.0], [0.9904708862304688, 0.0086517333984375, 0.00087738037109375], [0.9921150207519531, 0.007884979248046875, 0.0], [0.9922294616699219, 0.00754547119140625, 0.000225067138671875], [0.987884521484375, 0.012115478515625, 0.0], [0.9944076538085938, 0.00458526611328125, 0.001007080078125], [0.981109619140625, 0.0180206298828125, 0.0008697509765625], [0.9885940551757812, 0.01140594482421875, 0.0], [0.9966049194335938, 0.0029754638671875, 0.00041961669921875], [0.9876747131347656, 0.012187957763671875, 0.0001373291015625], [0.9950942993164062, 0.004421234130859375, 0.000484466552734375], [0.9881744384765625, 0.0118255615234375, 0.0], [0.9945259094238281, 0.005474090576171875, 0.0], [0.9938697814941406, 0.006130218505859375, 0.0], [0.9957008361816406, 0.004299163818359375, 0.0], [0.9894256591796875, 0.0105743408203125, 0.0], [0.9925765991210938, 0.00742340087890625, 0.0], [0.9904022216796875, 0.008747100830078125, 0.000850677490234375], [0.9947547912597656, 0.005245208740234375, 0.0], [0.993194580078125, 0.005931854248046875, 0.000873565673828125], [0.9865875244140625, 0.0134124755859375, 0.0], [0.9911308288574219, 0.00743865966796875, 0.001430511474609375], [0.9940071105957031, 0.005992889404296875, 0.0], [0.996826171875, 0.002834320068359375, 0.000339508056640625], [0.988983154296875, 0.011016845703125, 0.0], [0.9893035888671875, 0.0106964111328125, 0.0], [0.9939842224121094, 0.005985260009765625, 3.0517578125e-05], [0.9874229431152344, 0.012577056884765625, 0.0], [0.9923858642578125, 0.007167816162109375, 0.000446319580078125], [0.9893112182617188, 0.010272979736328125, 0.000415802001953125], [0.9955520629882812, 0.004261016845703125, 0.000186920166015625], [0.993865966796875, 0.006134033203125, 0.0], [0.9921875, 0.00638580322265625, 0.00142669677734375], [0.9902000427246094, 0.009799957275390625, 0.0], [0.9897003173828125, 0.0102996826171875, 0.0], [0.991241455078125, 0.00843048095703125, 0.00032806396484375], [0.9915008544921875, 0.006153106689453125, 0.002346038818359375], [0.9920196533203125, 0.0079803466796875, 0.0], [0.9975738525390625, 0.0024261474609375, 0.0], [0.9927558898925781, 0.006855010986328125, 0.00038909912109375], [0.9922332763671875, 0.0077667236328125, 0.0], [0.9916267395019531, 0.008373260498046875, 0.0], [0.9957695007324219, 0.004230499267578125, 0.0]], "candidate_count": 2400, "candidate_scores_path": "/groups/echambe2/gmeng/MedAL-Agent/repo/code/runs/frozen_v5/candidate_scores/msd_task07_pancreas__P1__s1000__r2.json", "predictions_path": "", "initial_labeled_path": "/groups/echambe2/gmeng/MedAL-Agent/repo/code/runs/frozen_v5/init_sets/msd_task07_pancreas__s1000__n25.json", "initial_labeled_ids": [], "selection_diagnostics": {}, "training": {"num_iters": 1000, "batch_size": 12, "lr": 0.001, "image_size": 512, "aspect_preserve": true, "resolution_policy": "longside_pad32", "preproc_cache": {"pool": "hit", "val": "hit"}, "train_runtime_sec": 356.44353723526, "query_runtime_sec": 36.34808826446533, "iters": 3100, "stop_iter": 3100, "mean_loss": 0.30673335300698396, "last_loss": 0.10721442103385925, "stop_reason": "plateau", "hit_max_iters": false, "final_smooth_loss": 0.08655807830393314, "best_smooth_loss": 0.08673895753920079, "diverged": false, "loss_curve": [[1000, 0.20820389218628407], [1100, 0.1770676638931036], [1200, 0.17747638933360577], [1300, 0.15510399274528028], [1400, 0.14802599944174288], [1500, 0.16915980890393256], [1600, 0.13577846229076385], [1700, 0.15882820408791304], [1800, 0.11720041442662478], [1900, 0.11296672131866217], [2000, 0.1130958328396082], [2100, 0.1067976563796401], [2200, 0.09344024680554867], [2300, 0.09998471911996604], [2400, 0.10957175094634294], [2500, 0.10518083497881889], [2600, 0.08673895753920079], [2700, 0.09282548625022173], [2800, 0.09687644071877002], [2900, 0.09278044674545527], [3000, 0.10992698382586241], [3100, 0.08655807830393314]]}, "ckpt_id": "msd_task07_pancreas__P1__s1000__r2", "ckpt_path": "", "ckpt_hash": "c7970e92353548fd8f7e1a4c8b62f7f5f01071244d1e888a074c4a35c98b295b", "config_hash": "e4fae46d1c013eb7c36e2eeecfd787bd198e1e60b7f9bf7f044c146e0d2a9270", "feature_cache_keys": {}, "sam_model_type": "", "sam_checkpoint": "", "metrics": {"primary_metric": "mean_dsc_fg_case_macro", "metric_version": "v3_case_macro", "eval_scope": "case_retained_slices", "mean_dsc_fg_case_macro": 0.22882636920037272, "mean_dsc_fg": 0.22882636920037272, "mean_dsc_fg_pooled_diagnostic": 0.24194362360131796, "dsc_per_class_pooled": [0.9972893824557074, 0.4810594054901809, 0.002827841712455032], "dsc_per_class": [0.9972893824557074, 0.4810594054901809, 0.002827841712455032], "n_cases": 24, "n_eval": 500, "structure_detection_rate": 0.9166666666666666, "missed_structure_rate": 0.08333333333333337}, "runtime_sec": {"train": 356.44353723526, "eval": 4.006554126739502, "select": 36.34808826446533}, "gpu_mem_mb": 9417.281536, "gpu_name": "NVIDIA H100 80GB HBM3", "gpu_total_mem_mb": 85294.972928, "foundation": {}, "notes": ""}
