{"schema_version": "v3", "run_id": "msd_task04_hippocampus__P1__s1000", "round": 0, "dataset": "msd_task04_hippocampus", "modality": "mri", "target": "hippocampus_anterior", "dim": "3d", "query_unit": "slice", "seed": 1000, "round_seed": 1000, "component_seeds": {"model_init_seed": 2989689681, "loader_seed": 4191542321, "query_seed": 2529548519, "dropout_seed": 3619692248}, "total_rounds": 7, "budget_denominator": {"full_train_N": 3921, "requested_pool_cap": 5000, "actual_AL_pool_N": 3921, "budget_plan": [40, 79, 157, 275, 393, 589, 785], "fraction_of_AL_pool": 0.20020402958428973, "fraction_of_full_train": 0.20020402958428973}, "policy_id": "P1", "policy_name": "EntropyFull", "method_version": "1.0", "is_ablation": false, "policy_config": {}, "cumulative_budget": 40, "incremental_query_count": 39, "labeled_count": 40, "labeled_ratio": 0.0102014792144861, "selected_ids": ["hippocampus_164_s025", "hippocampus_077_s009", "hippocampus_141_s011", "hippocampus_164_s026", "hippocampus_286_s015", "hippocampus_141_s010", "hippocampus_164_s012", "hippocampus_133_s010", "hippocampus_141_s012", "hippocampus_294_s013", "hippocampus_164_s019", "hippocampus_164_s024", "hippocampus_294_s012", "hippocampus_164_s014", "hippocampus_077_s008", "hippocampus_141_s008", "hippocampus_141_s013", "hippocampus_164_s018", "hippocampus_294_s011", "hippocampus_286_s016", "hippocampus_133_s009", "hippocampus_338_s010", "hippocampus_286_s012", "hippocampus_133_s026", "hippocampus_338_s013", "hippocampus_338_s011", "hippocampus_164_s020", "hippocampus_286_s021", "hippocampus_286_s008", "hippocampus_164_s011", "hippocampus_138_s009", "hippocampus_337_s013", "hippocampus_056_s014", "hippocampus_142_s015", "hippocampus_142_s013", "hippocampus_142_s012", "hippocampus_164_s006", "hippocampus_178_s010", "hippocampus_164_s013"], "selected_scores": [0.010689623653888702, 0.010105783119797707, 0.009897695854306221, 0.00974565465003252, 0.009673526510596275, 0.009480156004428864, 0.009396151639521122, 0.009254398755729198, 0.009232183918356895, 0.009162048809230328, 0.009083147160708904, 0.00896688923239708, 0.008956522680819035, 0.008805625140666962, 0.008756324648857117, 0.008723916485905647, 0.00871100090444088, 0.008682123385369778, 0.008626864291727543, 0.008494347333908081, 0.008493582718074322, 0.008481583558022976, 0.008479760028421879, 0.008457141928374767, 0.008419341407716274, 0.008256248198449612, 0.008250175975263119, 0.008204944431781769, 0.008196928538382053, 0.008154230192303658, 0.00809501763433218, 0.008051879703998566, 0.008049504831433296, 0.007908014580607414, 0.007906101644039154, 0.007875689305365086, 0.007772473152726889, 0.0077676172368228436, 0.007732678204774857], "selected_pred_fg_ratio": [0.0760345458984375, 0.10351181030273438, 0.110107421875, 0.054347991943359375, 0.11119461059570312, 0.09488677978515625, 0.09653472900390625, 0.056446075439453125, 0.12047576904296875, 0.11730575561523438, 0.0996856689453125, 0.0724639892578125, 0.12518692016601562, 0.101898193359375, 0.10518264770507812, 0.07990646362304688, 0.123931884765625, 0.09089279174804688, 0.11758804321289062, 0.11435317993164062, 0.048191070556640625, 0.0892486572265625, 0.09954071044921875, 0.0255126953125, 0.11405563354492188, 0.09555435180664062, 0.09786224365234375, 0.045055389404296875, 0.0780029296875, 0.09806060791015625, 0.09746932983398438, 0.1007080078125, 0.11026382446289062, 0.10554885864257812, 0.0830078125, 0.08982086181640625, 0.02819061279296875, 0.10118484497070312, 0.10164260864257812], "selected_pred_class_dist": [[0.9239654541015625, 0.048763275146484375, 0.027271270751953125], [0.8964881896972656, 0.044658660888671875, 0.0588531494140625], [0.889892578125, 0.043064117431640625, 0.06704330444335938], [0.9456520080566406, 0.039478302001953125, 0.01486968994140625], [0.8888053894042969, 0.047351837158203125, 0.0638427734375], [0.9051132202148438, 0.04279327392578125, 0.052093505859375], [0.9034652709960938, 0.041530609130859375, 0.055004119873046875], [0.9435539245605469, 0.025180816650390625, 0.0312652587890625], [0.8795242309570312, 0.048831939697265625, 0.07164382934570312], [0.8826942443847656, 0.045284271240234375, 0.072021484375], [0.9003143310546875, 0.046977996826171875, 0.052707672119140625], [0.9275360107421875, 0.044818878173828125, 0.027645111083984375], [0.8748130798339844, 0.05295562744140625, 0.07223129272460938], [0.898101806640625, 0.045490264892578125, 0.056407928466796875], [0.8948173522949219, 0.046001434326171875, 0.05918121337890625], [0.9200935363769531, 0.035190582275390625, 0.04471588134765625], [0.876068115234375, 0.0577545166015625, 0.0661773681640625], [0.9091072082519531, 0.04192352294921875, 0.048969268798828125], [0.8824119567871094, 0.0509796142578125, 0.06660842895507812], [0.8856468200683594, 0.060398101806640625, 0.053955078125], [0.9518089294433594, 0.034423828125, 0.013767242431640625], [0.9107513427734375, 0.043041229248046875, 0.046207427978515625], [0.9004592895507812, 0.03565216064453125, 0.0638885498046875], [0.9744873046875, 0.01772308349609375, 0.00778961181640625], [0.8859443664550781, 0.04944610595703125, 0.06460952758789062], [0.9044456481933594, 0.047252655029296875, 0.04830169677734375], [0.9021377563476562, 0.051158905029296875, 0.046703338623046875], [0.9549446105957031, 0.02771759033203125, 0.017337799072265625], [0.9219970703125, 0.041881561279296875, 0.036121368408203125], [0.9019393920898438, 0.041309356689453125, 0.056751251220703125], [0.9025306701660156, 0.0484161376953125, 0.049053192138671875], [0.8992919921875, 0.059803009033203125, 0.040904998779296875], [0.8897361755371094, 0.05556488037109375, 0.054698944091796875], [0.8944511413574219, 0.03362274169921875, 0.07192611694335938], [0.9169921875, 0.034122467041015625, 0.048885345458984375], [0.9101791381835938, 0.028896331787109375, 0.060924530029296875], [0.9718093872070312, 0.019420623779296875, 0.008769989013671875], [0.8988151550292969, 0.04742431640625, 0.053760528564453125], [0.8983573913574219, 0.0421142578125, 0.059528350830078125]], "candidate_count": 3881, "candidate_scores_path": "/groups/echambe2/gmeng/MedAL-Agent/repo/code/runs/frozen_v5/candidate_scores/msd_task04_hippocampus__P1__s1000__r0.json", "predictions_path": "", "initial_labeled_path": "/groups/echambe2/gmeng/MedAL-Agent/repo/code/runs/frozen_v5/init_sets/msd_task04_hippocampus__s1000__n40.json", "initial_labeled_ids": ["hippocampus_001_s025", "hippocampus_003_s016", "hippocampus_007_s018", "hippocampus_014_s006", "hippocampus_014_s021", "hippocampus_017_s009", "hippocampus_024_s018", "hippocampus_039_s010", "hippocampus_042_s011", "hippocampus_044_s017", "hippocampus_060_s013", "hippocampus_064_s011", "hippocampus_087_s009", "hippocampus_087_s024", "hippocampus_104_s006", "hippocampus_126_s018", "hippocampus_133_s007", "hippocampus_154_s022", "hippocampus_156_s008", "hippocampus_156_s016", "hippocampus_161_s022", "hippocampus_162_s015", "hippocampus_171_s007", "hippocampus_229_s021", "hippocampus_269_s011", "hippocampus_292_s014", "hippocampus_292_s025", "hippocampus_296_s010", "hippocampus_298_s010", "hippocampus_308_s023", "hippocampus_309_s015", "hippocampus_320_s007", "hippocampus_328_s020", "hippocampus_354_s011", "hippocampus_356_s017", "hippocampus_356_s018", "hippocampus_366_s017", "hippocampus_374_s024", "hippocampus_376_s018", "hippocampus_383_s007"], "selection_diagnostics": {}, "training": {"num_iters": 1000, "batch_size": 12, "lr": 0.001, "image_size": 512, "aspect_preserve": true, "resolution_policy": "longside_pad32", "preproc_cache": {"pool": "hit", "val": "hit"}, "train_runtime_sec": 992.8327910900116, "query_runtime_sec": 72.90678024291992, "iters": 2500, "stop_iter": 2500, "mean_loss": 0.12116382366158068, "last_loss": 0.005335019901394844, "stop_reason": "plateau", "hit_max_iters": false, "final_smooth_loss": 0.003743094478268176, "best_smooth_loss": 0.00689571538940072, "diverged": false, "loss_curve": [[1000, 0.04648468933999538], [1100, 0.03667606109753251], [1200, 0.02856038238853216], [1300, 0.023029503915458917], [1400, 0.019345789039507507], [1500, 0.019328927733004094], [1600, 0.012774643171578646], [1700, 0.011136413370259106], [1800, 0.009079809985123574], [1900, 0.008138159629888833], [2000, 0.00689571538940072], [2100, 0.005990821598097682], [2200, 0.005231779797468334], [2300, 0.005405627959407866], [2400, 0.004955653515644372], [2500, 0.003743094478268176]]}, "ckpt_id": "msd_task04_hippocampus__P1__s1000__r0", "ckpt_path": "", "ckpt_hash": "d34c8151267e45ba3422abfd6d25182209e2c3dc225b69cc564977cb64c56015", "config_hash": "db7446573c288a276bfe3638adbf2614d369524c482aeb47e957628efb35157c", "feature_cache_keys": {}, "sam_model_type": "", "sam_checkpoint": "", "metrics": {"primary_metric": "mean_dsc_fg_case_macro", "metric_version": "v3_case_macro", "eval_scope": "case_retained_slices", "mean_dsc_fg_case_macro": 0.6262358383354012, "mean_dsc_fg": 0.6262358383354012, "mean_dsc_fg_pooled_diagnostic": 0.6354019886688123, "dsc_per_class_pooled": [0.9846113969373098, 0.5944989486104212, 0.6763050287272032], "dsc_per_class": [0.9846113969373098, 0.5944989486104212, 0.6763050287272032], "n_cases": 22, "n_eval": 482, "structure_detection_rate": 1.0, "missed_structure_rate": 0.0}, "runtime_sec": {"train": 992.8327910900116, "eval": 8.054997682571411, "select": 72.90678024291992}, "gpu_mem_mb": 9368.62208, "gpu_name": "NVIDIA A40", "gpu_total_mem_mb": 47960.489984, "foundation": {}, "notes": ""}
{"schema_version": "v3", "run_id": "msd_task04_hippocampus__P1__s1000", "round": 1, "dataset": "msd_task04_hippocampus", "modality": "mri", "target": "hippocampus_anterior", "dim": "3d", "query_unit": "slice", "seed": 1000, "round_seed": 1001, "component_seeds": {"model_init_seed": 1028625171, "loader_seed": 316625031, "query_seed": 253434028, "dropout_seed": 3317428529}, "total_rounds": 7, "budget_denominator": {"full_train_N": 3921, "requested_pool_cap": 5000, "actual_AL_pool_N": 3921, "budget_plan": [40, 79, 157, 275, 393, 589, 785], "fraction_of_AL_pool": 0.20020402958428973, "fraction_of_full_train": 0.20020402958428973}, "policy_id": "P1", "policy_name": "EntropyFull", "method_version": "1.0", "is_ablation": false, "policy_config": {}, "cumulative_budget": 79, "incremental_query_count": 78, "labeled_count": 79, "labeled_ratio": 0.020147921448610048, "selected_ids": ["hippocampus_160_s021", "hippocampus_160_s018", "hippocampus_217_s018", "hippocampus_199_s011", "hippocampus_217_s019", "hippocampus_199_s017", "hippocampus_217_s027", "hippocampus_160_s019", "hippocampus_243_s011", "hippocampus_235_s010", "hippocampus_160_s023", "hippocampus_337_s017", "hippocampus_199_s014", "hippocampus_292_s006", "hippocampus_243_s012", "hippocampus_226_s014", "hippocampus_217_s024", "hippocampus_243_s014", "hippocampus_199_s010", "hippocampus_243_s013", "hippocampus_199_s018", "hippocampus_127_s021", "hippocampus_261_s022", "hippocampus_199_s015", "hippocampus_217_s023", "hippocampus_171_s020", "hippocampus_328_s007", "hippocampus_261_s023", "hippocampus_160_s006", "hippocampus_217_s020", "hippocampus_261_s020", "hippocampus_199_s013", "hippocampus_280_s015", "hippocampus_127_s020", "hippocampus_375_s016", "hippocampus_160_s017", "hippocampus_166_s022", "hippocampus_160_s010", "hippocampus_220_s008", "hippocampus_217_s025", "hippocampus_160_s020", "hippocampus_199_s019", "hippocampus_171_s017", "hippocampus_145_s022", "hippocampus_261_s019", "hippocampus_261_s016", "hippocampus_199_s016", "hippocampus_226_s013", "hippocampus_299_s016", "hippocampus_301_s009", "hippocampus_328_s009", "hippocampus_160_s013", "hippocampus_171_s022", "hippocampus_221_s018", "hippocampus_243_s023", "hippocampus_199_s021", "hippocampus_166_s009", "hippocampus_280_s011", "hippocampus_017_s019", "hippocampus_279_s020", "hippocampus_336_s009", "hippocampus_337_s016", "hippocampus_337_s021", "hippocampus_199_s020", "hippocampus_199_s022", "hippocampus_228_s015", "hippocampus_008_s006", "hippocampus_328_s008", "hippocampus_217_s021", "hippocampus_217_s009", "hippocampus_025_s005", "hippocampus_203_s006", "hippocampus_160_s016", "hippocampus_173_s019", "hippocampus_217_s007", "hippocampus_331_s006", "hippocampus_328_s013", "hippocampus_292_s007"], "selected_scores": [0.011912809684872627, 0.011777090840041637, 0.01042752806097269, 0.010288494639098644, 0.010167397558689117, 0.009130708873271942, 0.009022652171552181, 0.00873656291514635, 0.00861999113112688, 0.008548131212592125, 0.008493838831782341, 0.008464974351227283, 0.008449039421975613, 0.008447444997727871, 0.0081602418795228, 0.008156322874128819, 0.008151003159582615, 0.008130943402647972, 0.008107895031571388, 0.008097520098090172, 0.008075154386460781, 0.008029485121369362, 0.008016922511160374, 0.00791290495544672, 0.007887497544288635, 0.007881456054747105, 0.007871977053582668, 0.007829959504306316, 0.00779384933412075, 0.0077238320372998714, 0.007687152363359928, 0.0076865460723638535, 0.007669595070183277, 0.007659221533685923, 0.007658930961042643, 0.007637619040906429, 0.007602691650390625, 0.007595103699713945, 0.007588495500385761, 0.007552602794021368, 0.007524396292865276, 0.007518690545111895, 0.007506124675273895, 0.007485693320631981, 0.007468606811016798, 0.007464737631380558, 0.007444729097187519, 0.0074292924255132675, 0.007427978329360485, 0.007397534791380167, 0.007325408980250359, 0.007305091246962547, 0.007293865084648132, 0.0072849406860768795, 0.007250512018799782, 0.007248156704008579, 0.007175315171480179, 0.0071570188738405704, 0.007155348546802998, 0.007144232280552387, 0.007106505334377289, 0.007105957716703415, 0.007104155607521534, 0.0070906816981732845, 0.007032063789665699, 0.007020194083452225, 0.006994659546762705, 0.006993423216044903, 0.00697417464107275, 0.006964219268411398, 0.006958708167076111, 0.006931211333721876, 0.006922388914972544, 0.006921251770108938, 0.006902364082634449, 0.006891618948429823, 0.006881217937916517, 0.006875347811728716], "selected_pred_fg_ratio": [0.0628204345703125, 0.07444381713867188, 0.0528564453125, 0.035060882568359375, 0.050891876220703125, 0.042057037353515625, 0.0267791748046875, 0.073638916015625, 0.0288238525390625, 0.08436203002929688, 0.04473114013671875, 0.1316680908203125, 0.045299530029296875, 0.06888198852539062, 0.045665740966796875, 0.05536651611328125, 0.03324127197265625, 0.04727935791015625, 0.03079986572265625, 0.04511260986328125, 0.049503326416015625, 0.038669586181640625, 0.0541534423828125, 0.042865753173828125, 0.04195404052734375, 0.05462646484375, 0.061115264892578125, 0.03380584716796875, 0.036640167236328125, 0.051013946533203125, 0.07155227661132812, 0.032093048095703125, 0.06682968139648438, 0.048816680908203125, 0.08461761474609375, 0.07935714721679688, 0.0560150146484375, 0.07205581665039062, 0.045543670654296875, 0.0253143310546875, 0.07503128051757812, 0.0420684814453125, 0.044292449951171875, 0.035888671875, 0.0772857666015625, 0.07870101928710938, 0.0346527099609375, 0.060543060302734375, 0.06496429443359375, 0.07545852661132812, 0.05886077880859375, 0.07287216186523438, 0.0333404541015625, 0.0484161376953125, 0.02225494384765625, 0.035968780517578125, 0.0852508544921875, 0.06643295288085938, 0.0782012939453125, 0.06392669677734375, 0.06880569458007812, 0.11336517333984375, 0.09840011596679688, 0.037631988525390625, 0.04114532470703125, 0.08145523071289062, 0.0694427490234375, 0.061214447021484375, 0.047290802001953125, 0.06203460693359375, 0.04590606689453125, 0.058834075927734375, 0.0734710693359375, 0.0901641845703125, 0.042205810546875, 0.07216644287109375, 0.08185958862304688, 0.07610702514648438], "selected_pred_class_dist": [[0.9371795654296875, 0.029140472412109375, 0.033679962158203125], [0.9255561828613281, 0.042812347412109375, 0.0316314697265625], [0.9471435546875, 0.028606414794921875, 0.024250030517578125], [0.9649391174316406, 0.0171661376953125, 0.017894744873046875], [0.9491081237792969, 0.0220489501953125, 0.028842926025390625], [0.9579429626464844, 0.027484893798828125, 0.0145721435546875], [0.9732208251953125, 0.0172119140625, 0.0095672607421875], [0.926361083984375, 0.034343719482421875, 0.039295196533203125], [0.9711761474609375, 0.008205413818359375, 0.020618438720703125], [0.9156379699707031, 0.04998779296875, 0.034374237060546875], [0.9552688598632812, 0.01830291748046875, 0.02642822265625], [0.8683319091796875, 0.07520294189453125, 0.05646514892578125], [0.9547004699707031, 0.019351959228515625, 0.02594757080078125], [0.9311180114746094, 0.053924560546875, 0.014957427978515625], [0.9543342590332031, 0.015956878662109375, 0.0297088623046875], [0.9446334838867188, 0.026065826416015625, 0.029300689697265625], [0.9667587280273438, 0.022701263427734375, 0.010540008544921875], [0.9527206420898438, 0.0112762451171875, 0.03600311279296875], [0.9692001342773438, 0.018585205078125, 0.01221466064453125], [0.9548873901367188, 0.011585235595703125, 0.033527374267578125], [0.9504966735839844, 0.02471923828125, 0.024784088134765625], [0.9613304138183594, 0.0259246826171875, 0.012744903564453125], [0.9458465576171875, 0.040435791015625, 0.0137176513671875], [0.9571342468261719, 0.021942138671875, 0.020923614501953125], [0.9580459594726562, 0.027446746826171875, 0.014507293701171875], [0.94537353515625, 0.0248260498046875, 0.0298004150390625], [0.9388847351074219, 0.026576995849609375, 0.03453826904296875], [0.9661941528320312, 0.023899078369140625, 0.009906768798828125], [0.9633598327636719, 0.015838623046875, 0.020801544189453125], [0.9489860534667969, 0.0235137939453125, 0.027500152587890625], [0.9284477233886719, 0.04802703857421875, 0.023525238037109375], [0.9679069519042969, 0.00974273681640625, 0.022350311279296875], [0.9331703186035156, 0.027698516845703125, 0.03913116455078125], [0.9511833190917969, 0.031646728515625, 0.017169952392578125], [0.9153823852539062, 0.04659271240234375, 0.03802490234375], [0.9206428527832031, 0.037998199462890625, 0.04135894775390625], [0.9439849853515625, 0.020008087158203125, 0.036006927490234375], [0.9279441833496094, 0.0465240478515625, 0.025531768798828125], [0.9544563293457031, 0.027988433837890625, 0.01755523681640625], [0.9746856689453125, 0.0160980224609375, 0.00921630859375], [0.9249687194824219, 0.03973388671875, 0.035297393798828125], [0.9579315185546875, 0.0178070068359375, 0.024261474609375], [0.9557075500488281, 0.01834869384765625, 0.025943756103515625], [0.964111328125, 0.02828216552734375, 0.00760650634765625], [0.9227142333984375, 0.0414276123046875, 0.035858154296875], [0.9212989807128906, 0.035694122314453125, 0.04300689697265625], [0.9653472900390625, 0.02120208740234375, 0.01345062255859375], [0.9394569396972656, 0.030887603759765625, 0.02965545654296875], [0.9350357055664062, 0.030597686767578125, 0.034366607666015625], [0.9245414733886719, 0.0518035888671875, 0.023654937744140625], [0.9411392211914062, 0.01375579833984375, 0.04510498046875], [0.9271278381347656, 0.045711517333984375, 0.02716064453125], [0.9666595458984375, 0.014904022216796875, 0.018436431884765625], [0.9515838623046875, 0.029224395751953125, 0.019191741943359375], [0.9777450561523438, 0.009632110595703125, 0.012622833251953125], [0.9640312194824219, 0.0171661376953125, 0.018802642822265625], [0.9147491455078125, 0.04506683349609375, 0.04018402099609375], [0.9335670471191406, 0.03894805908203125, 0.027484893798828125], [0.9217987060546875, 0.05938720703125, 0.0188140869140625], [0.9360733032226562, 0.047664642333984375, 0.016262054443359375], [0.9311943054199219, 0.039905548095703125, 0.028900146484375], [0.8866348266601562, 0.0572509765625, 0.05611419677734375], [0.9015998840332031, 0.06084442138671875, 0.037555694580078125], [0.9623680114746094, 0.009395599365234375, 0.02823638916015625], [0.9588546752929688, 0.017726898193359375, 0.023418426513671875], [0.9185447692871094, 0.04375457763671875, 0.037700653076171875], [0.9305572509765625, 0.044612884521484375, 0.024829864501953125], [0.9387855529785156, 0.023502349853515625, 0.03771209716796875], [0.9527091979980469, 0.024074554443359375, 0.02321624755859375], [0.9379653930664062, 0.028087615966796875, 0.033946990966796875], [0.9540939331054688, 0.024959564208984375, 0.020946502685546875], [0.9411659240722656, 0.031719207763671875, 0.0271148681640625], [0.9265289306640625, 0.037975311279296875, 0.035495758056640625], [0.9098358154296875, 0.048065185546875, 0.0420989990234375], [0.957794189453125, 0.020252227783203125, 0.021953582763671875], [0.9278335571289062, 0.04187774658203125, 0.0302886962890625], [0.9181404113769531, 0.032672882080078125, 0.04918670654296875], [0.9238929748535156, 0.0460968017578125, 0.030010223388671875]], "candidate_count": 3842, "candidate_scores_path": "/groups/echambe2/gmeng/MedAL-Agent/repo/code/runs/frozen_v5/candidate_scores/msd_task04_hippocampus__P1__s1000__r1.json", "predictions_path": "", "initial_labeled_path": "/groups/echambe2/gmeng/MedAL-Agent/repo/code/runs/frozen_v5/init_sets/msd_task04_hippocampus__s1000__n40.json", "initial_labeled_ids": [], "selection_diagnostics": {}, "training": {"num_iters": 1000, "batch_size": 12, "lr": 0.001, "image_size": 512, "aspect_preserve": true, "resolution_policy": "longside_pad32", "preproc_cache": {"pool": "hit", "val": "hit"}, "train_runtime_sec": 1149.2688827514648, "query_runtime_sec": 70.52209877967834, "iters": 2900, "stop_iter": 2900, "mean_loss": 0.12427494505669215, "last_loss": 0.002759846393018961, "stop_reason": "plateau", "hit_max_iters": false, "final_smooth_loss": 0.0038828608789481223, "best_smooth_loss": 0.007501030019484461, "diverged": false, "loss_curve": [[1000, 0.08078871004283428], [1100, 0.0676677941903472], [1200, 0.05779921233654022], [1300, 0.05486163035035133], [1400, 0.04156248431652784], [1500, 0.03570634443312883], [1600, 0.028474046755582093], [1700, 0.024677753280848265], [1800, 0.023917703106999397], [1900, 0.06970164066180587], [2000, 0.02473961207084358], [2100, 0.013581625530496239], [2200, 0.010652537001296878], [2300, 0.009209393137134612], [2400, 0.007501030019484461], [2500, 0.006411914960481226], [2600, 0.0059792032232508065], [2700, 0.005145152201876045], [2800, 0.004501709914766252], [2900, 0.0038828608789481223]]}, "ckpt_id": "msd_task04_hippocampus__P1__s1000__r1", "ckpt_path": "", "ckpt_hash": "0a891e122951e3e815d35407ea66f4722aaab309614fb008208bd56dc995f0cd", "config_hash": "db7446573c288a276bfe3638adbf2614d369524c482aeb47e957628efb35157c", "feature_cache_keys": {}, "sam_model_type": "", "sam_checkpoint": "", "metrics": {"primary_metric": "mean_dsc_fg_case_macro", "metric_version": "v3_case_macro", "eval_scope": "case_retained_slices", "mean_dsc_fg_case_macro": 0.6882102321455392, "mean_dsc_fg": 0.6882102321455392, "mean_dsc_fg_pooled_diagnostic": 0.7020658041841377, "dsc_per_class_pooled": [0.9860334000679496, 0.6781543099903373, 0.7259772983779379], "dsc_per_class": [0.9860334000679496, 0.6781543099903373, 0.7259772983779379], "n_cases": 22, "n_eval": 482, "structure_detection_rate": 1.0, "missed_structure_rate": 0.0}, "runtime_sec": {"train": 1149.2688827514648, "eval": 7.360644102096558, "select": 70.52209877967834}, "gpu_mem_mb": 9417.150464, "gpu_name": "NVIDIA A40", "gpu_total_mem_mb": 47960.489984, "foundation": {}, "notes": ""}
