{"schema_version": "v3", "run_id": "msd_task03_liver__P5__s1000", "round": 0, "dataset": "msd_task03_liver", "modality": "ct", "target": "liver", "dim": "3d", "query_unit": "slice", "seed": 1000, "round_seed": 1000, "component_seeds": {"model_init_seed": 2989689681, "loader_seed": 4191542321, "query_seed": 2529548519, "dropout_seed": 3619692248}, "total_rounds": 7, "budget_denominator": {"full_train_N": 15643, "requested_pool_cap": 5000, "actual_AL_pool_N": 2500, "budget_plan": [25, 50, 100, 176, 250, 375, 500], "fraction_of_AL_pool": 0.2, "fraction_of_full_train": 0.031963178418461934}, "policy_id": "P5", "policy_name": "EntropyCoreSet", "method_version": "1.0", "is_ablation": false, "policy_config": {}, "cumulative_budget": 25, "incremental_query_count": 25, "labeled_count": 25, "labeled_ratio": 0.01, "selected_ids": ["liver_28_s361", "liver_31_s432", "liver_32_s280", "liver_44_s392", "liver_31_s376", "liver_28_s260", "liver_116_s428", "liver_45_s280", "liver_45_s391", "liver_28_s298", "liver_39_s235", "liver_44_s348", "liver_40_s457", "liver_40_s412", "liver_39_s147", "liver_28_s182", "liver_45_s361", "liver_31_s333", "liver_101_s217", "liver_32_s248", "liver_71_s075", "liver_94_s372", "liver_33_s344", "liver_12_s389", "liver_32_s301"], "selected_scores": [0.006767224054783583, 0.00561112305149436, 0.005748707335442305, 0.00547189824283123, 0.006240141112357378, 0.005785360932350159, 0.006002947688102722, 0.006010462064296007, 0.006737121846526861, 0.0055920276790857315, 0.006305691786110401, 0.0060828011482954025, 0.005536272190511227, 0.005710245110094547, 0.005676962900906801, 0.007672277744859457, 0.00827624462544918, 0.006197884678840637, 0.006202594842761755, 0.007719732820987701, 0.007700291462242603, 0.005548025947064161, 0.005642956588417292, 0.005965705495327711, 0.0058550904504954815], "selected_pred_fg_ratio": [0.06490707397460938, 0.00177001953125, 0.017704010009765625, 0.051868438720703125, 0.03539276123046875, 0.0261383056640625, 0.01935577392578125, 0.0065460205078125, 0.027141571044921875, 0.031707763671875, 0.02256011962890625, 0.0366363525390625, 0.018199920654296875, 0.041568756103515625, 0.017818450927734375, 0.008960723876953125, 0.02498626708984375, 0.0253448486328125, 0.030536651611328125, 0.019077301025390625, 0.21539688110351562, 0.0355987548828125, 0.035465240478515625, 0.18639373779296875, 0.027912139892578125], "selected_pred_class_dist": [[0.9350929260253906, 0.06490707397460938, 0.0], [0.99822998046875, 0.00177001953125, 0.0], [0.9822959899902344, 0.017665863037109375, 3.814697265625e-05], [0.9481315612792969, 0.051868438720703125, 0.0], [0.9646072387695312, 0.03539276123046875, 0.0], [0.9738616943359375, 0.0261383056640625, 0.0], [0.9806442260742188, 0.01929473876953125, 6.103515625e-05], [0.9934539794921875, 0.0065460205078125, 0.0], [0.9728584289550781, 0.027141571044921875, 0.0], [0.968292236328125, 0.031688690185546875, 1.9073486328125e-05], [0.9774398803710938, 0.02256011962890625, 0.0], [0.9633636474609375, 0.0366363525390625, 0.0], [0.9818000793457031, 0.018199920654296875, 0.0], [0.9584312438964844, 0.041568756103515625, 0.0], [0.9821815490722656, 0.017818450927734375, 0.0], [0.9910392761230469, 0.008960723876953125, 0.0], [0.9750137329101562, 0.02498626708984375, 0.0], [0.9746551513671875, 0.0253448486328125, 0.0], [0.9694633483886719, 0.030536651611328125, 0.0], [0.9809226989746094, 0.019077301025390625, 0.0], [0.7846031188964844, 0.21110153198242188, 0.00429534912109375], [0.9644012451171875, 0.0355987548828125, 0.0], [0.9645347595214844, 0.035465240478515625, 0.0], [0.8136062622070312, 0.18507003784179688, 0.001323699951171875], [0.9720878601074219, 0.027912139892578125, 0.0]], "candidate_count": 2475, "candidate_scores_path": "/groups/echambe2/gmeng/MedAL-Agent/repo/code/runs/frozen_v5/candidate_scores/msd_task03_liver__P5__s1000__r0.json", "predictions_path": "", "initial_labeled_path": "/groups/echambe2/gmeng/MedAL-Agent/repo/code/runs/frozen_v5/init_sets/msd_task03_liver__s1000__n25.json", "initial_labeled_ids": ["liver_101_s364", "liver_107_s460", "liver_109_s311", "liver_110_s521", "liver_111_s295", "liver_117_s440", "liver_119_s278", "liver_122_s250", "liver_127_s422", "liver_13_s400", "liver_14_s280", "liver_15_s281", "liver_21_s343", "liver_28_s458", "liver_30_s288", "liver_30_s405", "liver_30_s413", "liver_31_s255", "liver_31_s404", "liver_44_s203", "liver_47_s427", "liver_71_s084", "liver_93_s268", "liver_93_s493", "liver_98_s257"], "selection_diagnostics": {}, "training": {"num_iters": 1000, "batch_size": 12, "lr": 0.001, "image_size": 512, "aspect_preserve": true, "resolution_policy": "longside_pad32", "preproc_cache": {"pool": "hit", "val": "hit"}, "train_runtime_sec": 1486.8804631233215, "query_runtime_sec": 53.955430030822754, "iters": 3800, "stop_iter": 3800, "mean_loss": 0.20769850580560925, "last_loss": 0.03689436987042427, "stop_reason": "plateau", "hit_max_iters": false, "final_smooth_loss": 0.058763496093451974, "best_smooth_loss": 0.05304753081873059, "diverged": false, "loss_curve": [[1000, 0.17997159175574778], [1100, 0.16610030584037305], [1200, 0.1723717464506626], [1300, 0.176796999797225], [1400, 0.16157849721610545], [1500, 0.15840756826102734], [1600, 0.18219376172870397], [1700, 0.1512213299050927], [1800, 0.15700546834617854], [1900, 0.15723616566509008], [2000, 0.14861077524721622], [2100, 0.13598191630095244], [2200, 0.19519212998449803], [2300, 0.14833508722484112], [2400, 0.16580487303435804], [2500, 0.13583810701966287], [2600, 0.10698373895138502], [2700, 0.12164376605302095], [2800, 0.08228980995714665], [2900, 0.06610577328130603], [3000, 0.08108313594013453], [3100, 0.07191512059420348], [3200, 0.05942306539043784], [3300, 0.05304753081873059], [3400, 0.05154827918857336], [3500, 0.06766387775540351], [3600, 0.07123266346752644], [3700, 0.08541765868663788], [3800, 0.058763496093451974]]}, "ckpt_id": "msd_task03_liver__P5__s1000__r0", "ckpt_path": "", "ckpt_hash": "bffd2b036b0efc6bafd328f68d15bff4842b472950377a2e18b5ff4a567cc511", "config_hash": "e4fae46d1c013eb7c36e2eeecfd787bd198e1e60b7f9bf7f044c146e0d2a9270", "feature_cache_keys": {"task_unet": "task_unet_bottleneck@bffd2b036b0e"}, "sam_model_type": "", "sam_checkpoint": "", "metrics": {"primary_metric": "mean_dsc_fg_case_macro", "metric_version": "v3_case_macro", "eval_scope": "case_retained_slices", "mean_dsc_fg_case_macro": 0.4082293377176942, "mean_dsc_fg": 0.4082293377176942, "mean_dsc_fg_pooled_diagnostic": 0.4373732835692584, "dsc_per_class_pooled": [0.990207943502773, 0.7557540897486089, 0.11899247738990787], "dsc_per_class": [0.990207943502773, 0.7557540897486089, 0.11899247738990787], "n_cases": 11, "n_eval": 500, "structure_detection_rate": 1.0, "missed_structure_rate": 0.0}, "runtime_sec": {"train": 1486.8804631233215, "eval": 8.354657649993896, "select": 53.955430030822754}, "gpu_mem_mb": 9368.62208, "gpu_name": "NVIDIA A40", "gpu_total_mem_mb": 47960.489984, "foundation": {}, "notes": ""}
{"schema_version": "v3", "run_id": "msd_task03_liver__P5__s1000", "round": 1, "dataset": "msd_task03_liver", "modality": "ct", "target": "liver", "dim": "3d", "query_unit": "slice", "seed": 1000, "round_seed": 1001, "component_seeds": {"model_init_seed": 1028625171, "loader_seed": 316625031, "query_seed": 253434028, "dropout_seed": 3317428529}, "total_rounds": 7, "budget_denominator": {"full_train_N": 15643, "requested_pool_cap": 5000, "actual_AL_pool_N": 2500, "budget_plan": [25, 50, 100, 176, 250, 375, 500], "fraction_of_AL_pool": 0.2, "fraction_of_full_train": 0.031963178418461934}, "policy_id": "P5", "policy_name": "EntropyCoreSet", "method_version": "1.0", "is_ablation": false, "policy_config": {}, "cumulative_budget": 50, "incremental_query_count": 50, "labeled_count": 50, "labeled_ratio": 0.02, "selected_ids": ["liver_55_s094", "liver_45_s431", "liver_111_s393", "liver_39_s304", "liver_39_s369", "liver_4_s359", "liver_36_s337", "liver_32_s209", "liver_13_s373", "liver_28_s326", "liver_44_s310", "liver_40_s471", "liver_25_s172", "liver_101_s204", "liver_40_s291", "liver_29_s193", "liver_31_s358", "liver_31_s210", "liver_33_s454", "liver_44_s228", "liver_44_s235", "liver_33_s212", "liver_71_s082", "liver_71_s061", "liver_33_s429", "liver_108_s531", "liver_28_s150", "liver_130_s510", "liver_38_s208", "liver_100_s589", "liver_29_s333", "liver_36_s221", "liver_40_s335", "liver_40_s382", "liver_40_s201", "liver_39_s282", "liver_33_s238", "liver_98_s303", "liver_4_s349", "liver_30_s204", "liver_33_s323", "liver_28_s223", "liver_33_s283", "liver_44_s285", "liver_32_s258", "liver_38_s183", "liver_82_s456", "liver_40_s174", "liver_45_s174", "liver_45_s321"], "selected_scores": [0.00542464992031455, 0.005955307744443417, 0.004884687252342701, 0.004851456731557846, 0.00498170405626297, 0.0057318746112287045, 0.006286350544542074, 0.0058196065947413445, 0.004994750022888184, 0.006861865054816008, 0.006450230721384287, 0.006154781673103571, 0.00469744298607111, 0.0058717369101941586, 0.004942555446177721, 0.006053626537322998, 0.0048875948414206505, 0.007943832315504551, 0.006389398127794266, 0.005096170119941235, 0.005206035450100899, 0.005249155219644308, 0.005265344865620136, 0.008521879091858864, 0.008135296404361725, 0.00607918668538332, 0.008150757290422916, 0.004876026883721352, 0.008523819968104362, 0.005865140818059444, 0.005433321930468082, 0.005252629052847624, 0.004828115925192833, 0.005177313461899757, 0.006704443600028753, 0.006735727656632662, 0.004804524127393961, 0.005583038087934256, 0.00562127772718668, 0.005089748650789261, 0.005979189649224281, 0.004811231046915054, 0.006025608628988266, 0.005440376698970795, 0.005042160861194134, 0.005572514608502388, 0.004843735136091709, 0.009821547195315361, 0.0060213967226445675, 0.0060273343697190285], "selected_pred_fg_ratio": [0.0535736083984375, 0.003665924072265625, 0.13996124267578125, 0.0608673095703125, 0.06412124633789062, 0.0335540771484375, 0.025516510009765625, 0.015903472900390625, 0.09358978271484375, 0.054019927978515625, 0.033695220947265625, 0.004840850830078125, 0.02265167236328125, 0.018672943115234375, 0.020549774169921875, 0.016757965087890625, 0.03336334228515625, 0.005222320556640625, 0.008636474609375, 0.015598297119140625, 0.01811981201171875, 0.007938385009765625, 0.16905593872070312, 0.07421112060546875, 0.03256988525390625, 0.106719970703125, 0.014156341552734375, 0.1124267578125, 0.013095855712890625, 0.13880157470703125, 0.05007171630859375, 0.004978179931640625, 0.03009796142578125, 0.042446136474609375, 0.009128570556640625, 0.03351593017578125, 0.0079193115234375, 0.026187896728515625, 0.0268707275390625, 0.0056304931640625, 0.022380828857421875, 0.01836395263671875, 0.0084381103515625, 0.029392242431640625, 0.02539825439453125, 0.010005950927734375, 0.14849472045898438, 0.01153564453125, 0.00971221923828125, 0.02182769775390625], "selected_pred_class_dist": [[0.9464263916015625, 0.0393524169921875, 0.01422119140625], [0.9963340759277344, 0.003665924072265625, 0.0], [0.8600387573242188, 0.139801025390625, 0.00016021728515625], [0.9391326904296875, 0.0608673095703125, 0.0], [0.9358787536621094, 0.06412124633789062, 0.0], [0.9664459228515625, 0.033550262451171875, 3.814697265625e-06], [0.9744834899902344, 0.025390625, 0.000125885009765625], [0.9840965270996094, 0.015903472900390625, 0.0], [0.9064102172851562, 0.07953262329101562, 0.014057159423828125], [0.9459800720214844, 0.051670074462890625, 0.002349853515625], [0.9663047790527344, 0.03357696533203125, 0.000118255615234375], [0.9951591491699219, 0.004840850830078125, 0.0], [0.9773483276367188, 0.02265167236328125, 0.0], [0.9813270568847656, 0.018672943115234375, 0.0], [0.9794502258300781, 0.020549774169921875, 0.0], [0.9832420349121094, 0.015522003173828125, 0.0012359619140625], [0.9666366577148438, 0.03336334228515625, 0.0], [0.9947776794433594, 0.005222320556640625, 0.0], [0.991363525390625, 0.0085601806640625, 7.62939453125e-05], [0.9844017028808594, 0.015598297119140625, 0.0], [0.9818801879882812, 0.01811981201171875, 0.0], [0.9920616149902344, 0.007831573486328125, 0.0001068115234375], [0.8309440612792969, 0.162506103515625, 0.006549835205078125], [0.9257888793945312, 0.056827545166015625, 0.017383575439453125], [0.9674301147460938, 0.030841827392578125, 0.001728057861328125], [0.893280029296875, 0.094757080078125, 0.011962890625], [0.9858436584472656, 0.014095306396484375, 6.103515625e-05], [0.8875732421875, 0.11054229736328125, 0.00188446044921875], [0.9869041442871094, 0.013095855712890625, 0.0], [0.8611984252929688, 0.120758056640625, 0.01804351806640625], [0.9499282836914062, 0.05007171630859375, 0.0], [0.9950218200683594, 0.004978179931640625, 0.0], [0.9699020385742188, 0.028514862060546875, 0.001583099365234375], [0.9575538635253906, 0.040363311767578125, 0.00208282470703125], [0.9908714294433594, 0.0091094970703125, 1.9073486328125e-05], [0.9664840698242188, 0.03351593017578125, 0.0], [0.9920806884765625, 0.0079193115234375, 0.0], [0.9738121032714844, 0.026073455810546875, 0.00011444091796875], [0.9731292724609375, 0.0268707275390625, 0.0], [0.9943695068359375, 0.0056304931640625, 0.0], [0.9776191711425781, 0.021697998046875, 0.000682830810546875], [0.9816360473632812, 0.018047332763671875, 0.000316619873046875], [0.9915618896484375, 0.0084381103515625, 0.0], [0.9706077575683594, 0.02867889404296875, 0.000713348388671875], [0.9746017456054688, 0.02539825439453125, 0.0], [0.9899940490722656, 0.010005950927734375, 0.0], [0.8515052795410156, 0.1482391357421875, 0.000255584716796875], [0.98846435546875, 0.01153564453125, 0.0], [0.9902877807617188, 0.00971221923828125, 0.0], [0.9781723022460938, 0.02182769775390625, 0.0]], "candidate_count": 2450, "candidate_scores_path": "/groups/echambe2/gmeng/MedAL-Agent/repo/code/runs/frozen_v5/candidate_scores/msd_task03_liver__P5__s1000__r1.json", "predictions_path": "", "initial_labeled_path": "/groups/echambe2/gmeng/MedAL-Agent/repo/code/runs/frozen_v5/init_sets/msd_task03_liver__s1000__n25.json", "initial_labeled_ids": [], "selection_diagnostics": {}, "training": {"num_iters": 1000, "batch_size": 12, "lr": 0.001, "image_size": 512, "aspect_preserve": true, "resolution_policy": "longside_pad32", "preproc_cache": {"pool": "hit", "val": "hit"}, "train_runtime_sec": 1662.3407781124115, "query_runtime_sec": 58.406216621398926, "iters": 4200, "stop_iter": 4200, "mean_loss": 0.15955910141668503, "last_loss": 0.016523707658052444, "stop_reason": "plateau", "hit_max_iters": false, "final_smooth_loss": 0.040889450144022704, "best_smooth_loss": 0.045024039149284364, "diverged": false, "loss_curve": [[1000, 0.1111504814773798], [1100, 0.11622099839150905], [1200, 0.097698056101799], [1300, 0.09189615294337272], [1400, 0.1035001215711236], [1500, 0.1027009891346097], [1600, 0.09585144214332103], [1700, 0.0830607432872057], [1800, 0.1037203697860241], [1900, 0.08485533833503724], [2000, 0.110826445966959], [2100, 0.07696635648608208], [2200, 0.07818212434649467], [2300, 0.06656046912074089], [2400, 0.06755917653441429], [2500, 0.07382980771362782], [2600, 0.07057654788717628], [2700, 0.06593168063089251], [2800, 0.05717219419777393], [2900, 0.060939696859568356], [3000, 0.05406153017655015], [3100, 0.06539876913651824], [3200, 0.062445650659501556], [3300, 0.051586324200034145], [3400, 0.05108086083084345], [3500, 0.06392285497859121], [3600, 0.04760141357779503], [3700, 0.045024039149284364], [3800, 0.04885461404919624], [3900, 0.051253996919840575], [4000, 0.04169579673558474], [4100, 0.045681126546114684], [4200, 0.040889450144022704]]}, "ckpt_id": "msd_task03_liver__P5__s1000__r1", "ckpt_path": "", "ckpt_hash": "750b9a15da35333723771bc1577e228ad50d2d640bc2477ba1a08dc128509bc0", "config_hash": "e4fae46d1c013eb7c36e2eeecfd787bd198e1e60b7f9bf7f044c146e0d2a9270", "feature_cache_keys": {"task_unet": "task_unet_bottleneck@750b9a15da35"}, "sam_model_type": "", "sam_checkpoint": "", "metrics": {"primary_metric": "mean_dsc_fg_case_macro", "metric_version": "v3_case_macro", "eval_scope": "case_retained_slices", "mean_dsc_fg_case_macro": 0.4629726998215187, "mean_dsc_fg": 0.4629726998215187, "mean_dsc_fg_pooled_diagnostic": 0.5082797044283487, "dsc_per_class_pooled": [0.9912650207568219, 0.7835858449730826, 0.23297356388361476], "dsc_per_class": [0.9912650207568219, 0.7835858449730826, 0.23297356388361476], "n_cases": 11, "n_eval": 500, "structure_detection_rate": 1.0, "missed_structure_rate": 0.0}, "runtime_sec": {"train": 1662.3407781124115, "eval": 8.073157787322998, "select": 58.406216621398926}, "gpu_mem_mb": 9417.150464, "gpu_name": "NVIDIA A40", "gpu_total_mem_mb": 47960.489984, "foundation": {}, "notes": ""}
{"schema_version": "v3", "run_id": "msd_task03_liver__P5__s1000", "round": 2, "dataset": "msd_task03_liver", "modality": "ct", "target": "liver", "dim": "3d", "query_unit": "slice", "seed": 1000, "round_seed": 1002, "component_seeds": {"model_init_seed": 265999627, "loader_seed": 1465654863, "query_seed": 2544461518, "dropout_seed": 3552612840}, "total_rounds": 7, "budget_denominator": {"full_train_N": 15643, "requested_pool_cap": 5000, "actual_AL_pool_N": 2500, "budget_plan": [25, 50, 100, 176, 250, 375, 500], "fraction_of_AL_pool": 0.2, "fraction_of_full_train": 0.031963178418461934}, "policy_id": "P5", "policy_name": "EntropyCoreSet", "method_version": "1.0", "is_ablation": false, "policy_config": {}, "cumulative_budget": 100, "incremental_query_count": 76, "labeled_count": 100, "labeled_ratio": 0.04, "selected_ids": ["liver_94_s421", "liver_101_s466", "liver_39_s348", "liver_94_s244", "liver_67_s087", "liver_5_s240", "liver_83_s400", "liver_31_s319", "liver_49_s148", "liver_29_s403", "liver_5_s209", "liver_32_s186", "liver_30_s228", "liver_39_s410", "liver_28_s126", "liver_55_s169", "liver_120_s266", "liver_32_s372", "liver_98_s192", "liver_44_s178", "liver_33_s302", "liver_33_s375", "liver_33_s228", "liver_45_s251", "liver_16_s423", "liver_126_s266", "liver_93_s357", "liver_78_s168", "liver_30_s215", "liver_32_s165", "liver_90_s460", "liver_101_s178", "liver_3_s456", "liver_39_s424", "liver_31_s226", "liver_52_s127", "liver_100_s394", "liver_31_s220", "liver_119_s330", "liver_28_s191", "liver_40_s276", "liver_28_s436", "liver_112_s472", "liver_117_s449", "liver_45_s297", "liver_3_s420", "liver_15_s363", "liver_120_s245", "liver_28_s310", "liver_109_s454", "liver_31_s293", "liver_12_s359", "liver_11_s371", "liver_108_s462", "liver_40_s185", "liver_29_s317", "liver_7_s461", "liver_130_s459", "liver_31_s238", "liver_55_s151", "liver_12_s442", "liver_71_s070", "liver_28_s390", "liver_88_s467", "liver_78_s145", "liver_32_s326", "liver_106_s415", "liver_45_s206", "liver_3_s412", "liver_15_s321", "liver_33_s290", "liver_57_s310", "liver_30_s261", "liver_86_s515", "liver_77_s071", "liver_5_s223"], "selected_scores": [0.015779180452227592, 0.008478100411593914, 0.00835474394261837, 0.00869075395166874, 0.012663892470300198, 0.00872179213911295, 0.008465067483484745, 0.008920388296246529, 0.008518103510141373, 0.009168591350317001, 0.010379336774349213, 0.008560795336961746, 0.012195141054689884, 0.009251710958778858, 0.008705082349479198, 0.009138017892837524, 0.010951891541481018, 0.008628369309008121, 0.009399698115885258, 0.013986770994961262, 0.009125325828790665, 0.008573455736041069, 0.008457803167402744, 0.010945799760520458, 0.009986978955566883, 0.013698196969926357, 0.011521773412823677, 0.00937957689166069, 0.010471003130078316, 0.010572576895356178, 0.009645812213420868, 0.009490483440458775, 0.009428934194147587, 0.011418348178267479, 0.008498896844685078, 0.008410874754190445, 0.009019278921186924, 0.009065832011401653, 0.009159442968666553, 0.01077804435044527, 0.008756163530051708, 0.015200396999716759, 0.008469346910715103, 0.00865781307220459, 0.009751171804964542, 0.011458595283329487, 0.011412760242819786, 0.008388157933950424, 0.01220176462084055, 0.008868945762515068, 0.009676625952124596, 0.009711257182061672, 0.010219993069767952, 0.010984581895172596, 0.0091021116822958, 0.008619935251772404, 0.00842361431568861, 0.008961067534983158, 0.0094975046813488, 0.00964559055864811, 0.009079097770154476, 0.010275818407535553, 0.008472460322082043, 0.011581018567085266, 0.008403288200497627, 0.00887098629027605, 0.010784417390823364, 0.011202211491763592, 0.009777906350791454, 0.009960690513253212, 0.009796502068638802, 0.00839752797037363, 0.008428535424172878, 0.011902873404324055, 0.008431650698184967, 0.01108924113214016], "selected_pred_fg_ratio": [0.0442352294921875, 0.05413055419921875, 0.07015228271484375, 0.01171112060546875, 0.001312255859375, 0.00699615478515625, 0.01570892333984375, 0.023860931396484375, 0.06622695922851562, 0.01947021484375, 0.01546478271484375, 0.00606536865234375, 0.0062103271484375, 0.04326629638671875, 0.002819061279296875, 0.11552047729492188, 0.06096649169921875, 0.05828857421875, 0.014278411865234375, 0.0072479248046875, 0.0217132568359375, 0.04949951171875, 0.008121490478515625, 0.012416839599609375, 0.1375732421875, 0.143341064453125, 0.09346389770507812, 0.12802886962890625, 0.005855560302734375, 0.007640838623046875, 0.09981918334960938, 0.015117645263671875, 0.10199737548828125, 0.031818389892578125, 0.009059906005859375, 0.10856246948242188, 0.01801300048828125, 0.00589752197265625, 0.050769805908203125, 0.01561737060546875, 0.022533416748046875, 0.033233642578125, 0.049999237060546875, 0.13982009887695312, 0.0157318115234375, 0.1515960693359375, 0.07012939453125, 0.10969924926757812, 0.04962158203125, 0.08165740966796875, 0.01592254638671875, 0.1437225341796875, 0.13689422607421875, 0.10918426513671875, 0.0054168701171875, 0.046779632568359375, 0.12139511108398438, 0.10008621215820312, 0.01140594482421875, 0.17724609375, 0.11348724365234375, 0.15472412109375, 0.06871414184570312, 0.14234542846679688, 0.10480117797851562, 0.047725677490234375, 0.1045074462890625, 0.00882720947265625, 0.14409637451171875, 0.18967819213867188, 0.0234527587890625, 0.16341781616210938, 0.0090789794921875, 0.16032028198242188, 0.0773773193359375, 0.016292572021484375], "selected_pred_class_dist": [[0.9557647705078125, 0.03839874267578125, 0.00583648681640625], [0.9458694458007812, 0.05161285400390625, 0.0025177001953125], [0.9298477172851562, 0.07015228271484375, 0.0], [0.9882888793945312, 0.01171112060546875, 0.0], [0.998687744140625, 0.001270294189453125, 4.1961669921875e-05], [0.9930038452148438, 0.00687408447265625, 0.0001220703125], [0.9842910766601562, 0.015460968017578125, 0.000247955322265625], [0.9761390686035156, 0.023715972900390625, 0.00014495849609375], [0.9337730407714844, 0.06507492065429688, 0.00115203857421875], [0.98052978515625, 0.01946258544921875, 7.62939453125e-06], [0.9845352172851562, 0.01384735107421875, 0.001617431640625], [0.9939346313476562, 0.00606536865234375, 0.0], [0.9937896728515625, 0.0062103271484375, 0.0], [0.9567337036132812, 0.04059600830078125, 0.0026702880859375], [0.9971809387207031, 0.002819061279296875, 0.0], [0.8844795227050781, 0.11503219604492188, 0.00048828125], [0.9390335083007812, 0.043453216552734375, 0.017513275146484375], [0.94171142578125, 0.0579071044921875, 0.0003814697265625], [0.9857215881347656, 0.01377105712890625, 0.000507354736328125], [0.9927520751953125, 0.007236480712890625, 1.1444091796875e-05], [0.9782867431640625, 0.0174102783203125, 0.004302978515625], [0.95050048828125, 0.04158782958984375, 0.00791168212890625], [0.9918785095214844, 0.008121490478515625, 0.0], [0.9875831604003906, 0.012416839599609375, 0.0], [0.8624267578125, 0.11558151245117188, 0.021991729736328125], [0.856658935546875, 0.14319610595703125, 0.00014495849609375], [0.9065361022949219, 0.09218215942382812, 0.00128173828125], [0.8719711303710938, 0.12802886962890625, 0.0], [0.9941444396972656, 0.005855560302734375, 0.0], [0.9923591613769531, 0.00669097900390625, 0.000949859619140625], [0.9001808166503906, 0.09558486938476562, 0.00423431396484375], [0.9848823547363281, 0.01497650146484375, 0.000141143798828125], [0.8980026245117188, 0.10125350952148438, 0.000743865966796875], [0.9681816101074219, 0.02857208251953125, 0.003246307373046875], [0.9909400939941406, 0.009059906005859375, 0.0], [0.8914375305175781, 0.10811233520507812, 0.00045013427734375], [0.9819869995117188, 0.01801300048828125, 0.0], [0.9941024780273438, 0.00589752197265625, 0.0], [0.9492301940917969, 0.04955291748046875, 0.001216888427734375], [0.9843826293945312, 0.015415191650390625, 0.000202178955078125], [0.9774665832519531, 0.021717071533203125, 0.00081634521484375], [0.966766357421875, 0.033233642578125, 0.0], [0.9500007629394531, 0.049861907958984375, 0.0001373291015625], [0.8601799011230469, 0.11019515991210938, 0.02962493896484375], [0.9842681884765625, 0.0157318115234375, 0.0], [0.8484039306640625, 0.15089035034179688, 0.000705718994140625], [0.92987060546875, 0.055328369140625, 0.014801025390625], [0.8903007507324219, 0.10904693603515625, 0.000652313232421875], [0.95037841796875, 0.0439605712890625, 0.0056610107421875], [0.9183425903320312, 0.08001327514648438, 0.001644134521484375], [0.9840774536132812, 0.01592254638671875, 0.0], [0.8562774658203125, 0.14047622680664062, 0.003246307373046875], [0.8631057739257812, 0.13344192504882812, 0.003452301025390625], [0.8908157348632812, 0.0854644775390625, 0.02371978759765625], [0.9945831298828125, 0.0054168701171875, 0.0], [0.9532203674316406, 0.045856475830078125, 0.00092315673828125], [0.8786048889160156, 0.121002197265625, 0.000392913818359375], [0.8999137878417969, 0.0900726318359375, 0.010013580322265625], [0.9885940551757812, 0.01128387451171875, 0.0001220703125], [0.82275390625, 0.17555618286132812, 0.001689910888671875], [0.8865127563476562, 0.11290740966796875, 0.000579833984375], [0.84527587890625, 0.152252197265625, 0.002471923828125], [0.9312858581542969, 0.06427383422851562, 0.0044403076171875], [0.8576545715332031, 0.1252899169921875, 0.017055511474609375], [0.8951988220214844, 0.09434890747070312, 0.0104522705078125], [0.9522743225097656, 0.046977996826171875, 0.0007476806640625], [0.8954925537109375, 0.10146713256835938, 0.003040313720703125], [0.9911727905273438, 0.00882720947265625, 0.0], [0.8559036254882812, 0.14391708374023438, 0.000179290771484375], [0.8103218078613281, 0.18255233764648438, 0.0071258544921875], [0.9765472412109375, 0.01645660400390625, 0.00699615478515625], [0.8365821838378906, 0.15993118286132812, 0.00348663330078125], [0.9909210205078125, 0.008636474609375, 0.0004425048828125], [0.8396797180175781, 0.16027450561523438, 4.57763671875e-05], [0.9226226806640625, 0.07729721069335938, 8.0108642578125e-05], [0.9837074279785156, 0.015720367431640625, 0.00057220458984375]], "candidate_count": 2400, "candidate_scores_path": "/groups/echambe2/gmeng/MedAL-Agent/repo/code/runs/frozen_v5/candidate_scores/msd_task03_liver__P5__s1000__r2.json", "predictions_path": "", "initial_labeled_path": "/groups/echambe2/gmeng/MedAL-Agent/repo/code/runs/frozen_v5/init_sets/msd_task03_liver__s1000__n25.json", "initial_labeled_ids": [], "selection_diagnostics": {}, "training": {"num_iters": 1000, "batch_size": 12, "lr": 0.001, "image_size": 512, "aspect_preserve": true, "resolution_policy": "longside_pad32", "preproc_cache": {"pool": "hit", "val": "hit"}, "train_runtime_sec": 823.8890128135681, "query_runtime_sec": 45.203917026519775, "iters": 2100, "stop_iter": 2100, "mean_loss": 0.366517161136227, "last_loss": 0.15888753533363342, "stop_reason": "plateau", "hit_max_iters": false, "final_smooth_loss": 0.14495860923081635, "best_smooth_loss": 0.14347763054072857, "diverged": false, "loss_curve": [[1000, 0.2731976753473282], [1100, 0.2235464745759964], [1200, 0.2099187107384205], [1300, 0.19130515180528163], [1400, 0.16513651847839356], [1500, 0.1657111969590187], [1600, 0.14347763054072857], [1700, 0.14298910968005657], [1800, 0.16851100832223892], [1900, 0.16036277905106544], [2000, 0.15090349316596985], [2100, 0.14495860923081635]]}, "ckpt_id": "msd_task03_liver__P5__s1000__r2", "ckpt_path": "", "ckpt_hash": "d229b7778bbeceef3fb2b4671028afce7827cc1416d67dfd549180a87e09f0be", "config_hash": "e4fae46d1c013eb7c36e2eeecfd787bd198e1e60b7f9bf7f044c146e0d2a9270", "feature_cache_keys": {"task_unet": "task_unet_bottleneck@d229b7778bbe"}, "sam_model_type": "", "sam_checkpoint": "", "metrics": {"primary_metric": "mean_dsc_fg_case_macro", "metric_version": "v3_case_macro", "eval_scope": "case_retained_slices", "mean_dsc_fg_case_macro": 0.5373073720793383, "mean_dsc_fg": 0.5373073720793383, "mean_dsc_fg_pooled_diagnostic": 0.6179506548189015, "dsc_per_class_pooled": [0.9930860230717825, 0.831438613566379, 0.40446269607142393], "dsc_per_class": [0.9930860230717825, 0.831438613566379, 0.40446269607142393], "n_cases": 11, "n_eval": 500, "structure_detection_rate": 1.0, "missed_structure_rate": 0.0}, "runtime_sec": {"train": 823.8890128135681, "eval": 6.584057092666626, "select": 45.203917026519775}, "gpu_mem_mb": 9418.0352, "gpu_name": "NVIDIA A40", "gpu_total_mem_mb": 47960.489984, "foundation": {}, "notes": ""}
