{"schema_version": "v3", "run_id": "msd_task03_liver__P9__s2000", "round": 0, "dataset": "msd_task03_liver", "modality": "ct", "target": "liver", "dim": "3d", "query_unit": "slice", "seed": 2000, "round_seed": 2000, "component_seeds": {"model_init_seed": 1733582241, "loader_seed": 3333593949, "query_seed": 2915079519, "dropout_seed": 1768907296}, "total_rounds": 7, "budget_denominator": {"full_train_N": 17198, "requested_pool_cap": 5000, "actual_AL_pool_N": 2500, "budget_plan": [25, 50, 100, 176, 250, 375, 500], "fraction_of_AL_pool": 0.2, "fraction_of_full_train": 0.029073148040469822}, "policy_id": "P9", "policy_name": "PAAL", "method_version": "1.0", "is_ablation": false, "policy_config": {}, "cumulative_budget": 25, "incremental_query_count": 25, "labeled_count": 25, "labeled_ratio": 0.01, "selected_ids": ["liver_40_s423", "liver_8_s386", "liver_8_s470", "liver_30_s420", "liver_39_s401", "liver_4_s368", "liver_121_s274", "liver_40_s419", "liver_20_s368", "liver_112_s454", "liver_94_s408", "liver_34_s294", "liver_116_s198", "liver_112_s447", "liver_38_s414", "liver_8_s363", "liver_112_s455", "liver_18_s364", "liver_32_s197", "liver_98_s421", "liver_112_s429", "liver_38_s408", "liver_20_s362", "liver_112_s438", "liver_30_s412"], "selected_scores": [0.10306688398122787, 0.6344645023345947, 2.781242847442627, 0.11742375791072845, 0.0610848069190979, 0.19712844491004944, 2.2822611331939697, 0.09175390005111694, 0.4734209477901459, 2.098330497741699, 0.10294398665428162, 0.024988271296024323, 0.1651485562324524, 2.065835952758789, 0.03493214398622513, 0.42600715160369873, 2.0700719356536865, 0.08886756002902985, 0.0233942698687315, 0.1350739598274231, 1.969145655632019, 0.026094218716025352, 0.3769646883010864, 2.0302867889404297, 0.08328436315059662], "selected_pred_fg_ratio": [0.04595184326171875, 0.042224884033203125, 0.11889266967773438, 0.06452560424804688, 0.047885894775390625, 0.04620361328125, 0.11791610717773438, 0.045978546142578125, 0.07808685302734375, 0.12874603271484375, 0.0404815673828125, 0.022090911865234375, 0.01630401611328125, 0.155731201171875, 0.03997802734375, 0.01556396484375, 0.123504638671875, 0.02922821044921875, 0.013004302978515625, 0.041194915771484375, 0.17055892944335938, 0.044460296630859375, 0.07766342163085938, 0.16965484619140625, 0.06599807739257812], "selected_pred_class_dist": [[0.9540481567382812, 0.045917510986328125, 3.4332275390625e-05], [0.9577751159667969, 0.040538787841796875, 0.00168609619140625], [0.8811073303222656, 0.11889266967773438, 0.0], [0.9354743957519531, 0.06418991088867188, 0.000335693359375], [0.9521141052246094, 0.04779815673828125, 8.7738037109375e-05], [0.95379638671875, 0.046100616455078125, 0.000102996826171875], [0.8820838928222656, 0.11785507202148438, 6.103515625e-05], [0.9540214538574219, 0.045955657958984375, 2.288818359375e-05], [0.9219131469726562, 0.07773971557617188, 0.000347137451171875], [0.8712539672851562, 0.12691879272460938, 0.001827239990234375], [0.9595184326171875, 0.039653778076171875, 0.000827789306640625], [0.9779090881347656, 0.018955230712890625, 0.00313568115234375], [0.9836959838867188, 0.01630401611328125, 0.0], [0.844268798828125, 0.15384292602539062, 0.001888275146484375], [0.96002197265625, 0.0397491455078125, 0.0002288818359375], [0.98443603515625, 0.01556396484375, 0.0], [0.876495361328125, 0.122039794921875, 0.00146484375], [0.9707717895507812, 0.0291290283203125, 9.918212890625e-05], [0.9869956970214844, 0.013004302978515625, 0.0], [0.9588050842285156, 0.04094696044921875, 0.000247955322265625], [0.8294410705566406, 0.16991806030273438, 0.000640869140625], [0.9555397033691406, 0.0443878173828125, 7.2479248046875e-05], [0.9223365783691406, 0.07766342163085938, 0.0], [0.8303451538085938, 0.1687469482421875, 0.00090789794921875], [0.9340019226074219, 0.06597137451171875, 2.6702880859375e-05]], "candidate_count": 2475, "candidate_scores_path": "/groups/echambe2/gmeng/MedAL-Agent/repo/code/runs/frozen_v5/candidate_scores/msd_task03_liver__P9__s2000__r0.json", "predictions_path": "", "initial_labeled_path": "/groups/echambe2/gmeng/MedAL-Agent/repo/code/runs/frozen_v5/init_sets/msd_task03_liver__s2000__n25.json", "initial_labeled_ids": ["liver_103_s237", "liver_103_s338", "liver_105_s372", "liver_110_s388", "liver_117_s351", "liver_117_s452", "liver_123_s203", "liver_123_s226", "liver_13_s311", "liver_16_s372", "liver_25_s345", "liver_28_s231", "liver_28_s332", "liver_30_s248", "liver_30_s450", "liver_41_s236", "liver_45_s317", "liver_45_s353", "liver_62_s116", "liver_7_s466", "liver_86_s552", "liver_8_s449", "liver_8_s468", "liver_93_s415", "liver_99_s330"], "selection_diagnostics": {"paal_ap_epochs": 200, "paal_ap_loss_mean": 0.006162261905498024, "paal_ap_loss_last": 0.0010721412428883132, "paal_ap_val_corr": -0.078421675494595, "paal_ap_n_train": 23, "paal_ap_n_val": 2, "paal_pred_acc_mean": 0.9813666343688965, "paal_pred_acc_std": 0.09111840277910233, "paal_score_mean": 0.034449413418769836, "paal_score_std": 0.1614227443933487, "paal_n_clusters": 7, "paal_cluster_sizes": [191, 477, 494, 132, 387, 297, 497], "paal_selected_clusters": [0, 1, 2, 3, 4, 5, 6, 0, 1, 2, 3, 4, 5, 6, 0, 1, 2, 3, 4, 5, 6, 0, 1, 2, 3]}, "training": {"num_iters": 1000, "batch_size": 12, "lr": 0.001, "image_size": 512, "aspect_preserve": true, "resolution_policy": "longside_pad32", "preproc_cache": {"pool": "hit", "val": "hit"}, "train_runtime_sec": 1216.693989276886, "query_runtime_sec": 120.47686266899109, "iters": 3100, "stop_iter": 3100, "mean_loss": 0.10142748078691863, "last_loss": 0.014593539759516716, "stop_reason": "plateau", "hit_max_iters": false, "final_smooth_loss": 0.012920193690806627, "best_smooth_loss": 0.014176149740815163, "diverged": false, "loss_curve": [[1000, 0.04444995520636439], [1100, 0.037904007006436584], [1200, 0.0423431558534503], [1300, 0.03107094569131732], [1400, 0.029665427692234517], [1500, 0.028096754997968675], [1600, 0.03304506482556462], [1700, 0.024809928443282843], [1800, 0.029969817008823157], [1900, 0.020720502343028784], [2000, 0.02115936843678355], [2100, 0.019405316850170492], [2200, 0.018019090117886664], [2300, 0.017960022473707794], [2400, 0.016529975878074765], [2500, 0.016200538789853454], [2600, 0.014176149740815163], [2700, 0.013318796502426266], [2800, 0.013648427221924067], [2900, 0.013634415669366717], [3000, 0.012099907705560327], [3100, 0.012920193690806627]]}, "ckpt_id": "msd_task03_liver__P9__s2000__r0", "ckpt_path": "", "ckpt_hash": "a2b6a56752c9191752764adb3ec903d7c967f938d9fbedbc4efd8906b7831898", "config_hash": "e4fae46d1c013eb7c36e2eeecfd787bd198e1e60b7f9bf7f044c146e0d2a9270", "feature_cache_keys": {"task_unet": "task_unet_bottleneck@a2b6a56752c9"}, "sam_model_type": "", "sam_checkpoint": "", "metrics": {"primary_metric": "mean_dsc_fg_case_macro", "metric_version": "v3_case_macro", "eval_scope": "case_retained_slices", "mean_dsc_fg_case_macro": 0.501418555371169, "mean_dsc_fg": 0.501418555371169, "mean_dsc_fg_pooled_diagnostic": 0.4787272390046001, "dsc_per_class_pooled": [0.9882347946734618, 0.8214922513419893, 0.13596222666721094], "dsc_per_class": [0.9882347946734618, 0.8214922513419893, 0.13596222666721094], "n_cases": 11, "n_eval": 500, "structure_detection_rate": 1.0, "missed_structure_rate": 0.0}, "runtime_sec": {"train": 1216.693989276886, "eval": 7.308419227600098, "select": 120.47686266899109}, "gpu_mem_mb": 9368.62208, "gpu_name": "NVIDIA A40", "gpu_total_mem_mb": 47960.489984, "foundation": {}, "notes": ""}
{"schema_version": "v3", "run_id": "msd_task03_liver__P9__s2000", "round": 1, "dataset": "msd_task03_liver", "modality": "ct", "target": "liver", "dim": "3d", "query_unit": "slice", "seed": 2000, "round_seed": 2001, "component_seeds": {"model_init_seed": 4092542587, "loader_seed": 4022314598, "query_seed": 1275594993, "dropout_seed": 1443935428}, "total_rounds": 7, "budget_denominator": {"full_train_N": 17198, "requested_pool_cap": 5000, "actual_AL_pool_N": 2500, "budget_plan": [25, 50, 100, 176, 250, 375, 500], "fraction_of_AL_pool": 0.2, "fraction_of_full_train": 0.029073148040469822}, "policy_id": "P9", "policy_name": "PAAL", "method_version": "1.0", "is_ablation": false, "policy_config": {}, "cumulative_budget": 50, "incremental_query_count": 50, "labeled_count": 50, "labeled_ratio": 0.02, "selected_ids": ["liver_107_s513", "liver_36_s219", "liver_49_s106", "liver_86_s363", "liver_86_s361", "liver_36_s436", "liver_32_s198", "liver_22_s112", "liver_112_s332", "liver_36_s211", "liver_52_s109", "liver_111_s235", "liver_109_s306", "liver_45_s425", "liver_30_s470", "liver_22_s104", "liver_13_s283", "liver_36_s206", "liver_52_s111", "liver_59_s135", "liver_70_s217", "liver_35_s043", "liver_32_s191", "liver_26_s173", "liver_76_s151", "liver_32_s430", "liver_25_s144", "liver_111_s232", "liver_117_s313", "liver_35_s037", "liver_30_s472", "liver_26_s185", "liver_106_s353", "liver_35_s070", "liver_25_s149", "liver_7_s332", "liver_8_s332", "liver_41_s432", "liver_39_s432", "liver_4_s146", "liver_21_s273", "liver_41_s270", "liver_25_s145", "liver_86_s352", "liver_95_s555", "liver_45_s401", "liver_32_s262", "liver_4_s145", "liver_88_s519", "liver_41_s163"], "selected_scores": [0.0690939724445343, 0.015028751455247402, 0.05435776337981224, 0.11090366542339325, 0.09678855538368225, 0.016493240371346474, 0.01683666929602623, 0.03750569373369217, 0.05812679976224899, 0.01491451170295477, 0.04403826594352722, 0.10409928858280182, 0.07981235533952713, 0.01636527106165886, 0.014896998181939125, 0.033826086670160294, 0.05684453248977661, 0.014694636687636375, 0.03852372616529465, 0.09717079997062683, 0.0775751918554306, 0.015323545783758163, 0.014545628800988197, 0.030073076486587524, 0.055678196251392365, 0.014442640356719494, 0.033585067838430405, 0.09268929064273834, 0.0686933621764183, 0.014973673969507217, 0.014173589646816254, 0.029034707695245743, 0.05385908484458923, 0.014434708282351494, 0.03353949636220932, 0.0926138386130333, 0.06469523906707764, 0.014357387088239193, 0.014144646935164928, 0.028727184981107712, 0.05350290238857269, 0.013840539380908012, 0.0333772748708725, 0.07882317155599594, 0.06430262327194214, 0.013746756128966808, 0.014065815135836601, 0.028101211413741112, 0.05318382382392883, 0.013665739446878433], "selected_pred_fg_ratio": [0.0068206787109375, 0.001575469970703125, 0.012432098388671875, 0.01275634765625, 0.013462066650390625, 0.002651214599609375, 0.0092926025390625, 0.013256072998046875, 0.005390167236328125, 0.001972198486328125, 0.007030487060546875, 0.033557891845703125, 0.01204681396484375, 0.004367828369140625, 0.00659942626953125, 0.0031280517578125, 0.00173187255859375, 0.003078460693359375, 0.01792144775390625, 0.032161712646484375, 0.00560760498046875, 0.001434326171875, 0.00774383544921875, 0.002002716064453125, 0.049167633056640625, 0.001739501953125, 0.001186370849609375, 0.03089141845703125, 0.02440643310546875, 0.003841400146484375, 0.007495880126953125, 0.00124359130859375, 0.022754669189453125, 0.003871917724609375, 0.00030517578125, 0.01540374755859375, 0.000728607177734375, 0.009456634521484375, 0.0039520263671875, 0.01663970947265625, 0.015689849853515625, 0.008563995361328125, 0.00069427490234375, 0.020641326904296875, 0.002498626708984375, 0.02332305908203125, 0.001621246337890625, 0.01683807373046875, 0.054836273193359375, 0.005706787109375], "selected_pred_class_dist": [[0.9931793212890625, 0.0068206787109375, 0.0], [0.9984245300292969, 0.001575469970703125, 0.0], [0.9875679016113281, 0.012432098388671875, 0.0], [0.98724365234375, 0.012729644775390625, 2.6702880859375e-05], [0.9865379333496094, 0.013462066650390625, 0.0], [0.9973487854003906, 0.002651214599609375, 0.0], [0.9907073974609375, 0.0092926025390625, 0.0], [0.9867439270019531, 0.013256072998046875, 0.0], [0.9946098327636719, 0.0039215087890625, 0.001468658447265625], [0.9980278015136719, 0.001972198486328125, 0.0], [0.9929695129394531, 0.007030487060546875, 0.0], [0.9664421081542969, 0.033050537109375, 0.000507354736328125], [0.9879531860351562, 0.012020111083984375, 2.6702880859375e-05], [0.9956321716308594, 0.004367828369140625, 0.0], [0.9934005737304688, 0.005523681640625, 0.00107574462890625], [0.9968719482421875, 0.003124237060546875, 3.814697265625e-06], [0.9982681274414062, 0.00173187255859375, 0.0], [0.9969215393066406, 0.003078460693359375, 0.0], [0.9820785522460938, 0.01792144775390625, 0.0], [0.9678382873535156, 0.03189849853515625, 0.000263214111328125], [0.9943923950195312, 0.00560760498046875, 0.0], [0.998565673828125, 0.001434326171875, 0.0], [0.9922561645507812, 0.00774383544921875, 0.0], [0.9979972839355469, 0.002002716064453125, 0.0], [0.9508323669433594, 0.036106109619140625, 0.0130615234375], [0.998260498046875, 0.001739501953125, 0.0], [0.9988136291503906, 0.001186370849609375, 0.0], [0.9691085815429688, 0.030071258544921875, 0.000820159912109375], [0.9755935668945312, 0.02440643310546875, 0.0], [0.9961585998535156, 0.003841400146484375, 0.0], [0.9925041198730469, 0.007144927978515625, 0.0003509521484375], [0.9987564086914062, 0.00124359130859375, 0.0], [0.9772453308105469, 0.02256011962890625, 0.000194549560546875], [0.9961280822753906, 0.003871917724609375, 0.0], [0.99969482421875, 0.00030517578125, 0.0], [0.9845962524414062, 0.01540374755859375, 0.0], [0.9992713928222656, 0.000728607177734375, 0.0], [0.9905433654785156, 0.009456634521484375, 0.0], [0.9960479736328125, 0.0039520263671875, 0.0], [0.9833602905273438, 0.01654052734375, 9.918212890625e-05], [0.9843101501464844, 0.0148773193359375, 0.000812530517578125], [0.9914360046386719, 0.008464813232421875, 9.918212890625e-05], [0.9993057250976562, 0.00069427490234375, 0.0], [0.9793586730957031, 0.020641326904296875, 0.0], [0.9975013732910156, 0.002422332763671875, 7.62939453125e-05], [0.9766769409179688, 0.02332305908203125, 0.0], [0.9983787536621094, 0.001621246337890625, 0.0], [0.9831619262695312, 0.0166778564453125, 0.00016021728515625], [0.9451637268066406, 0.054836273193359375, 0.0], [0.994293212890625, 0.00566864013671875, 3.814697265625e-05]], "candidate_count": 2450, "candidate_scores_path": "/groups/echambe2/gmeng/MedAL-Agent/repo/code/runs/frozen_v5/candidate_scores/msd_task03_liver__P9__s2000__r1.json", "predictions_path": "", "initial_labeled_path": "/groups/echambe2/gmeng/MedAL-Agent/repo/code/runs/frozen_v5/init_sets/msd_task03_liver__s2000__n25.json", "initial_labeled_ids": [], "selection_diagnostics": {"paal_ap_epochs": 200, "paal_ap_loss_mean": 0.030258042671100816, "paal_ap_loss_last": 0.03287467198573391, "paal_ap_val_corr": 0.6137952557253585, "paal_ap_n_train": 45, "paal_ap_n_val": 5, "paal_pred_acc_mean": 0.9842323660850525, "paal_pred_acc_std": 0.026425600051879883, "paal_score_mean": 0.01627875119447708, "paal_score_std": 0.012624047696590424, "paal_n_clusters": 8, "paal_cluster_sizes": [450, 191, 312, 500, 440, 105, 279, 173], "paal_selected_clusters": [0, 1, 2, 3, 4, 5, 6, 7, 0, 1, 2, 3, 4, 5, 6, 7, 0, 1, 2, 3, 4, 5, 6, 7, 0, 1, 2, 3, 4, 5, 6, 7, 0, 1, 2, 3, 4, 5, 6, 7, 0, 1, 2, 3, 4, 5, 6, 7, 0, 1]}, "training": {"num_iters": 1000, "batch_size": 12, "lr": 0.001, "image_size": 512, "aspect_preserve": true, "resolution_policy": "longside_pad32", "preproc_cache": {"pool": "hit", "val": "hit"}, "train_runtime_sec": 753.2932550907135, "query_runtime_sec": 181.16731119155884, "iters": 1900, "stop_iter": 1900, "mean_loss": 0.2532407556258534, "last_loss": 0.054460570216178894, "stop_reason": "plateau", "hit_max_iters": false, "final_smooth_loss": 0.08049990125000477, "best_smooth_loss": 0.06497768696397543, "diverged": false, "loss_curve": [[1000, 0.08811509389430285], [1100, 0.08127296719700099], [1200, 0.08298760525882244], [1300, 0.09484082598239184], [1400, 0.06497768696397543], [1500, 0.06470924641937018], [1600, 0.06089278142899275], [1700, 0.0676203963905573], [1800, 0.11380489602684975], [1900, 0.08049990125000477]]}, "ckpt_id": "msd_task03_liver__P9__s2000__r1", "ckpt_path": "", "ckpt_hash": "83b30d567314ccdd2751f79abc17821d1c2128b8352e551ebb0204a899711da2", "config_hash": "e4fae46d1c013eb7c36e2eeecfd787bd198e1e60b7f9bf7f044c146e0d2a9270", "feature_cache_keys": {"task_unet": "task_unet_bottleneck@83b30d567314"}, "sam_model_type": "", "sam_checkpoint": "", "metrics": {"primary_metric": "mean_dsc_fg_case_macro", "metric_version": "v3_case_macro", "eval_scope": "case_retained_slices", "mean_dsc_fg_case_macro": 0.4750167404713578, "mean_dsc_fg": 0.4750167404713578, "mean_dsc_fg_pooled_diagnostic": 0.46340136366072165, "dsc_per_class_pooled": [0.9862198447469847, 0.7833181162265606, 0.14348461109488275], "dsc_per_class": [0.9862198447469847, 0.7833181162265606, 0.14348461109488275], "n_cases": 11, "n_eval": 500, "structure_detection_rate": 1.0, "missed_structure_rate": 0.0}, "runtime_sec": {"train": 753.2932550907135, "eval": 8.24452519416809, "select": 181.16731119155884}, "gpu_mem_mb": 9577.35424, "gpu_name": "NVIDIA A40", "gpu_total_mem_mb": 47960.489984, "foundation": {}, "notes": ""}
{"schema_version": "v3", "run_id": "msd_task03_liver__P9__s2000", "round": 2, "dataset": "msd_task03_liver", "modality": "ct", "target": "liver", "dim": "3d", "query_unit": "slice", "seed": 2000, "round_seed": 2002, "component_seeds": {"model_init_seed": 1225426498, "loader_seed": 1158739311, "query_seed": 3667345588, "dropout_seed": 1372419812}, "total_rounds": 7, "budget_denominator": {"full_train_N": 17198, "requested_pool_cap": 5000, "actual_AL_pool_N": 2500, "budget_plan": [25, 50, 100, 176, 250, 375, 500], "fraction_of_AL_pool": 0.2, "fraction_of_full_train": 0.029073148040469822}, "policy_id": "P9", "policy_name": "PAAL", "method_version": "1.0", "is_ablation": false, "policy_config": {}, "cumulative_budget": 100, "incremental_query_count": 76, "labeled_count": 100, "labeled_ratio": 0.04, "selected_ids": ["liver_99_s360", "liver_29_s171", "liver_70_s244", "liver_4_s399", "liver_45_s140", "liver_35_s196", "liver_41_s399", "liver_97_s395", "liver_121_s254", "liver_20_s314", "liver_39_s386", "liver_108_s542", "liver_49_s163", "liver_45_s433", "liver_44_s162", "liver_35_s437", "liver_97_s393", "liver_113_s501", "liver_20_s316", "liver_39_s387", "liver_21_s404", "liver_83_s343", "liver_40_s467", "liver_31_s201", "liver_41_s368", "liver_97_s401", "liver_88_s480", "liver_25_s322", "liver_39_s375", "liver_130_s444", "liver_83_s128", "liver_45_s233", "liver_31_s204", "liver_41_s373", "liver_97_s399", "liver_11_s420", "liver_25_s333", "liver_29_s269", "liver_125_s205", "liver_83_s129", "liver_38_s448", "liver_40_s169", "liver_41_s381", "liver_97_s402", "liver_19_s409", "liver_25_s295", "liver_39_s376", "liver_21_s319", "liver_83_s133", "liver_45_s245", "liver_32_s427", "liver_41_s375", "liver_25_s385", "liver_113_s498", "liver_20_s318", "liver_29_s272", "liver_21_s401", "liver_4_s425", "liver_45_s259", "liver_31_s211", "liver_41_s367", "liver_101_s422", "liver_121_s255", "liver_20_s310", "liver_33_s229", "liver_122_s197", "liver_83_s143", "liver_45_s249", "liver_40_s168", "liver_41_s383", "liver_101_s420", "liver_89_s414", "liver_99_s247", "liver_34_s232", "liver_49_s149", "liver_4_s430"], "selected_scores": [2.1829662322998047, 0.9963936805725098, 2.1847410202026367, 1.4361603260040283, 0.9069759845733643, 0.8748716115951538, 0.1340862661600113, 3.2010743618011475, 1.6276066303253174, 2.096132278442383, 0.7582410573959351, 1.9890468120574951, 1.317909836769104, 0.05970250070095062, 0.514823853969574, 0.06017744168639183, 3.1830358505249023, 1.5708030462265015, 1.9982101917266846, 0.4764178395271301, 1.9765065908432007, 0.9300497770309448, 0.056865938007831573, 0.40588533878326416, 0.056461773812770844, 3.150204658508301, 1.483062982559204, 1.8340754508972168, 0.3262341618537903, 1.857102394104004, 0.9020242691040039, 0.04487057030200958, 0.2831633985042572, 0.05514642223715782, 3.133631467819214, 1.4427342414855957, 1.7797682285308838, 0.2849390506744385, 1.8436774015426636, 0.9017865061759949, 0.03737733140587807, 0.2600623071193695, 0.049333274364471436, 2.8499279022216797, 1.411870002746582, 1.6970798969268799, 0.2750398814678192, 1.726996898651123, 0.8972898721694946, 0.036754436790943146, 0.22041365504264832, 0.044578827917575836, 2.614319324493408, 1.3332841396331787, 1.6615753173828125, 0.25847092270851135, 1.53715980052948, 0.895983099937439, 0.03637063875794411, 0.20702199637889862, 0.042683422565460205, 2.49611234664917, 1.2868143320083618, 1.446748971939087, 0.23929664492607117, 1.431661605834961, 0.8942302465438843, 0.035576023161411285, 0.20061224699020386, 0.03967079147696495, 2.4505131244659424, 1.2454359531402588, 1.3623788356781006, 0.18447093665599823, 1.4302289485931396, 0.8902966976165771], "selected_pred_fg_ratio": [0.07684326171875, 0.000331878662109375, 0.06688690185546875, 0.030040740966796875, 0.0, 2.6702880859375e-05, 0.041179656982421875, 0.07800674438476562, 0.08751296997070312, 0.060375213623046875, 0.05582427978515625, 0.13064956665039062, 0.056064605712890625, 0.003383636474609375, 0.00022125244140625, 0.020679473876953125, 0.07850265502929688, 0.15168380737304688, 0.06137847900390625, 0.055698394775390625, 0.13489151000976562, 0.03076171875, 0.00305938720703125, 0.000713348388671875, 0.0423431396484375, 0.074493408203125, 0.12388229370117188, 0.0540924072265625, 0.06572341918945312, 0.058948516845703125, 0.0, 0.00853729248046875, 0.00144195556640625, 0.044677734375, 0.071533203125, 0.14849472045898438, 0.05907440185546875, 0.0128326416015625, 0.09758377075195312, 0.0, 0.0108489990234375, 0.002429962158203125, 0.0460968017578125, 0.07451248168945312, 0.11236953735351562, 0.02945709228515625, 0.06470108032226562, 0.047107696533203125, 0.0, 0.006587982177734375, 0.001163482666015625, 0.04608917236328125, 0.0513458251953125, 0.14988327026367188, 0.062244415283203125, 0.013462066650390625, 0.13854598999023438, 0.000308990478515625, 0.007900238037109375, 0.001895904541015625, 0.0420684814453125, 0.08514785766601562, 0.0955352783203125, 0.05907440185546875, 0.001499176025390625, 0.05908966064453125, 0.000102996826171875, 0.00664520263671875, 0.00299072265625, 0.046688079833984375, 0.08468246459960938, 0.040019989013671875, 0.01699066162109375, 0.009735107421875, 0.0664825439453125, 0.0], "selected_pred_class_dist": [[0.92315673828125, 0.07666778564453125, 0.00017547607421875], [0.9996681213378906, 0.000331878662109375, 0.0], [0.9331130981445312, 0.06595993041992188, 0.000926971435546875], [0.9699592590332031, 0.025920867919921875, 0.004119873046875], [1.0, 0.0, 0.0], [0.9999732971191406, 2.6702880859375e-05, 0.0], [0.9588203430175781, 0.041179656982421875, 0.0], [0.9219932556152344, 0.06616973876953125, 0.011837005615234375], [0.9124870300292969, 0.08548355102539062, 0.0020294189453125], [0.9396247863769531, 0.060161590576171875, 0.000213623046875], [0.9441757202148438, 0.055675506591796875, 0.000148773193359375], [0.8693504333496094, 0.10892105102539062, 0.021728515625], [0.9439353942871094, 0.056064605712890625, 0.0], [0.9966163635253906, 0.003383636474609375, 0.0], [0.9997787475585938, 0.00022125244140625, 0.0], [0.9793205261230469, 0.020679473876953125, 0.0], [0.9214973449707031, 0.06752777099609375, 0.010974884033203125], [0.8483161926269531, 0.1506500244140625, 0.001033782958984375], [0.9386215209960938, 0.06136322021484375, 1.52587890625e-05], [0.9443016052246094, 0.055698394775390625, 0.0], [0.8651084899902344, 0.13489151000976562, 0.0], [0.96923828125, 0.030406951904296875, 0.000354766845703125], [0.9969406127929688, 0.00305938720703125, 0.0], [0.9992866516113281, 0.000713348388671875, 0.0], [0.9576568603515625, 0.0423431396484375, 0.0], [0.925506591796875, 0.0639801025390625, 0.0105133056640625], [0.8761177062988281, 0.11783218383789062, 0.00605010986328125], [0.9459075927734375, 0.0540924072265625, 0.0], [0.9342765808105469, 0.06383895874023438, 0.00188446044921875], [0.9410514831542969, 0.058292388916015625, 0.0006561279296875], [1.0, 0.0, 0.0], [0.9914627075195312, 0.00853729248046875, 0.0], [0.9985580444335938, 0.00144195556640625, 0.0], [0.955322265625, 0.044677734375, 0.0], [0.928466796875, 0.061309814453125, 0.010223388671875], [0.8515052795410156, 0.145477294921875, 0.003017425537109375], [0.9409255981445312, 0.05907440185546875, 0.0], [0.9871673583984375, 0.0128326416015625, 0.0], [0.9024162292480469, 0.09758377075195312, 0.0], [1.0, 0.0, 0.0], [0.9891510009765625, 0.0108489990234375, 0.0], [0.9975700378417969, 0.002285003662109375, 0.00014495849609375], [0.9539031982421875, 0.0460968017578125, 0.0], [0.9254875183105469, 0.06475448608398438, 0.00975799560546875], [0.8876304626464844, 0.11219406127929688, 0.00017547607421875], [0.9705429077148438, 0.02945709228515625, 0.0], [0.9352989196777344, 0.0629730224609375, 0.001728057861328125], [0.9528923034667969, 0.047107696533203125, 0.0], [1.0, 0.0, 0.0], [0.9934120178222656, 0.006305694580078125, 0.00028228759765625], [0.9988365173339844, 0.001163482666015625, 0.0], [0.9539108276367188, 0.04608917236328125, 0.0], [0.9486541748046875, 0.0513458251953125, 0.0], [0.8501167297363281, 0.1488800048828125, 0.001003265380859375], [0.9377555847167969, 0.062145233154296875, 9.918212890625e-05], [0.9865379333496094, 0.013462066650390625, 0.0], [0.8614540100097656, 0.13846588134765625, 8.0108642578125e-05], [0.9996910095214844, 0.000308990478515625, 0.0], [0.9920997619628906, 0.0073699951171875, 0.000530242919921875], [0.9981040954589844, 0.001895904541015625, 0.0], [0.9579315185546875, 0.0420684814453125, 0.0], [0.9148521423339844, 0.08495712280273438, 0.00019073486328125], [0.9044647216796875, 0.09360885620117188, 0.001926422119140625], [0.9409255981445312, 0.05829620361328125, 0.0007781982421875], [0.9985008239746094, 0.001499176025390625, 0.0], [0.9409103393554688, 0.05895233154296875, 0.0001373291015625], [0.9998970031738281, 0.000102996826171875, 0.0], [0.9933547973632812, 0.0061187744140625, 0.00052642822265625], [0.99700927734375, 0.002819061279296875, 0.000171661376953125], [0.9533119201660156, 0.046688079833984375, 0.0], [0.9153175354003906, 0.08392333984375, 0.000759124755859375], [0.9599800109863281, 0.040019989013671875, 0.0], [0.9830093383789062, 0.01699066162109375, 0.0], [0.990264892578125, 0.0085906982421875, 0.0011444091796875], [0.9335174560546875, 0.060821533203125, 0.0056610107421875], [1.0, 0.0, 0.0]], "candidate_count": 2400, "candidate_scores_path": "/groups/echambe2/gmeng/MedAL-Agent/repo/code/runs/frozen_v5/candidate_scores/msd_task03_liver__P9__s2000__r2.json", "predictions_path": "", "initial_labeled_path": "/groups/echambe2/gmeng/MedAL-Agent/repo/code/runs/frozen_v5/init_sets/msd_task03_liver__s2000__n25.json", "initial_labeled_ids": [], "selection_diagnostics": {"paal_ap_epochs": 200, "paal_ap_loss_mean": 0.009855974081878152, "paal_ap_loss_last": 0.0048843572490706874, "paal_ap_val_corr": 0.06997403723778886, "paal_ap_n_train": 92, "paal_ap_n_val": 8, "paal_pred_acc_mean": 0.9420741200447083, "paal_pred_acc_std": 0.18216413259506226, "paal_score_mean": 0.13549360632896423, "paal_score_std": 0.3505123555660248, "paal_n_clusters": 9, "paal_cluster_sizes": [234, 157, 588, 318, 57, 252, 110, 196, 488], "paal_selected_clusters": [0, 1, 2, 3, 4, 5, 6, 7, 8, 0, 1, 2, 3, 4, 5, 6, 7, 8, 0, 1, 2, 3, 4, 5, 6, 7, 8, 0, 1, 2, 3, 4, 5, 6, 7, 8, 0, 1, 2, 3, 4, 5, 6, 7, 8, 0, 1, 2, 3, 4, 5, 6, 7, 8, 0, 1, 2, 3, 4, 5, 6, 7, 8, 0, 1, 2, 3, 4, 5, 6, 7, 8, 0, 1, 2, 3]}, "training": {"num_iters": 1000, "batch_size": 12, "lr": 0.001, "image_size": 512, "aspect_preserve": true, "resolution_policy": "longside_pad32", "preproc_cache": {"pool": "hit", "val": "hit"}, "train_runtime_sec": 1251.4619576931, "query_runtime_sec": 318.47698855400085, "iters": 3200, "stop_iter": 3200, "mean_loss": 0.3117601873620879, "last_loss": 0.17683227360248566, "stop_reason": "plateau", "hit_max_iters": false, "final_smooth_loss": 0.17666627816855907, "best_smooth_loss": 0.13477728489786386, "diverged": false, "loss_curve": [[1000, 0.31922930844128133], [1100, 0.2822466817498207], [1200, 0.2745793115347624], [1300, 0.25365067951381204], [1400, 0.269794367775321], [1500, 0.21425586953759193], [1600, 0.2305751257389784], [1700, 0.1902896861732006], [1800, 0.18807253651320935], [1900, 0.1798662006482482], [2000, 0.1954307809472084], [2100, 0.16310076162219048], [2200, 0.16935266941785812], [2300, 0.185968998670578], [2400, 0.1695346688479185], [2500, 0.2022592205554247], [2600, 0.14527277261018753], [2700, 0.13477728489786386], [2800, 0.1655775923654437], [2900, 0.18155382342636586], [3000, 0.1553848985955119], [3100, 0.1534234855696559], [3200, 0.17666627816855907]]}, "ckpt_id": "msd_task03_liver__P9__s2000__r2", "ckpt_path": "", "ckpt_hash": "8dcb7b1ce5b81474cb620fea9031ca3086ddb79d4d7adc8cbbcd56a2304c0742", "config_hash": "e4fae46d1c013eb7c36e2eeecfd787bd198e1e60b7f9bf7f044c146e0d2a9270", "feature_cache_keys": {"task_unet": "task_unet_bottleneck@8dcb7b1ce5b8"}, "sam_model_type": "", "sam_checkpoint": "", "metrics": {"primary_metric": "mean_dsc_fg_case_macro", "metric_version": "v3_case_macro", "eval_scope": "case_retained_slices", "mean_dsc_fg_case_macro": 0.4976963994898553, "mean_dsc_fg": 0.4976963994898553, "mean_dsc_fg_pooled_diagnostic": 0.4432398257655447, "dsc_per_class_pooled": [0.9890598538885841, 0.8198687711994325, 0.06661088033165698], "dsc_per_class": [0.9890598538885841, 0.8198687711994325, 0.06661088033165698], "n_cases": 11, "n_eval": 500, "structure_detection_rate": 1.0, "missed_structure_rate": 0.0}, "runtime_sec": {"train": 1251.4619576931, "eval": 6.709008455276489, "select": 318.47698855400085}, "gpu_mem_mb": 9577.6, "gpu_name": "NVIDIA A40", "gpu_total_mem_mb": 47960.489984, "foundation": {}, "notes": ""}
