{"schema_version": "v3", "run_id": "msd_task04_hippocampus__P5__s1000", "round": 0, "dataset": "msd_task04_hippocampus", "modality": "mri", "target": "hippocampus_anterior", "dim": "3d", "query_unit": "slice", "seed": 1000, "round_seed": 1000, "component_seeds": {"model_init_seed": 2989689681, "loader_seed": 4191542321, "query_seed": 2529548519, "dropout_seed": 3619692248}, "total_rounds": 7, "budget_denominator": {"full_train_N": 3921, "requested_pool_cap": 5000, "actual_AL_pool_N": 3921, "budget_plan": [40, 79, 157, 275, 393, 589, 785], "fraction_of_AL_pool": 0.20020402958428973, "fraction_of_full_train": 0.20020402958428973}, "policy_id": "P5", "policy_name": "EntropyCoreSet", "method_version": "1.0", "is_ablation": false, "policy_config": {}, "cumulative_budget": 40, "incremental_query_count": 39, "labeled_count": 40, "labeled_ratio": 0.0102014792144861, "selected_ids": ["hippocampus_243_s011", "hippocampus_077_s008", "hippocampus_090_s012", "hippocampus_133_s011", "hippocampus_075_s012", "hippocampus_243_s015", "hippocampus_328_s013", "hippocampus_164_s011", "hippocampus_164_s024", "hippocampus_217_s015", "hippocampus_141_s007", "hippocampus_220_s011", "hippocampus_178_s009", "hippocampus_077_s013", "hippocampus_189_s020", "hippocampus_034_s011", "hippocampus_141_s010", "hippocampus_035_s006", "hippocampus_294_s022", "hippocampus_294_s016", "hippocampus_114_s017", "hippocampus_007_s013", "hippocampus_154_s011", "hippocampus_125_s014", "hippocampus_125_s020", "hippocampus_091_s013", "hippocampus_164_s014", "hippocampus_164_s006", "hippocampus_152_s012", "hippocampus_288_s015", "hippocampus_077_s006", "hippocampus_286_s024", "hippocampus_335_s009", "hippocampus_286_s009", "hippocampus_294_s024", "hippocampus_142_s009", "hippocampus_338_s015", "hippocampus_133_s014", "hippocampus_220_s007"], "selected_scores": [0.005797807592898607, 0.008756324648857117, 0.005775706376880407, 0.006416684947907925, 0.006149642635136843, 0.007435803767293692, 0.005918725859373808, 0.008154230192303658, 0.00896688923239708, 0.00579702015966177, 0.006637548096477985, 0.0058732591569423676, 0.007726175710558891, 0.0058763287961483, 0.006034810561686754, 0.006007311400026083, 0.009480156004428864, 0.006265995092689991, 0.0076238797046244144, 0.006632981356233358, 0.005797357298433781, 0.0058851963840425014, 0.006252424791455269, 0.006517200265079737, 0.006303649861365557, 0.006071129813790321, 0.008805625140666962, 0.007772473152726889, 0.005803307052701712, 0.005841371137648821, 0.005883434787392616, 0.0063696312718093395, 0.0057886806316673756, 0.00636884942650795, 0.00585206551477313, 0.007428792305290699, 0.006477027665823698, 0.006042168475687504, 0.006018387153744698], "selected_pred_fg_ratio": [0.0450439453125, 0.10518264770507812, 0.09368515014648438, 0.07746505737304688, 0.11065292358398438, 0.057933807373046875, 0.07970046997070312, 0.09806060791015625, 0.0724639892578125, 0.050823211669921875, 0.051357269287109375, 0.09409332275390625, 0.10515975952148438, 0.11676788330078125, 0.047992706298828125, 0.07176971435546875, 0.09488677978515625, 0.05517578125, 0.06408309936523438, 0.09641647338867188, 0.06534957885742188, 0.1153106689453125, 0.11294937133789062, 0.07637405395507812, 0.0959014892578125, 0.08486175537109375, 0.101898193359375, 0.02819061279296875, 0.07183456420898438, 0.09449005126953125, 0.078643798828125, 0.0368804931640625, 0.06928253173828125, 0.07517623901367188, 0.05150604248046875, 0.08620071411132812, 0.100860595703125, 0.08993911743164062, 0.04329681396484375], "selected_pred_class_dist": [[0.9549560546875, 0.028446197509765625, 0.016597747802734375], [0.8948173522949219, 0.046001434326171875, 0.05918121337890625], [0.9063148498535156, 0.06327438354492188, 0.0304107666015625], [0.9225349426269531, 0.0375518798828125, 0.039913177490234375], [0.8893470764160156, 0.08176040649414062, 0.02889251708984375], [0.9420661926269531, 0.0340576171875, 0.023876190185546875], [0.9202995300292969, 0.036647796630859375, 0.04305267333984375], [0.9019393920898438, 0.041309356689453125, 0.056751251220703125], [0.9275360107421875, 0.044818878173828125, 0.027645111083984375], [0.9491767883300781, 0.021549224853515625, 0.02927398681640625], [0.9486427307128906, 0.0231475830078125, 0.028209686279296875], [0.9059066772460938, 0.046443939208984375, 0.047649383544921875], [0.8948402404785156, 0.026912689208984375, 0.0782470703125], [0.8832321166992188, 0.0589447021484375, 0.05782318115234375], [0.9520072937011719, 0.0251007080078125, 0.022891998291015625], [0.9282302856445312, 0.035045623779296875, 0.036724090576171875], [0.9051132202148438, 0.04279327392578125, 0.052093505859375], [0.94482421875, 0.025325775146484375, 0.029850006103515625], [0.9359169006347656, 0.0395965576171875, 0.024486541748046875], [0.9035835266113281, 0.048183441162109375, 0.0482330322265625], [0.9346504211425781, 0.03861236572265625, 0.026737213134765625], [0.8846893310546875, 0.05724334716796875, 0.05806732177734375], [0.8870506286621094, 0.0537567138671875, 0.059192657470703125], [0.9236259460449219, 0.038463592529296875, 0.03791046142578125], [0.9040985107421875, 0.0564727783203125, 0.0394287109375], [0.9151382446289062, 0.03543853759765625, 0.0494232177734375], [0.898101806640625, 0.045490264892578125, 0.056407928466796875], [0.9718093872070312, 0.019420623779296875, 0.008769989013671875], [0.9281654357910156, 0.027233123779296875, 0.0446014404296875], [0.9055099487304688, 0.04598236083984375, 0.0485076904296875], [0.921356201171875, 0.043117523193359375, 0.035526275634765625], [0.9631195068359375, 0.0207366943359375, 0.016143798828125], [0.9307174682617188, 0.04499053955078125, 0.0242919921875], [0.9248237609863281, 0.048061370849609375, 0.0271148681640625], [0.9484939575195312, 0.0367431640625, 0.01476287841796875], [0.9137992858886719, 0.027820587158203125, 0.058380126953125], [0.899139404296875, 0.04415130615234375, 0.05670928955078125], [0.9100608825683594, 0.0389404296875, 0.050998687744140625], [0.9567031860351562, 0.03139495849609375, 0.01190185546875]], "candidate_count": 3881, "candidate_scores_path": "/groups/echambe2/gmeng/MedAL-Agent/repo/code/runs/frozen_v5/candidate_scores/msd_task04_hippocampus__P5__s1000__r0.json", "predictions_path": "", "initial_labeled_path": "/groups/echambe2/gmeng/MedAL-Agent/repo/code/runs/frozen_v5/init_sets/msd_task04_hippocampus__s1000__n40.json", "initial_labeled_ids": ["hippocampus_001_s025", "hippocampus_003_s016", "hippocampus_007_s018", "hippocampus_014_s006", "hippocampus_014_s021", "hippocampus_017_s009", "hippocampus_024_s018", "hippocampus_039_s010", "hippocampus_042_s011", "hippocampus_044_s017", "hippocampus_060_s013", "hippocampus_064_s011", "hippocampus_087_s009", "hippocampus_087_s024", "hippocampus_104_s006", "hippocampus_126_s018", "hippocampus_133_s007", "hippocampus_154_s022", "hippocampus_156_s008", "hippocampus_156_s016", "hippocampus_161_s022", "hippocampus_162_s015", "hippocampus_171_s007", "hippocampus_229_s021", "hippocampus_269_s011", "hippocampus_292_s014", "hippocampus_292_s025", "hippocampus_296_s010", "hippocampus_298_s010", "hippocampus_308_s023", "hippocampus_309_s015", "hippocampus_320_s007", "hippocampus_328_s020", "hippocampus_354_s011", "hippocampus_356_s017", "hippocampus_356_s018", "hippocampus_366_s017", "hippocampus_374_s024", "hippocampus_376_s018", "hippocampus_383_s007"], "selection_diagnostics": {}, "training": {"num_iters": 1000, "batch_size": 12, "lr": 0.001, "image_size": 512, "aspect_preserve": true, "resolution_policy": "longside_pad32", "preproc_cache": {"pool": "hit", "val": "hit"}, "train_runtime_sec": 992.161536693573, "query_runtime_sec": 89.67420101165771, "iters": 2500, "stop_iter": 2500, "mean_loss": 0.12116382366158068, "last_loss": 0.005335019901394844, "stop_reason": "plateau", "hit_max_iters": false, "final_smooth_loss": 0.003743094478268176, "best_smooth_loss": 0.00689571538940072, "diverged": false, "loss_curve": [[1000, 0.04648468933999538], [1100, 0.03667606109753251], [1200, 0.02856038238853216], [1300, 0.023029503915458917], [1400, 0.019345789039507507], [1500, 0.019328927733004094], [1600, 0.012774643171578646], [1700, 0.011136413370259106], [1800, 0.009079809985123574], [1900, 0.008138159629888833], [2000, 0.00689571538940072], [2100, 0.005990821598097682], [2200, 0.005231779797468334], [2300, 0.005405627959407866], [2400, 0.004955653515644372], [2500, 0.003743094478268176]]}, "ckpt_id": "msd_task04_hippocampus__P5__s1000__r0", "ckpt_path": "", "ckpt_hash": "d34c8151267e45ba3422abfd6d25182209e2c3dc225b69cc564977cb64c56015", "config_hash": "db7446573c288a276bfe3638adbf2614d369524c482aeb47e957628efb35157c", "feature_cache_keys": {"task_unet": "task_unet_bottleneck@d34c8151267e"}, "sam_model_type": "", "sam_checkpoint": "", "metrics": {"primary_metric": "mean_dsc_fg_case_macro", "metric_version": "v3_case_macro", "eval_scope": "case_retained_slices", "mean_dsc_fg_case_macro": 0.6262358383354012, "mean_dsc_fg": 0.6262358383354012, "mean_dsc_fg_pooled_diagnostic": 0.6354019886688123, "dsc_per_class_pooled": [0.9846113969373098, 0.5944989486104212, 0.6763050287272032], "dsc_per_class": [0.9846113969373098, 0.5944989486104212, 0.6763050287272032], "n_cases": 22, "n_eval": 482, "structure_detection_rate": 1.0, "missed_structure_rate": 0.0}, "runtime_sec": {"train": 992.161536693573, "eval": 7.361607074737549, "select": 89.67420101165771}, "gpu_mem_mb": 9368.62208, "gpu_name": "NVIDIA A40", "gpu_total_mem_mb": 47960.489984, "foundation": {}, "notes": ""}
{"schema_version": "v3", "run_id": "msd_task04_hippocampus__P5__s1000", "round": 1, "dataset": "msd_task04_hippocampus", "modality": "mri", "target": "hippocampus_anterior", "dim": "3d", "query_unit": "slice", "seed": 1000, "round_seed": 1001, "component_seeds": {"model_init_seed": 1028625171, "loader_seed": 316625031, "query_seed": 253434028, "dropout_seed": 3317428529}, "total_rounds": 7, "budget_denominator": {"full_train_N": 3921, "requested_pool_cap": 5000, "actual_AL_pool_N": 3921, "budget_plan": [40, 79, 157, 275, 393, 589, 785], "fraction_of_AL_pool": 0.20020402958428973, "fraction_of_full_train": 0.20020402958428973}, "policy_id": "P5", "policy_name": "EntropyCoreSet", "method_version": "1.0", "is_ablation": false, "policy_config": {}, "cumulative_budget": 79, "incremental_query_count": 78, "labeled_count": 79, "labeled_ratio": 0.020147921448610048, "selected_ids": ["hippocampus_169_s021", "hippocampus_096_s009", "hippocampus_349_s021", "hippocampus_301_s009", "hippocampus_166_s007", "hippocampus_127_s006", "hippocampus_228_s005", "hippocampus_175_s020", "hippocampus_050_s016", "hippocampus_337_s017", "hippocampus_221_s007", "hippocampus_253_s026", "hippocampus_070_s021", "hippocampus_373_s018", "hippocampus_193_s023", "hippocampus_145_s007", "hippocampus_199_s021", "hippocampus_177_s018", "hippocampus_328_s007", "hippocampus_020_s017", "hippocampus_318_s006", "hippocampus_070_s012", "hippocampus_106_s014", "hippocampus_314_s020", "hippocampus_011_s022", "hippocampus_060_s024", "hippocampus_037_s004", "hippocampus_337_s008", "hippocampus_176_s020", "hippocampus_227_s016", "hippocampus_166_s009", "hippocampus_280_s011", "hippocampus_368_s020", "hippocampus_321_s019", "hippocampus_383_s018", "hippocampus_368_s006", "hippocampus_050_s020", "hippocampus_228_s019", "hippocampus_359_s013", "hippocampus_318_s023", "hippocampus_058_s015", "hippocampus_025_s006", "hippocampus_171_s012", "hippocampus_304_s009", "hippocampus_146_s026", "hippocampus_336_s014", "hippocampus_290_s021", "hippocampus_304_s018", "hippocampus_389_s011", "hippocampus_236_s017", "hippocampus_353_s020", "hippocampus_228_s010", "hippocampus_236_s012", "hippocampus_292_s006", "hippocampus_127_s014", "hippocampus_146_s007", "hippocampus_217_s024", "hippocampus_025_s020", "hippocampus_040_s025", "hippocampus_096_s013", "hippocampus_075_s015", "hippocampus_351_s010", "hippocampus_096_s019", "hippocampus_199_s014", "hippocampus_175_s006", "hippocampus_020_s014", "hippocampus_049_s012", "hippocampus_174_s021", "hippocampus_166_s022", "hippocampus_194_s020", "hippocampus_235_s010", "hippocampus_221_s015", "hippocampus_336_s017", "hippocampus_290_s009", "hippocampus_056_s018", "hippocampus_034_s018", "hippocampus_253_s016", "hippocampus_355_s019"], "selected_scores": [0.010000820271670818, 0.008253357373178005, 0.008135409094393253, 0.008630182594060898, 0.008614513091742992, 0.00859895721077919, 0.008151493966579437, 0.008349133655428886, 0.008119634352624416, 0.01255796942859888, 0.00810549221932888, 0.00846185628324747, 0.008015918545424938, 0.00812414288520813, 0.008347217924892902, 0.010175233706831932, 0.008878244087100029, 0.00805042963474989, 0.008020976558327675, 0.009593980386853218, 0.010086627677083015, 0.010908759199082851, 0.008042016066610813, 0.008869425393640995, 0.009125465527176857, 0.008335682563483715, 0.008354379795491695, 0.00852042157202959, 0.008234535343945026, 0.009988784790039062, 0.010521919466555119, 0.009151263162493706, 0.00906328670680523, 0.008830714039504528, 0.009123348630964756, 0.008526607416570187, 0.007992028258740902, 0.00860511977225542, 0.009690833278000355, 0.008002362214028835, 0.008023188449442387, 0.008649720810353756, 0.008799421600997448, 0.009050821885466576, 0.008737519383430481, 0.008412890136241913, 0.008063923567533493, 0.009182127192616463, 0.008282771334052086, 0.008727749809622765, 0.010796555317938328, 0.010287000797688961, 0.008747870102524757, 0.010550698265433311, 0.010375582613050938, 0.0080665098503232, 0.00848428625613451, 0.008908691816031933, 0.008712331764400005, 0.00948219932615757, 0.009018560871481895, 0.008116055279970169, 0.008369461633265018, 0.009709993377327919, 0.008271364495158195, 0.008569951169192791, 0.009106846526265144, 0.008555450476706028, 0.008802050724625587, 0.008208009414374828, 0.011947855353355408, 0.008014067076146603, 0.008939238265156746, 0.009505470283329487, 0.010859963484108448, 0.00915961991995573, 0.008567570708692074, 0.007994993589818478], "selected_pred_fg_ratio": [0.0669403076171875, 0.0797576904296875, 0.03639984130859375, 0.0801849365234375, 0.0413818359375, 0.03154754638671875, 0.031352996826171875, 0.03118133544921875, 0.10604476928710938, 0.10736465454101562, 0.02649688720703125, 0.021240234375, 0.041553497314453125, 0.07774734497070312, 0.02215576171875, 0.06093597412109375, 0.042331695556640625, 0.06090545654296875, 0.03302001953125, 0.09225845336914062, 0.031803131103515625, 0.06668853759765625, 0.08164596557617188, 0.06235504150390625, 0.034885406494140625, 0.06653594970703125, 0.030735015869140625, 0.060756683349609375, 0.052768707275390625, 0.083343505859375, 0.06340789794921875, 0.0536956787109375, 0.07358169555664062, 0.056934356689453125, 0.0385589599609375, 0.047092437744140625, 0.0634002685546875, 0.06256103515625, 0.100006103515625, 0.027069091796875, 0.07439422607421875, 0.058185577392578125, 0.08292007446289062, 0.09944915771484375, 0.018035888671875, 0.080047607421875, 0.032958984375, 0.07983779907226562, 0.08849334716796875, 0.08156204223632812, 0.047473907470703125, 0.10926055908203125, 0.05144500732421875, 0.030933380126953125, 0.09381103515625, 0.06746292114257812, 0.031036376953125, 0.05672454833984375, 0.023738861083984375, 0.09337615966796875, 0.08109664916992188, 0.07341766357421875, 0.0454864501953125, 0.055568695068359375, 0.07721328735351562, 0.112060546875, 0.080963134765625, 0.0418701171875, 0.03931427001953125, 0.052165985107421875, 0.06407546997070312, 0.051204681396484375, 0.07285308837890625, 0.06526947021484375, 0.11046218872070312, 0.07254409790039062, 0.07648849487304688, 0.06851577758789062], "selected_pred_class_dist": [[0.9330596923828125, 0.035846710205078125, 0.031093597412109375], [0.9202423095703125, 0.028217315673828125, 0.051540374755859375], [0.9636001586914062, 0.01654052734375, 0.01985931396484375], [0.9198150634765625, 0.048908233642578125, 0.031276702880859375], [0.9586181640625, 0.035400390625, 0.0059814453125], [0.9684524536132812, 0.021907806396484375, 0.009639739990234375], [0.9686470031738281, 0.01177978515625, 0.019573211669921875], [0.9688186645507812, 0.013698577880859375, 0.017482757568359375], [0.8939552307128906, 0.05120849609375, 0.054836273193359375], [0.8926353454589844, 0.054904937744140625, 0.052459716796875], [0.9735031127929688, 0.0218658447265625, 0.00463104248046875], [0.978759765625, 0.01567840576171875, 0.00556182861328125], [0.9584465026855469, 0.034152984619140625, 0.0074005126953125], [0.9222526550292969, 0.052066802978515625, 0.0256805419921875], [0.97784423828125, 0.01972198486328125, 0.00243377685546875], [0.9390640258789062, 0.025135040283203125, 0.035800933837890625], [0.9576683044433594, 0.0175018310546875, 0.024829864501953125], [0.9390945434570312, 0.02832794189453125, 0.0325775146484375], [0.96697998046875, 0.014617919921875, 0.018402099609375], [0.9077415466308594, 0.06168365478515625, 0.030574798583984375], [0.9681968688964844, 0.0194244384765625, 0.012378692626953125], [0.9333114624023438, 0.036243438720703125, 0.030445098876953125], [0.9183540344238281, 0.041095733642578125, 0.04055023193359375], [0.9376449584960938, 0.039798736572265625, 0.022556304931640625], [0.9651145935058594, 0.0212860107421875, 0.013599395751953125], [0.9334640502929688, 0.031940460205078125, 0.034595489501953125], [0.9692649841308594, 0.02557373046875, 0.005161285400390625], [0.9392433166503906, 0.019092559814453125, 0.04166412353515625], [0.9472312927246094, 0.039402008056640625, 0.01336669921875], [0.916656494140625, 0.04701995849609375, 0.03632354736328125], [0.9365921020507812, 0.0399322509765625, 0.02347564697265625], [0.9463043212890625, 0.02816009521484375, 0.02553558349609375], [0.9264183044433594, 0.048877716064453125, 0.0247039794921875], [0.9430656433105469, 0.032073974609375, 0.024860382080078125], [0.9614410400390625, 0.01534271240234375, 0.02321624755859375], [0.9529075622558594, 0.021289825439453125, 0.0258026123046875], [0.9365997314453125, 0.030384063720703125, 0.033016204833984375], [0.93743896484375, 0.04244232177734375, 0.02011871337890625], [0.899993896484375, 0.050830841064453125, 0.049175262451171875], [0.972930908203125, 0.013214111328125, 0.01385498046875], [0.9256057739257812, 0.040271759033203125, 0.034122467041015625], [0.9418144226074219, 0.025020599365234375, 0.03316497802734375], [0.9170799255371094, 0.038066864013671875, 0.04485321044921875], [0.9005508422851562, 0.04589080810546875, 0.053558349609375], [0.981964111328125, 0.01277923583984375, 0.00525665283203125], [0.919952392578125, 0.03916168212890625, 0.04088592529296875], [0.967041015625, 0.01399993896484375, 0.01895904541015625], [0.9201622009277344, 0.045932769775390625, 0.033905029296875], [0.9115066528320312, 0.054058074951171875, 0.034435272216796875], [0.9184379577636719, 0.046749114990234375, 0.03481292724609375], [0.9525260925292969, 0.022045135498046875, 0.02542877197265625], [0.8907394409179688, 0.04229736328125, 0.06696319580078125], [0.9485549926757812, 0.019367218017578125, 0.032077789306640625], [0.9690666198730469, 0.0205230712890625, 0.010410308837890625], [0.90618896484375, 0.05202484130859375, 0.04178619384765625], [0.9325370788574219, 0.027858734130859375, 0.03960418701171875], [0.968963623046875, 0.02661895751953125, 0.00441741943359375], [0.9432754516601562, 0.03964996337890625, 0.0170745849609375], [0.9762611389160156, 0.011356353759765625, 0.01238250732421875], [0.9066238403320312, 0.036838531494140625, 0.056537628173828125], [0.9189033508300781, 0.038242340087890625, 0.04285430908203125], [0.9265823364257812, 0.0383148193359375, 0.03510284423828125], [0.9545135498046875, 0.02683258056640625, 0.01865386962890625], [0.9444313049316406, 0.01865386962890625, 0.036914825439453125], [0.9227867126464844, 0.01699066162109375, 0.060222625732421875], [0.887939453125, 0.054668426513671875, 0.057392120361328125], [0.919036865234375, 0.030513763427734375, 0.050449371337890625], [0.9581298828125, 0.01740264892578125, 0.02446746826171875], [0.9606857299804688, 0.021148681640625, 0.01816558837890625], [0.9478340148925781, 0.029941558837890625, 0.02222442626953125], [0.9359245300292969, 0.026851654052734375, 0.03722381591796875], [0.9487953186035156, 0.04144287109375, 0.009761810302734375], [0.9271469116210938, 0.034343719482421875, 0.038509368896484375], [0.9347305297851562, 0.043972015380859375, 0.021297454833984375], [0.8895378112792969, 0.054294586181640625, 0.0561676025390625], [0.9274559020996094, 0.0379180908203125, 0.034626007080078125], [0.9235115051269531, 0.038311004638671875, 0.038177490234375], [0.9314842224121094, 0.049633026123046875, 0.01888275146484375]], "candidate_count": 3842, "candidate_scores_path": "/groups/echambe2/gmeng/MedAL-Agent/repo/code/runs/frozen_v5/candidate_scores/msd_task04_hippocampus__P5__s1000__r1.json", "predictions_path": "", "initial_labeled_path": "/groups/echambe2/gmeng/MedAL-Agent/repo/code/runs/frozen_v5/init_sets/msd_task04_hippocampus__s1000__n40.json", "initial_labeled_ids": [], "selection_diagnostics": {}, "training": {"num_iters": 1000, "batch_size": 12, "lr": 0.001, "image_size": 512, "aspect_preserve": true, "resolution_policy": "longside_pad32", "preproc_cache": {"pool": "hit", "val": "hit"}, "train_runtime_sec": 1077.1723048686981, "query_runtime_sec": 92.45618557929993, "iters": 2700, "stop_iter": 2700, "mean_loss": 0.15398634519428014, "last_loss": 0.023743020370602608, "stop_reason": "plateau", "hit_max_iters": false, "final_smooth_loss": 0.02796080082654953, "best_smooth_loss": 0.01991315959021449, "diverged": false, "loss_curve": [[1000, 0.09914350390434265], [1100, 0.08072894051671028], [1200, 0.07305293906480075], [1300, 0.0657372049242258], [1400, 0.054264133125543595], [1500, 0.04932421825826168], [1600, 0.045124508626759055], [1700, 0.04255271874368191], [1800, 0.03680649211630225], [1900, 0.028366837259382008], [2000, 0.02643011825159192], [2100, 0.023760692775249483], [2200, 0.01991315959021449], [2300, 0.019225519374012946], [2400, 0.016946813436225058], [2500, 0.015324035650119186], [2600, 0.1436163689568639], [2700, 0.02796080082654953]]}, "ckpt_id": "msd_task04_hippocampus__P5__s1000__r1", "ckpt_path": "", "ckpt_hash": "6928551577843bec7d64c422aef3bc967cb10a3110a4163011b1dbeaa6e263c1", "config_hash": "db7446573c288a276bfe3638adbf2614d369524c482aeb47e957628efb35157c", "feature_cache_keys": {"task_unet": "task_unet_bottleneck@692855157784"}, "sam_model_type": "", "sam_checkpoint": "", "metrics": {"primary_metric": "mean_dsc_fg_case_macro", "metric_version": "v3_case_macro", "eval_scope": "case_retained_slices", "mean_dsc_fg_case_macro": 0.7013838129212343, "mean_dsc_fg": 0.7013838129212343, "mean_dsc_fg_pooled_diagnostic": 0.712995940380504, "dsc_per_class_pooled": [0.9868711975506991, 0.690550967361438, 0.7354409133995701], "dsc_per_class": [0.9868711975506991, 0.690550967361438, 0.7354409133995701], "n_cases": 22, "n_eval": 482, "structure_detection_rate": 1.0, "missed_structure_rate": 0.0}, "runtime_sec": {"train": 1077.1723048686981, "eval": 8.011255741119385, "select": 92.45618557929993}, "gpu_mem_mb": 9417.150464, "gpu_name": "NVIDIA A40", "gpu_total_mem_mb": 47960.489984, "foundation": {}, "notes": ""}
