{"schema_version": "v3", "run_id": "msd_task03_liver__P1__s3000", "round": 0, "dataset": "msd_task03_liver", "modality": "ct", "target": "liver", "dim": "3d", "query_unit": "slice", "seed": 3000, "round_seed": 3000, "component_seeds": {"model_init_seed": 4268717614, "loader_seed": 3761024140, "query_seed": 1653928250, "dropout_seed": 3551934248}, "total_rounds": 7, "budget_denominator": {"full_train_N": 16493, "requested_pool_cap": 5000, "actual_AL_pool_N": 2500, "budget_plan": [25, 50, 100, 176, 250, 375, 500], "fraction_of_AL_pool": 0.2, "fraction_of_full_train": 0.030315891590371673}, "policy_id": "P1", "policy_name": "EntropyFull", "method_version": "1.0", "is_ablation": false, "policy_config": {}, "cumulative_budget": 25, "incremental_query_count": 25, "labeled_count": 25, "labeled_ratio": 0.01, "selected_ids": ["liver_45_s300", "liver_71_s077", "liver_45_s319", "liver_45_s358", "liver_45_s348", "liver_45_s359", "liver_71_s073", "liver_23_s324", "liver_45_s329", "liver_45_s345", "liver_45_s357", "liver_23_s327", "liver_23_s323", "liver_123_s248", "liver_101_s192", "liver_44_s309", "liver_123_s255", "liver_45_s338", "liver_84_s274", "liver_28_s290", "liver_123_s242", "liver_31_s333", "liver_123_s256", "liver_123_s241", "liver_28_s293"], "selected_scores": [0.011282761581242085, 0.010920858010649681, 0.010695328935980797, 0.010467511601746082, 0.010451940819621086, 0.009830438531935215, 0.009789284318685532, 0.009396837092936039, 0.009373739361763, 0.009356523863971233, 0.009309711866080761, 0.009309639222919941, 0.00904749147593975, 0.008992839604616165, 0.008430763147771358, 0.008424769155681133, 0.008407327346503735, 0.008234435692429543, 0.008209056220948696, 0.008206917904317379, 0.00820157490670681, 0.008147244341671467, 0.008140533231198788, 0.00802565272897482, 0.00799478031694889], "selected_pred_fg_ratio": [0.01132965087890625, 0.23645401000976562, 0.015995025634765625, 0.01800537109375, 0.0142974853515625, 0.020427703857421875, 0.2051849365234375, 0.16337966918945312, 0.012470245361328125, 0.013523101806640625, 0.01821136474609375, 0.1683197021484375, 0.16530990600585938, 0.18152618408203125, 0.033111572265625, 0.016468048095703125, 0.19752883911132812, 0.014049530029296875, 0.0319366455078125, 0.020526885986328125, 0.16652679443359375, 0.0142822265625, 0.19597625732421875, 0.16511154174804688, 0.025043487548828125], "selected_pred_class_dist": [[0.9886703491210938, 0.009883880615234375, 0.001445770263671875], [0.7635459899902344, 0.20989608764648438, 0.02655792236328125], [0.9840049743652344, 0.0127716064453125, 0.003223419189453125], [0.98199462890625, 0.017833709716796875, 0.000171661376953125], [0.9857025146484375, 0.012599945068359375, 0.001697540283203125], [0.9795722961425781, 0.020404815673828125, 2.288818359375e-05], [0.7948150634765625, 0.1864471435546875, 0.01873779296875], [0.8366203308105469, 0.1297149658203125, 0.033664703369140625], [0.9875297546386719, 0.009975433349609375, 0.00249481201171875], [0.9864768981933594, 0.012622833251953125, 0.0009002685546875], [0.9817886352539062, 0.016544342041015625, 0.001667022705078125], [0.8316802978515625, 0.13602066040039062, 0.032299041748046875], [0.8346900939941406, 0.132232666015625, 0.033077239990234375], [0.8184738159179688, 0.15291595458984375, 0.0286102294921875], [0.966888427734375, 0.0328216552734375, 0.0002899169921875], [0.9835319519042969, 0.016468048095703125, 0.0], [0.8024711608886719, 0.15893936157226562, 0.0385894775390625], [0.9859504699707031, 0.01398468017578125, 6.4849853515625e-05], [0.9680633544921875, 0.023014068603515625, 0.008922576904296875], [0.9794731140136719, 0.020526885986328125, 0.0], [0.8334732055664062, 0.14479446411132812, 0.021732330322265625], [0.9857177734375, 0.0142822265625, 0.0], [0.8040237426757812, 0.15713119506835938, 0.038845062255859375], [0.8348884582519531, 0.14560699462890625, 0.019504547119140625], [0.9749565124511719, 0.025043487548828125, 0.0]], "candidate_count": 2475, "candidate_scores_path": "/groups/echambe2/gmeng/MedAL-Agent/repo/code/runs/frozen_v5/candidate_scores/msd_task03_liver__P1__s3000__r0.json", "predictions_path": "", "initial_labeled_path": "/groups/echambe2/gmeng/MedAL-Agent/repo/code/runs/frozen_v5/init_sets/msd_task03_liver__s3000__n25.json", "initial_labeled_ids": ["liver_102_s392", "liver_102_s458", "liver_105_s270", "liver_105_s430", "liver_113_s420", "liver_117_s321", "liver_117_s476", "liver_119_s243", "liver_119_s276", "liver_11_s408", "liver_122_s162", "liver_127_s225", "liver_21_s378", "liver_25_s310", "liver_30_s404", "liver_32_s264", "liver_34_s156", "liver_39_s196", "liver_44_s184", "liver_44_s365", "liver_52_s125", "liver_58_s177", "liver_7_s397", "liver_89_s367", "liver_96_s360"], "selection_diagnostics": {}, "training": {"num_iters": 1000, "batch_size": 12, "lr": 0.001, "image_size": 512, "aspect_preserve": true, "resolution_policy": "longside_pad32", "preproc_cache": {"pool": "hit", "val": "hit"}, "train_runtime_sec": 939.4231171607971, "query_runtime_sec": 47.48418974876404, "iters": 2400, "stop_iter": 2400, "mean_loss": 0.1876579104200937, "last_loss": 0.03288686275482178, "stop_reason": "plateau", "hit_max_iters": false, "final_smooth_loss": 0.055000085365027186, "best_smooth_loss": 0.055762993805110454, "diverged": false, "loss_curve": [[1000, 0.09395742483437061], [1100, 0.0979656831920147], [1200, 0.07872997179627418], [1300, 0.09199953712522983], [1400, 0.11626821383833885], [1500, 0.07892001874744892], [1600, 0.06086012590676546], [1700, 0.0670278987288475], [1800, 0.06630918664857745], [1900, 0.055762993805110454], [2000, 0.06737047050148248], [2100, 0.055959983095526696], [2200, 0.05811429813504219], [2300, 0.061309015806764365], [2400, 0.055000085365027186]]}, "ckpt_id": "msd_task03_liver__P1__s3000__r0", "ckpt_path": "", "ckpt_hash": "f3cb14827d4bcf9a5e076bcea0b188a1498a0322b5ea80e4c75eba58c845fdff", "config_hash": "e4fae46d1c013eb7c36e2eeecfd787bd198e1e60b7f9bf7f044c146e0d2a9270", "feature_cache_keys": {}, "sam_model_type": "", "sam_checkpoint": "", "metrics": {"primary_metric": "mean_dsc_fg_case_macro", "metric_version": "v3_case_macro", "eval_scope": "case_retained_slices", "mean_dsc_fg_case_macro": 0.4819549085553431, "mean_dsc_fg": 0.4819549085553431, "mean_dsc_fg_pooled_diagnostic": 0.6456068440515146, "dsc_per_class_pooled": [0.9915004634460427, 0.8006934393543563, 0.49052024874867284], "dsc_per_class": [0.9915004634460427, 0.8006934393543563, 0.49052024874867284], "n_cases": 11, "n_eval": 500, "structure_detection_rate": 0.9545454545454546, "missed_structure_rate": 0.045454545454545414}, "runtime_sec": {"train": 939.4231171607971, "eval": 7.583608627319336, "select": 47.48418974876404}, "gpu_mem_mb": 9368.62208, "gpu_name": "NVIDIA A40", "gpu_total_mem_mb": 47960.489984, "foundation": {}, "notes": ""}
{"schema_version": "v3", "run_id": "msd_task03_liver__P1__s3000", "round": 1, "dataset": "msd_task03_liver", "modality": "ct", "target": "liver", "dim": "3d", "query_unit": "slice", "seed": 3000, "round_seed": 3001, "component_seeds": {"model_init_seed": 1368497401, "loader_seed": 724338150, "query_seed": 2939650167, "dropout_seed": 1283938365}, "total_rounds": 7, "budget_denominator": {"full_train_N": 16493, "requested_pool_cap": 5000, "actual_AL_pool_N": 2500, "budget_plan": [25, 50, 100, 176, 250, 375, 500], "fraction_of_AL_pool": 0.2, "fraction_of_full_train": 0.030315891590371673}, "policy_id": "P1", "policy_name": "EntropyFull", "method_version": "1.0", "is_ablation": false, "policy_config": {}, "cumulative_budget": 50, "incremental_query_count": 50, "labeled_count": 50, "labeled_ratio": 0.02, "selected_ids": ["liver_45_s179", "liver_45_s185", "liver_31_s239", "liver_45_s196", "liver_40_s467", "liver_28_s334", "liver_34_s367", "liver_34_s368", "liver_33_s343", "liver_45_s191", "liver_28_s332", "liver_45_s200", "liver_33_s361", "liver_34_s329", "liver_38_s441", "liver_34_s334", "liver_34_s364", "liver_31_s238", "liver_31_s237", "liver_34_s369", "liver_34_s340", "liver_28_s389", "liver_33_s364", "liver_31_s235", "liver_41_s157", "liver_32_s394", "liver_40_s200", "liver_41_s211", "liver_44_s353", "liver_45_s261", "liver_33_s349", "liver_34_s355", "liver_45_s214", "liver_28_s317", "liver_34_s319", "liver_40_s181", "liver_40_s165", "liver_31_s232", "liver_28_s129", "liver_44_s247", "liver_31_s201", "liver_38_s451", "liver_28_s319", "liver_31_s287", "liver_28_s323", "liver_33_s433", "liver_33_s354", "liver_40_s193", "liver_44_s413", "liver_33_s353"], "selected_scores": [0.01567208580672741, 0.015417026355862617, 0.015180770307779312, 0.013858187943696976, 0.013747427612543106, 0.013360914774239063, 0.013224517926573753, 0.013172945939004421, 0.012958620674908161, 0.012832841835916042, 0.012770524248480797, 0.012554166838526726, 0.012412848882377148, 0.012331678532063961, 0.012232955545186996, 0.012194469571113586, 0.01207782793790102, 0.012025854550302029, 0.011820219457149506, 0.011620027013123035, 0.01133622508496046, 0.011038453318178654, 0.010921197943389416, 0.010911529883742332, 0.01068976242095232, 0.01062975637614727, 0.010622597299516201, 0.010567649267613888, 0.010565945878624916, 0.010427839122712612, 0.01040596142411232, 0.01038905419409275, 0.010383243672549725, 0.010346194729208946, 0.010217915289103985, 0.01008727215230465, 0.009930174797773361, 0.00979936309158802, 0.00977259874343872, 0.00970357283949852, 0.00964147225022316, 0.00961639080196619, 0.009533792734146118, 0.009517782367765903, 0.009501833468675613, 0.009269529022276402, 0.009229686111211777, 0.009208597242832184, 0.009204818867146969, 0.009173986501991749], "selected_pred_fg_ratio": [0.013607025146484375, 0.01416778564453125, 0.016124725341796875, 0.01409149169921875, 0.007183074951171875, 0.054630279541015625, 0.050319671630859375, 0.051029205322265625, 0.025592803955078125, 0.014072418212890625, 0.053226470947265625, 0.014385223388671875, 0.029521942138671875, 0.0357666015625, 0.011016845703125, 0.035976409912109375, 0.04985809326171875, 0.017375946044921875, 0.017475128173828125, 0.04906463623046875, 0.033969879150390625, 0.0677642822265625, 0.02933502197265625, 0.01543426513671875, 0.006511688232421875, 0.03482818603515625, 0.011402130126953125, 0.01280975341796875, 0.04827117919921875, 0.01309967041015625, 0.023143768310546875, 0.04579925537109375, 0.01300811767578125, 0.048358917236328125, 0.01813507080078125, 0.004802703857421875, 0.00910186767578125, 0.01207733154296875, 0.00439453125, 0.023807525634765625, 0.00391387939453125, 0.01342010498046875, 0.04795074462890625, 0.01740264892578125, 0.050334930419921875, 0.0268096923828125, 0.0279693603515625, 0.0051727294921875, 0.02669525146484375, 0.02606201171875], "selected_pred_class_dist": [[0.9863929748535156, 0.013607025146484375, 0.0], [0.9858322143554688, 0.01416778564453125, 0.0], [0.9838752746582031, 0.016124725341796875, 0.0], [0.9859085083007812, 0.01409149169921875, 0.0], [0.9928169250488281, 0.007183074951171875, 0.0], [0.9453697204589844, 0.054447174072265625, 0.00018310546875], [0.9496803283691406, 0.050319671630859375, 0.0], [0.9489707946777344, 0.051029205322265625, 0.0], [0.9744071960449219, 0.025592803955078125, 0.0], [0.9859275817871094, 0.014072418212890625, 0.0], [0.9467735290527344, 0.053203582763671875, 2.288818359375e-05], [0.9856147766113281, 0.014385223388671875, 0.0], [0.9704780578613281, 0.029521942138671875, 0.0], [0.9642333984375, 0.0357666015625, 0.0], [0.988983154296875, 0.011016845703125, 0.0], [0.9640235900878906, 0.035976409912109375, 0.0], [0.9501419067382812, 0.04985809326171875, 0.0], [0.9826240539550781, 0.017375946044921875, 0.0], [0.9825248718261719, 0.017475128173828125, 0.0], [0.9509353637695312, 0.04906463623046875, 0.0], [0.9660301208496094, 0.033969879150390625, 0.0], [0.9322357177734375, 0.067718505859375, 4.57763671875e-05], [0.9706649780273438, 0.02933502197265625, 0.0], [0.9845657348632812, 0.01543426513671875, 0.0], [0.9934883117675781, 0.006511688232421875, 0.0], [0.9651718139648438, 0.03482818603515625, 0.0], [0.9885978698730469, 0.011402130126953125, 0.0], [0.9871902465820312, 0.01280975341796875, 0.0], [0.9517288208007812, 0.0449066162109375, 0.00336456298828125], [0.9869003295898438, 0.01309967041015625, 0.0], [0.9768562316894531, 0.023143768310546875, 0.0], [0.9542007446289062, 0.04579925537109375, 0.0], [0.9869918823242188, 0.01300811767578125, 0.0], [0.9516410827636719, 0.048358917236328125, 0.0], [0.9818649291992188, 0.01813507080078125, 0.0], [0.9951972961425781, 0.004802703857421875, 0.0], [0.9908981323242188, 0.00910186767578125, 0.0], [0.9879226684570312, 0.01207733154296875, 0.0], [0.99560546875, 0.00439453125, 0.0], [0.9761924743652344, 0.022674560546875, 0.001132965087890625], [0.9960861206054688, 0.00391387939453125, 0.0], [0.9865798950195312, 0.01342010498046875, 0.0], [0.9520492553710938, 0.04795074462890625, 0.0], [0.9825973510742188, 0.01740264892578125, 0.0], [0.9496650695800781, 0.050334930419921875, 0.0], [0.9731903076171875, 0.02679443359375, 1.52587890625e-05], [0.9720306396484375, 0.0279693603515625, 0.0], [0.9948272705078125, 0.0051727294921875, 0.0], [0.9733047485351562, 0.02669525146484375, 0.0], [0.97393798828125, 0.02606201171875, 0.0]], "candidate_count": 2450, "candidate_scores_path": "/groups/echambe2/gmeng/MedAL-Agent/repo/code/runs/frozen_v5/candidate_scores/msd_task03_liver__P1__s3000__r1.json", "predictions_path": "", "initial_labeled_path": "/groups/echambe2/gmeng/MedAL-Agent/repo/code/runs/frozen_v5/init_sets/msd_task03_liver__s3000__n25.json", "initial_labeled_ids": [], "selection_diagnostics": {}, "training": {"num_iters": 1000, "batch_size": 12, "lr": 0.001, "image_size": 512, "aspect_preserve": true, "resolution_policy": "longside_pad32", "preproc_cache": {"pool": "hit", "val": "hit"}, "train_runtime_sec": 1187.5027453899384, "query_runtime_sec": 44.02475714683533, "iters": 3000, "stop_iter": 3000, "mean_loss": 0.1560242390067627, "last_loss": 0.035580508410930634, "stop_reason": "plateau", "hit_max_iters": false, "final_smooth_loss": 0.04047598760575056, "best_smooth_loss": 0.04326415527611971, "diverged": false, "loss_curve": [[1000, 0.10819035977125167], [1100, 0.09054072070866823], [1200, 0.10131555434316397], [1300, 0.10142181813716888], [1400, 0.09419916547834874], [1500, 0.07668091977015137], [1600, 0.10602278381586075], [1700, 0.08594783127307892], [1800, 0.08356093473732472], [1900, 0.08102547809481621], [2000, 0.059816711433231834], [2100, 0.08515766821801662], [2200, 0.05358296580612659], [2300, 0.04943499019369483], [2400, 0.05124412648379803], [2500, 0.04326415527611971], [2600, 0.04189348671585322], [2700, 0.03962319785729051], [2800, 0.06455891262739896], [2900, 0.05460312936455011], [3000, 0.04047598760575056]]}, "ckpt_id": "msd_task03_liver__P1__s3000__r1", "ckpt_path": "", "ckpt_hash": "40965296405c95b435df24342ee37cfee61145c9c7973c20a9fec23e711ef8a4", "config_hash": "e4fae46d1c013eb7c36e2eeecfd787bd198e1e60b7f9bf7f044c146e0d2a9270", "feature_cache_keys": {}, "sam_model_type": "", "sam_checkpoint": "", "metrics": {"primary_metric": "mean_dsc_fg_case_macro", "metric_version": "v3_case_macro", "eval_scope": "case_retained_slices", "mean_dsc_fg_case_macro": 0.5091328835090558, "mean_dsc_fg": 0.5091328835090558, "mean_dsc_fg_pooled_diagnostic": 0.6820196947390329, "dsc_per_class_pooled": [0.9929504639872939, 0.8463649240992862, 0.5176744653787796], "dsc_per_class": [0.9929504639872939, 0.8463649240992862, 0.5176744653787796], "n_cases": 11, "n_eval": 500, "structure_detection_rate": 0.9545454545454546, "missed_structure_rate": 0.045454545454545414}, "runtime_sec": {"train": 1187.5027453899384, "eval": 7.374519109725952, "select": 44.02475714683533}, "gpu_mem_mb": 9417.150464, "gpu_name": "NVIDIA A40", "gpu_total_mem_mb": 47960.489984, "foundation": {}, "notes": ""}
{"schema_version": "v3", "run_id": "msd_task03_liver__P1__s3000", "round": 2, "dataset": "msd_task03_liver", "modality": "ct", "target": "liver", "dim": "3d", "query_unit": "slice", "seed": 3000, "round_seed": 3002, "component_seeds": {"model_init_seed": 3745551808, "loader_seed": 2465835433, "query_seed": 2701088630, "dropout_seed": 1393056386}, "total_rounds": 7, "budget_denominator": {"full_train_N": 16493, "requested_pool_cap": 5000, "actual_AL_pool_N": 2500, "budget_plan": [25, 50, 100, 176, 250, 375, 500], "fraction_of_AL_pool": 0.2, "fraction_of_full_train": 0.030315891590371673}, "policy_id": "P1", "policy_name": "EntropyFull", "method_version": "1.0", "is_ablation": false, "policy_config": {}, "cumulative_budget": 100, "incremental_query_count": 76, "labeled_count": 100, "labeled_ratio": 0.04, "selected_ids": ["liver_101_s242", "liver_101_s240", "liver_101_s280", "liver_94_s368", "liver_94_s370", "liver_94_s372", "liver_94_s398", "liver_94_s404", "liver_42_s266", "liver_101_s281", "liver_39_s358", "liver_28_s368", "liver_130_s511", "liver_34_s186", "liver_130_s515", "liver_34_s188", "liver_34_s198", "liver_101_s235", "liver_15_s308", "liver_100_s584", "liver_34_s190", "liver_31_s324", "liver_94_s412", "liver_33_s420", "liver_28_s347", "liver_44_s303", "liver_101_s276", "liver_28_s343", "liver_100_s555", "liver_130_s522", "liver_28_s341", "liver_39_s259", "liver_82_s389", "liver_90_s461", "liver_19_s455", "liver_44_s376", "liver_71_s070", "liver_44_s380", "liver_82_s326", "liver_100_s572", "liver_19_s442", "liver_94_s411", "liver_19_s433", "liver_32_s297", "liver_94_s397", "liver_33_s423", "liver_100_s532", "liver_40_s351", "liver_34_s184", "liver_39_s363", "liver_113_s501", "liver_39_s287", "liver_39_s370", "liver_94_s389", "liver_15_s331", "liver_44_s393", "liver_39_s372", "liver_33_s390", "liver_44_s373", "liver_82_s384", "liver_33_s324", "liver_39_s364", "liver_31_s360", "liver_28_s306", "liver_130_s470", "liver_32_s358", "liver_44_s212", "liver_33_s406", "liver_42_s269", "liver_29_s328", "liver_100_s538", "liver_32_s360", "liver_30_s378", "liver_44_s341", "liver_33_s403", "liver_89_s550"], "selected_scores": [0.021075015887618065, 0.018413040786981583, 0.017860503867268562, 0.017857152968645096, 0.017253149300813675, 0.01674495078623295, 0.01605098880827427, 0.015714870765805244, 0.015711981803178787, 0.015597508288919926, 0.015422056429088116, 0.015295184217393398, 0.015268051996827126, 0.014802176505327225, 0.014401065185666084, 0.014334474690258503, 0.013607554137706757, 0.013571158051490784, 0.013411685824394226, 0.013341759331524372, 0.013131714425981045, 0.012978228740394115, 0.012960833497345448, 0.012951232492923737, 0.01289902813732624, 0.012864264659583569, 0.012598640285432339, 0.012560351751744747, 0.012266350910067558, 0.01214847806841135, 0.012142129242420197, 0.012105499394237995, 0.01204531267285347, 0.011980892159044743, 0.011962263844907284, 0.011856500059366226, 0.011846240609884262, 0.011754030361771584, 0.011740798130631447, 0.011622587218880653, 0.011603067629039288, 0.011530885472893715, 0.011527910828590393, 0.011383377015590668, 0.011379470117390156, 0.011357463896274567, 0.011350976303219795, 0.011314278468489647, 0.01124191377311945, 0.011214538477361202, 0.01120858732610941, 0.011196140199899673, 0.011188329197466373, 0.011140254326164722, 0.011139498092234135, 0.01109966542571783, 0.011078164912760258, 0.011026781052350998, 0.011020752601325512, 0.011013779789209366, 0.011000433936715126, 0.01096123643219471, 0.010960692539811134, 0.010959934443235397, 0.010883367620408535, 0.010859942995011806, 0.01083520520478487, 0.01083348412066698, 0.010828066617250443, 0.010821026749908924, 0.01068207249045372, 0.010679862461984158, 0.010672461241483688, 0.010647619143128395, 0.010630292817950249, 0.010618272237479687], "selected_pred_fg_ratio": [0.049957275390625, 0.04412841796875, 0.041652679443359375, 0.049327850341796875, 0.050739288330078125, 0.0536041259765625, 0.0296173095703125, 0.027721405029296875, 0.01187896728515625, 0.042079925537109375, 0.062274932861328125, 0.061237335205078125, 0.13365936279296875, 0.0189056396484375, 0.13180923461914062, 0.01578521728515625, 0.01279449462890625, 0.039943695068359375, 0.1767425537109375, 0.1177215576171875, 0.01818084716796875, 0.020328521728515625, 0.02080535888671875, 0.0413360595703125, 0.059375762939453125, 0.028881072998046875, 0.047382354736328125, 0.059841156005859375, 0.13950729370117188, 0.13308334350585938, 0.059024810791015625, 0.0295257568359375, 0.12300491333007812, 0.10937881469726562, 0.13961410522460938, 0.049610137939453125, 0.15921401977539062, 0.04975128173828125, 0.03250885009765625, 0.1290740966796875, 0.153564453125, 0.021121978759765625, 0.15181350708007812, 0.024810791015625, 0.027843475341796875, 0.039020538330078125, 0.1256866455078125, 0.034915924072265625, 0.02248382568359375, 0.0735321044921875, 0.12171554565429688, 0.0374908447265625, 0.0709991455078125, 0.035366058349609375, 0.18924713134765625, 0.046573638916015625, 0.06955718994140625, 0.050045013427734375, 0.053188323974609375, 0.1085052490234375, 0.02202606201171875, 0.07213592529296875, 0.031543731689453125, 0.043460845947265625, 0.085113525390625, 0.050457000732421875, 0.019046783447265625, 0.0477294921875, 0.0151214599609375, 0.04247283935546875, 0.12785720825195312, 0.0524749755859375, 0.059429168701171875, 0.043243408203125, 0.0487213134765625, 0.06984710693359375], "selected_pred_class_dist": [[0.950042724609375, 0.03411102294921875, 0.01584625244140625], [0.95587158203125, 0.0308074951171875, 0.0133209228515625], [0.9583473205566406, 0.034282684326171875, 0.0073699951171875], [0.9506721496582031, 0.040866851806640625, 0.00846099853515625], [0.9492607116699219, 0.043476104736328125, 0.00726318359375], [0.9463958740234375, 0.04454803466796875, 0.00905609130859375], [0.9703826904296875, 0.0259552001953125, 0.003662109375], [0.9722785949707031, 0.0273590087890625, 0.000362396240234375], [0.9881210327148438, 0.011333465576171875, 0.000545501708984375], [0.9579200744628906, 0.034122467041015625, 0.00795745849609375], [0.9377250671386719, 0.06201171875, 0.000263214111328125], [0.9387626647949219, 0.05889129638671875, 0.002346038818359375], [0.8663406372070312, 0.12358856201171875, 0.01007080078125], [0.9810943603515625, 0.01679229736328125, 0.00211334228515625], [0.8681907653808594, 0.12089157104492188, 0.01091766357421875], [0.9842147827148438, 0.0139923095703125, 0.00179290771484375], [0.9872055053710938, 0.011119842529296875, 0.001674652099609375], [0.9600563049316406, 0.028888702392578125, 0.01105499267578125], [0.8232574462890625, 0.17060470581054688, 0.006137847900390625], [0.8822784423828125, 0.10535049438476562, 0.012371063232421875], [0.9818191528320312, 0.0161285400390625, 0.00205230712890625], [0.9796714782714844, 0.020328521728515625, 0.0], [0.9791946411132812, 0.0205078125, 0.00029754638671875], [0.9586639404296875, 0.0318603515625, 0.0094757080078125], [0.9406242370605469, 0.054386138916015625, 0.0049896240234375], [0.9711189270019531, 0.0281982421875, 0.000682830810546875], [0.9526176452636719, 0.03688812255859375, 0.010494232177734375], [0.9401588439941406, 0.051666259765625, 0.008174896240234375], [0.8604927062988281, 0.12253952026367188, 0.0169677734375], [0.8669166564941406, 0.12148284912109375, 0.011600494384765625], [0.9409751892089844, 0.050373077392578125, 0.0086517333984375], [0.9704742431640625, 0.0295257568359375, 0.0], [0.8769950866699219, 0.10743331909179688, 0.01557159423828125], [0.8906211853027344, 0.0956268310546875, 0.013751983642578125], [0.8603858947753906, 0.13608932495117188, 0.0035247802734375], [0.9503898620605469, 0.04511260986328125, 0.004497528076171875], [0.8407859802246094, 0.1415863037109375, 0.017627716064453125], [0.9502487182617188, 0.0459442138671875, 0.00380706787109375], [0.9674911499023438, 0.02556610107421875, 0.0069427490234375], [0.8709259033203125, 0.10607528686523438, 0.022998809814453125], [0.846435546875, 0.14809799194335938, 0.005466461181640625], [0.9788780212402344, 0.0208587646484375, 0.000263214111328125], [0.8481864929199219, 0.14764022827148438, 0.00417327880859375], [0.975189208984375, 0.024810791015625, 0.0], [0.9721565246582031, 0.02625274658203125, 0.001590728759765625], [0.9609794616699219, 0.02843475341796875, 0.010585784912109375], [0.8743133544921875, 0.12013626098632812, 0.005550384521484375], [0.9650840759277344, 0.031036376953125, 0.003879547119140625], [0.9775161743164062, 0.02011871337890625, 0.0023651123046875], [0.9264678955078125, 0.07276153564453125, 0.00077056884765625], [0.8782844543457031, 0.1201629638671875, 0.001552581787109375], [0.9625091552734375, 0.037387847900390625, 0.000102996826171875], [0.9290008544921875, 0.069976806640625, 0.0010223388671875], [0.9646339416503906, 0.03241729736328125, 0.002948760986328125], [0.8107528686523438, 0.17626953125, 0.01297760009765625], [0.9534263610839844, 0.044921875, 0.001651763916015625], [0.9304428100585938, 0.06856536865234375, 0.0009918212890625], [0.9499549865722656, 0.046844482421875, 0.003200531005859375], [0.9468116760253906, 0.047576904296875, 0.005611419677734375], [0.8914947509765625, 0.096466064453125, 0.0120391845703125], [0.9779739379882812, 0.0193939208984375, 0.00263214111328125], [0.9278640747070312, 0.07135772705078125, 0.0007781982421875], [0.9684562683105469, 0.030902862548828125, 0.000640869140625], [0.9565391540527344, 0.039745330810546875, 0.00371551513671875], [0.914886474609375, 0.0825042724609375, 0.0026092529296875], [0.9495429992675781, 0.050304412841796875, 0.000152587890625], [0.9809532165527344, 0.016910552978515625, 0.00213623046875], [0.9522705078125, 0.04508209228515625, 0.00264739990234375], [0.9848785400390625, 0.014476776123046875, 0.000644683837890625], [0.9575271606445312, 0.0406341552734375, 0.00183868408203125], [0.8721427917480469, 0.12519073486328125, 0.002666473388671875], [0.9475250244140625, 0.0519866943359375, 0.00048828125], [0.9405708312988281, 0.057758331298828125, 0.00167083740234375], [0.956756591796875, 0.043243408203125, 0.0], [0.9512786865234375, 0.047000885009765625, 0.001720428466796875], [0.9301528930664062, 0.06702804565429688, 0.002819061279296875]], "candidate_count": 2400, "candidate_scores_path": "/groups/echambe2/gmeng/MedAL-Agent/repo/code/runs/frozen_v5/candidate_scores/msd_task03_liver__P1__s3000__r2.json", "predictions_path": "", "initial_labeled_path": "/groups/echambe2/gmeng/MedAL-Agent/repo/code/runs/frozen_v5/init_sets/msd_task03_liver__s3000__n25.json", "initial_labeled_ids": [], "selection_diagnostics": {}, "training": {"num_iters": 1000, "batch_size": 12, "lr": 0.001, "image_size": 512, "aspect_preserve": true, "resolution_policy": "longside_pad32", "preproc_cache": {"pool": "hit", "val": "hit"}, "train_runtime_sec": 900.3550300598145, "query_runtime_sec": 31.70961284637451, "iters": 2300, "stop_iter": 2300, "mean_loss": 0.23512335764649123, "last_loss": 0.08099181950092316, "stop_reason": "plateau", "hit_max_iters": false, "final_smooth_loss": 0.09732830259948969, "best_smooth_loss": 0.08492749329656363, "diverged": false, "loss_curve": [[1000, 0.146604470461607], [1100, 0.1266871415823698], [1200, 0.11969226196408272], [1300, 0.15115149036049844], [1400, 0.13299826368689538], [1500, 0.10440477471798658], [1600, 0.1117545185983181], [1700, 0.09589688777923584], [1800, 0.08492749329656363], [1900, 0.08823600601404906], [2000, 0.11630838632583618], [2100, 0.0897604263573885], [2200, 0.08436221793293953], [2300, 0.09732830259948969]]}, "ckpt_id": "msd_task03_liver__P1__s3000__r2", "ckpt_path": "", "ckpt_hash": "4092aa012cbc60e2838619115d98839c373716191f1a793f47b3f593fdb5736a", "config_hash": "e4fae46d1c013eb7c36e2eeecfd787bd198e1e60b7f9bf7f044c146e0d2a9270", "feature_cache_keys": {}, "sam_model_type": "", "sam_checkpoint": "", "metrics": {"primary_metric": "mean_dsc_fg_case_macro", "metric_version": "v3_case_macro", "eval_scope": "case_retained_slices", "mean_dsc_fg_case_macro": 0.485214571510345, "mean_dsc_fg": 0.485214571510345, "mean_dsc_fg_pooled_diagnostic": 0.6275268291312244, "dsc_per_class_pooled": [0.9924569597971318, 0.8270402149444207, 0.42801344331802793], "dsc_per_class": [0.9924569597971318, 0.8270402149444207, 0.42801344331802793], "n_cases": 11, "n_eval": 500, "structure_detection_rate": 1.0, "missed_structure_rate": 0.0}, "runtime_sec": {"train": 900.3550300598145, "eval": 6.566091060638428, "select": 31.70961284637451}, "gpu_mem_mb": 9418.0352, "gpu_name": "NVIDIA A40", "gpu_total_mem_mb": 47960.489984, "foundation": {}, "notes": ""}
