{"schema_version": "v3", "run_id": "msd_task04_hippocampus__P9__s1000", "round": 0, "dataset": "msd_task04_hippocampus", "modality": "mri", "target": "hippocampus_anterior", "dim": "3d", "query_unit": "slice", "seed": 1000, "round_seed": 1000, "component_seeds": {"model_init_seed": 2989689681, "loader_seed": 4191542321, "query_seed": 2529548519, "dropout_seed": 3619692248}, "total_rounds": 7, "budget_denominator": {"full_train_N": 3921, "requested_pool_cap": 5000, "actual_AL_pool_N": 3921, "budget_plan": [40, 79, 157, 275, 393, 589, 785], "fraction_of_AL_pool": 0.20020402958428973, "fraction_of_full_train": 0.20020402958428973}, "policy_id": "P9", "policy_name": "PAAL", "method_version": "1.0", "is_ablation": false, "policy_config": {}, "cumulative_budget": 40, "incremental_query_count": 39, "labeled_count": 40, "labeled_ratio": 0.0102014792144861, "selected_ids": ["hippocampus_389_s023", "hippocampus_057_s006", "hippocampus_374_s023", "hippocampus_127_s010", "hippocampus_025_s004", "hippocampus_177_s006", "hippocampus_238_s005", "hippocampus_216_s016", "hippocampus_057_s015", "hippocampus_375_s008", "hippocampus_106_s028", "hippocampus_171_s011", "hippocampus_221_s006", "hippocampus_343_s005", "hippocampus_296_s006", "hippocampus_227_s020", "hippocampus_376_s010", "hippocampus_375_s022", "hippocampus_308_s022", "hippocampus_383_s010", "hippocampus_309_s005", "hippocampus_343_s006", "hippocampus_145_s006", "hippocampus_216_s017", "hippocampus_376_s016", "hippocampus_249_s023", "hippocampus_077_s028", "hippocampus_171_s012", "hippocampus_083_s006", "hippocampus_227_s006", "hippocampus_145_s007", "hippocampus_227_s019", "hippocampus_057_s016", "hippocampus_042_s026", "hippocampus_170_s018", "hippocampus_328_s027", "hippocampus_349_s005", "hippocampus_141_s006", "hippocampus_282_s005"], "selected_scores": [0.0008254385320469737, 0.0009105441858991981, 0.0007893002475611866, 0.0006836301181465387, 0.001263381214812398, 0.0009038209682330489, 0.0010873390128836036, 0.0008316158782690763, 0.0007786664646118879, 0.0008146222098730505, 0.0007425962830893695, 0.0006504696211777627, 0.000916151562705636, 0.0008856061613187194, 0.0007798257283866405, 0.0008292693528346717, 0.0007590799941681325, 0.0007828631205484271, 0.000684377911966294, 0.0006395339732989669, 0.0008643295150250196, 0.000878527294844389, 0.0007761255837976933, 0.0008128240588121116, 0.0007421987829729915, 0.0007473682053387165, 0.0006370233604684472, 0.0006281021051108837, 0.0008142997394315898, 0.0007612899644300342, 0.0007737181149423122, 0.0006970630493015051, 0.00071382662281394, 0.0007369105005636811, 0.0006216528126969934, 0.0006262193201109767, 0.0008117604884319007, 0.0007545467815361917, 0.0007465220987796783], "selected_pred_fg_ratio": [0.02660369873046875, 0.036769866943359375, 0.056026458740234375, 0.062084197998046875, 0.009700775146484375, 0.0597991943359375, 0.0222625732421875, 0.06924057006835938, 0.07425308227539062, 0.09157562255859375, 0.016132354736328125, 0.08133697509765625, 0.029449462890625, 0.031795501708984375, 0.002361297607421875, 0.04712677001953125, 0.09362411499023438, 0.016544342041015625, 0.06911087036132812, 0.059726715087890625, 0.016170501708984375, 0.040287017822265625, 0.016815185546875, 0.052822113037109375, 0.07939529418945312, 0.000591278076171875, 0.035152435302734375, 0.07033538818359375, 0.00057220458984375, 0.040111541748046875, 0.03632354736328125, 0.05558013916015625, 0.0699005126953125, 0.007427215576171875, 0.06253433227539062, 0.01276397705078125, 0.01154327392578125, 0.0392913818359375, 0.01963043212890625], "selected_pred_class_dist": [[0.9733963012695312, 0.0222015380859375, 0.00440216064453125], [0.9632301330566406, 0.026309967041015625, 0.01045989990234375], [0.9439735412597656, 0.0421295166015625, 0.013896942138671875], [0.9379158020019531, 0.018161773681640625, 0.04392242431640625], [0.9902992248535156, 0.008457183837890625, 0.00124359130859375], [0.9402008056640625, 0.036495208740234375, 0.023303985595703125], [0.9777374267578125, 0.014492034912109375, 0.007770538330078125], [0.9307594299316406, 0.04180908203125, 0.027431488037109375], [0.9257469177246094, 0.045501708984375, 0.028751373291015625], [0.9084243774414062, 0.052860260009765625, 0.038715362548828125], [0.9838676452636719, 0.01575469970703125, 0.000377655029296875], [0.9186630249023438, 0.03580474853515625, 0.0455322265625], [0.970550537109375, 0.02874755859375, 0.000701904296875], [0.9682044982910156, 0.02878570556640625, 0.003009796142578125], [0.9976387023925781, 0.000423431396484375, 0.0019378662109375], [0.9528732299804688, 0.03258514404296875, 0.0145416259765625], [0.9063758850097656, 0.04437255859375, 0.049251556396484375], [0.9834556579589844, 0.012714385986328125, 0.0038299560546875], [0.9308891296386719, 0.0533294677734375, 0.015781402587890625], [0.9402732849121094, 0.027400970458984375, 0.03232574462890625], [0.9838294982910156, 0.014495849609375, 0.001674652099609375], [0.9597129821777344, 0.0131378173828125, 0.027149200439453125], [0.983184814453125, 0.00704193115234375, 0.00977325439453125], [0.9471778869628906, 0.037761688232421875, 0.0150604248046875], [0.9206047058105469, 0.043430328369140625, 0.0359649658203125], [0.9994087219238281, 0.000591278076171875, 0.0], [0.9648475646972656, 0.024425506591796875, 0.0107269287109375], [0.9296646118164062, 0.03527069091796875, 0.035064697265625], [0.9994277954101562, 0.00042724609375, 0.00014495849609375], [0.9598884582519531, 0.03035736083984375, 0.009754180908203125], [0.9636764526367188, 0.00778961181640625, 0.028533935546875], [0.9444198608398438, 0.03127288818359375, 0.0243072509765625], [0.9300994873046875, 0.043041229248046875, 0.026859283447265625], [0.9925727844238281, 0.0004730224609375, 0.006954193115234375], [0.9374656677246094, 0.04064178466796875, 0.021892547607421875], [0.9872360229492188, 0.01276397705078125, 0.0], [0.9884567260742188, 0.01152801513671875, 1.52587890625e-05], [0.9607086181640625, 0.018451690673828125, 0.020839691162109375], [0.9803695678710938, 0.0145111083984375, 0.00511932373046875]], "candidate_count": 3881, "candidate_scores_path": "/groups/echambe2/gmeng/MedAL-Agent/repo/code/runs/frozen_v5/candidate_scores/msd_task04_hippocampus__P9__s1000__r0.json", "predictions_path": "", "initial_labeled_path": "/groups/echambe2/gmeng/MedAL-Agent/repo/code/runs/frozen_v5/init_sets/msd_task04_hippocampus__s1000__n40.json", "initial_labeled_ids": ["hippocampus_001_s025", "hippocampus_003_s016", "hippocampus_007_s018", "hippocampus_014_s006", "hippocampus_014_s021", "hippocampus_017_s009", "hippocampus_024_s018", "hippocampus_039_s010", "hippocampus_042_s011", "hippocampus_044_s017", "hippocampus_060_s013", "hippocampus_064_s011", "hippocampus_087_s009", "hippocampus_087_s024", "hippocampus_104_s006", "hippocampus_126_s018", "hippocampus_133_s007", "hippocampus_154_s022", "hippocampus_156_s008", "hippocampus_156_s016", "hippocampus_161_s022", "hippocampus_162_s015", "hippocampus_171_s007", "hippocampus_229_s021", "hippocampus_269_s011", "hippocampus_292_s014", "hippocampus_292_s025", "hippocampus_296_s010", "hippocampus_298_s010", "hippocampus_308_s023", "hippocampus_309_s015", "hippocampus_320_s007", "hippocampus_328_s020", "hippocampus_354_s011", "hippocampus_356_s017", "hippocampus_356_s018", "hippocampus_366_s017", "hippocampus_374_s024", "hippocampus_376_s018", "hippocampus_383_s007"], "selection_diagnostics": {"paal_ap_epochs": 200, "paal_ap_loss_mean": 0.000214110533158218, "paal_ap_loss_last": 4.773150092458106e-07, "paal_ap_val_corr": 0.3826868076875118, "paal_ap_n_train": 36, "paal_ap_n_val": 4, "paal_pred_acc_mean": 0.9996922612190247, "paal_pred_acc_std": 0.00016224496357608587, "paal_score_mean": 0.000307819020235911, "paal_score_std": 0.00015336129581555724, "paal_n_clusters": 8, "paal_cluster_sizes": [722, 522, 679, 232, 439, 481, 241, 565], "paal_selected_clusters": [0, 1, 2, 3, 4, 5, 6, 7, 0, 1, 2, 3, 4, 5, 6, 7, 0, 1, 2, 3, 4, 5, 6, 7, 0, 1, 2, 3, 4, 5, 6, 7, 0, 1, 2, 3, 4, 5, 6]}, "training": {"num_iters": 1000, "batch_size": 12, "lr": 0.001, "image_size": 512, "aspect_preserve": true, "resolution_policy": "longside_pad32", "preproc_cache": {"pool": "hit", "val": "hit"}, "train_runtime_sec": 986.9057912826538, "query_runtime_sec": 187.49822664260864, "iters": 2500, "stop_iter": 2500, "mean_loss": 0.12116382366158068, "last_loss": 0.005335019901394844, "stop_reason": "plateau", "hit_max_iters": false, "final_smooth_loss": 0.003743094478268176, "best_smooth_loss": 0.00689571538940072, "diverged": false, "loss_curve": [[1000, 0.04648468933999538], [1100, 0.03667606109753251], [1200, 0.02856038238853216], [1300, 0.023029503915458917], [1400, 0.019345789039507507], [1500, 0.019328927733004094], [1600, 0.012774643171578646], [1700, 0.011136413370259106], [1800, 0.009079809985123574], [1900, 0.008138159629888833], [2000, 0.00689571538940072], [2100, 0.005990821598097682], [2200, 0.005231779797468334], [2300, 0.005405627959407866], [2400, 0.004955653515644372], [2500, 0.003743094478268176]]}, "ckpt_id": "msd_task04_hippocampus__P9__s1000__r0", "ckpt_path": "", "ckpt_hash": "d34c8151267e45ba3422abfd6d25182209e2c3dc225b69cc564977cb64c56015", "config_hash": "db7446573c288a276bfe3638adbf2614d369524c482aeb47e957628efb35157c", "feature_cache_keys": {"task_unet": "task_unet_bottleneck@d34c8151267e"}, "sam_model_type": "", "sam_checkpoint": "", "metrics": {"primary_metric": "mean_dsc_fg_case_macro", "metric_version": "v3_case_macro", "eval_scope": "case_retained_slices", "mean_dsc_fg_case_macro": 0.6262358383354012, "mean_dsc_fg": 0.6262358383354012, "mean_dsc_fg_pooled_diagnostic": 0.6354019886688123, "dsc_per_class_pooled": [0.9846113969373098, 0.5944989486104212, 0.6763050287272032], "dsc_per_class": [0.9846113969373098, 0.5944989486104212, 0.6763050287272032], "n_cases": 22, "n_eval": 482, "structure_detection_rate": 1.0, "missed_structure_rate": 0.0}, "runtime_sec": {"train": 986.9057912826538, "eval": 7.77794075012207, "select": 187.49822664260864}, "gpu_mem_mb": 9368.62208, "gpu_name": "NVIDIA A40", "gpu_total_mem_mb": 47960.489984, "foundation": {}, "notes": ""}
{"schema_version": "v3", "run_id": "msd_task04_hippocampus__P9__s1000", "round": 1, "dataset": "msd_task04_hippocampus", "modality": "mri", "target": "hippocampus_anterior", "dim": "3d", "query_unit": "slice", "seed": 1000, "round_seed": 1001, "component_seeds": {"model_init_seed": 1028625171, "loader_seed": 316625031, "query_seed": 253434028, "dropout_seed": 3317428529}, "total_rounds": 7, "budget_denominator": {"full_train_N": 3921, "requested_pool_cap": 5000, "actual_AL_pool_N": 3921, "budget_plan": [40, 79, 157, 275, 393, 589, 785], "fraction_of_AL_pool": 0.20020402958428973, "fraction_of_full_train": 0.20020402958428973}, "policy_id": "P9", "policy_name": "PAAL", "method_version": "1.0", "is_ablation": false, "policy_config": {}, "cumulative_budget": 79, "incremental_query_count": 78, "labeled_count": 79, "labeled_ratio": 0.020147921448610048, "selected_ids": ["hippocampus_007_s006", "hippocampus_040_s006", "hippocampus_294_s006", "hippocampus_152_s006", "hippocampus_104_s005", "hippocampus_330_s004", "hippocampus_020_s005", "hippocampus_056_s008", "hippocampus_288_s006", "hippocampus_269_s005", "hippocampus_065_s006", "hippocampus_286_s006", "hippocampus_152_s007", "hippocampus_161_s005", "hippocampus_330_s005", "hippocampus_374_s007", "hippocampus_056_s010", "hippocampus_288_s007", "hippocampus_269_s006", "hippocampus_065_s007", "hippocampus_133_s006", "hippocampus_070_s005", "hippocampus_106_s005", "hippocampus_158_s005", "hippocampus_176_s004", "hippocampus_224_s005", "hippocampus_288_s008", "hippocampus_007_s007", "hippocampus_205_s018", "hippocampus_294_s007", "hippocampus_070_s006", "hippocampus_088_s008", "hippocampus_366_s004", "hippocampus_204_s007", "hippocampus_056_s009", "hippocampus_373_s012", "hippocampus_143_s007", "hippocampus_205_s016", "hippocampus_286_s007", "hippocampus_004_s006", "hippocampus_049_s006", "hippocampus_300_s005", "hippocampus_020_s006", "hippocampus_050_s006", "hippocampus_355_s010", "hippocampus_164_s006", "hippocampus_101_s005", "hippocampus_338_s006", "hippocampus_229_s006", "hippocampus_088_s007", "hippocampus_276_s005", "hippocampus_114_s009", "hippocampus_056_s007", "hippocampus_355_s011", "hippocampus_311_s004", "hippocampus_205_s019", "hippocampus_338_s007", "hippocampus_310_s007", "hippocampus_220_s007", "hippocampus_298_s005", "hippocampus_042_s007", "hippocampus_050_s005", "hippocampus_373_s013", "hippocampus_034_s006", "hippocampus_282_s006", "hippocampus_133_s008", "hippocampus_166_s006", "hippocampus_161_s006", "hippocampus_298_s006", "hippocampus_114_s010", "hippocampus_056_s013", "hippocampus_373_s009", "hippocampus_162_s008", "hippocampus_205_s017", "hippocampus_146_s006", "hippocampus_309_s004", "hippocampus_142_s007", "hippocampus_276_s006"], "selected_scores": [0.0018305738922208548, 0.001271699438802898, 0.002604156034067273, 0.002351517789065838, 0.00225309981033206, 0.0023345143999904394, 0.002360827522352338, 0.003019497497007251, 0.0021624010987579823, 0.0017739683389663696, 0.0012705990811809897, 0.0022297243122011423, 0.0016833296976983547, 0.0021033957600593567, 0.0020074020139873028, 0.0020114746876060963, 0.002806213451549411, 0.001512950286269188, 0.0016565248370170593, 0.0012224873062223196, 0.0018851448548957705, 0.0014035439817234874, 0.0018170768162235618, 0.002006278373301029, 0.0017381315119564533, 0.002749312436208129, 0.001202508807182312, 0.0016195158241316676, 0.001088215853087604, 0.00164886680431664, 0.0013757331762462854, 0.0016503561055287719, 0.0017405070830136538, 0.00149837089702487, 0.002642502775415778, 0.0009046844206750393, 0.0015941020101308823, 0.0010860138572752476, 0.001487227389588952, 0.0012729163281619549, 0.0015530891250818968, 0.0014908922603353858, 0.0014442338142544031, 0.0025449227541685104, 0.0008265305659733713, 0.0015768459998071194, 0.0010743285529315472, 0.0013418931048363447, 0.001207654713653028, 0.0014952116180211306, 0.001395995495840907, 0.0013243363937363029, 0.002451704815030098, 0.0008253375417552888, 0.0014640598092228174, 0.0010681471321731806, 0.001194374985061586, 0.001190457376651466, 0.0014948730822652578, 0.001373974489979446, 0.0013053289148956537, 0.002422320656478405, 0.000762449752073735, 0.0013906367821618915, 0.001065421849489212, 0.0011893152259290218, 0.0011564400047063828, 0.001487752771936357, 0.0012909662909805775, 0.0012256135232746601, 0.0023641616571694613, 0.0007271916838362813, 0.0012616015737876296, 0.001042633200995624, 0.0011711367405951023, 0.001105103874579072, 0.0014610278885811567, 0.001207304885610938], "selected_pred_fg_ratio": [0.024768829345703125, 0.011165618896484375, 0.04327392578125, 0.01688385009765625, 0.012081146240234375, 0.0022735595703125, 0.0195159912109375, 0.0201873779296875, 0.0025177001953125, 0.018604278564453125, 0.018795013427734375, 0.03839111328125, 0.02075958251953125, 0.032703399658203125, 0.0, 0.03433990478515625, 0.018703460693359375, 0.018688201904296875, 0.037517547607421875, 0.029987335205078125, 0.052295684814453125, 0.015087127685546875, 0.00614166259765625, 0.017578125, 0.001987457275390625, 0.00856781005859375, 0.013965606689453125, 0.048999786376953125, 0.03763580322265625, 0.053577423095703125, 0.01153564453125, 0.036258697509765625, 0.002857208251953125, 0.018218994140625, 0.0213470458984375, 0.08236312866210938, 0.06523895263671875, 0.0585174560546875, 0.04965972900390625, 0.01336669921875, 0.025478363037109375, 0.00440216064453125, 0.03194427490234375, 0.020465850830078125, 0.063201904296875, 0.037494659423828125, 0.0009307861328125, 0.020992279052734375, 0.003597259521484375, 0.024932861328125, 0.04084014892578125, 0.00553131103515625, 0.004116058349609375, 0.06612396240234375, 0.006206512451171875, 0.03772735595703125, 0.039501190185546875, 0.032749176025390625, 0.0255889892578125, 0.023715972900390625, 0.03021240234375, 0.012737274169921875, 0.07741928100585938, 0.007869720458984375, 0.000759124755859375, 0.07243728637695312, 0.014720916748046875, 0.037548065185546875, 0.033657073974609375, 0.02446746826171875, 0.042263031005859375, 0.08388137817382812, 0.038372039794921875, 0.053455352783203125, 0.033321380615234375, 0.005664825439453125, 0.0323028564453125, 0.036373138427734375], "selected_pred_class_dist": [[0.9752311706542969, 0.007476806640625, 0.017292022705078125], [0.9888343811035156, 0.001800537109375, 0.009365081787109375], [0.95672607421875, 0.018154144287109375, 0.025119781494140625], [0.9831161499023438, 0.001537322998046875, 0.015346527099609375], [0.9879188537597656, 0.0072174072265625, 0.004863739013671875], [0.9977264404296875, 0.000789642333984375, 0.001483917236328125], [0.9804840087890625, 0.00926971435546875, 0.01024627685546875], [0.9798126220703125, 0.007717132568359375, 0.012470245361328125], [0.9974822998046875, 0.0002288818359375, 0.002288818359375], [0.9813957214355469, 0.00191497802734375, 0.016689300537109375], [0.9812049865722656, 0.001422882080078125, 0.01737213134765625], [0.96160888671875, 0.012065887451171875, 0.026325225830078125], [0.9792404174804688, 0.00496673583984375, 0.0157928466796875], [0.9672966003417969, 0.01743316650390625, 0.015270233154296875], [1.0, 0.0, 0.0], [0.9656600952148438, 0.0081329345703125, 0.02620697021484375], [0.9812965393066406, 0.006145477294921875, 0.0125579833984375], [0.9813117980957031, 0.003543853759765625, 0.01514434814453125], [0.9624824523925781, 0.014892578125, 0.022624969482421875], [0.9700126647949219, 0.0067596435546875, 0.023227691650390625], [0.9477043151855469, 0.02754974365234375, 0.024745941162109375], [0.9849128723144531, 0.00962066650390625, 0.005466461181640625], [0.9938583374023438, 0.003322601318359375, 0.002819061279296875], [0.982421875, 0.007781982421875, 0.009796142578125], [0.9980125427246094, 1.52587890625e-05, 0.001972198486328125], [0.9914321899414062, 0.00670623779296875, 0.001861572265625], [0.9860343933105469, 0.008319854736328125, 0.005645751953125], [0.9510002136230469, 0.0174560546875, 0.031543731689453125], [0.9623641967773438, 0.029766082763671875, 0.007869720458984375], [0.9464225769042969, 0.02141571044921875, 0.032161712646484375], [0.98846435546875, 0.006870269775390625, 0.004665374755859375], [0.9637413024902344, 0.0098114013671875, 0.026447296142578125], [0.9971427917480469, 4.57763671875e-05, 0.002811431884765625], [0.981781005859375, 0.00070953369140625, 0.01750946044921875], [0.9786529541015625, 0.006183624267578125, 0.015163421630859375], [0.9176368713378906, 0.05297088623046875, 0.029392242431640625], [0.9347610473632812, 0.021823883056640625, 0.043415069580078125], [0.9414825439453125, 0.042720794677734375, 0.015796661376953125], [0.9503402709960938, 0.020648956298828125, 0.029010772705078125], [0.98663330078125, 0.001773834228515625, 0.011592864990234375], [0.9745216369628906, 0.004718780517578125, 0.02075958251953125], [0.9955978393554688, 0.0, 0.00440216064453125], [0.9680557250976562, 0.006458282470703125, 0.025485992431640625], [0.9795341491699219, 0.011627197265625, 0.008838653564453125], [0.936798095703125, 0.032878875732421875, 0.030323028564453125], [0.9625053405761719, 0.02362823486328125, 0.013866424560546875], [0.9990692138671875, 0.0009307861328125, 0.0], [0.9790077209472656, 0.00641632080078125, 0.014575958251953125], [0.9964027404785156, 0.00080108642578125, 0.002796173095703125], [0.975067138671875, 0.006313323974609375, 0.018619537353515625], [0.9591598510742188, 0.023113250732421875, 0.017726898193359375], [0.9944686889648438, 0.000568389892578125, 0.004962921142578125], [0.9958839416503906, 0.000942230224609375, 0.003173828125], [0.9338760375976562, 0.035480499267578125, 0.030643463134765625], [0.9937934875488281, 0.000453948974609375, 0.0057525634765625], [0.9622726440429688, 0.023403167724609375, 0.014324188232421875], [0.9604988098144531, 0.01513671875, 0.024364471435546875], [0.9672508239746094, 0.010799407958984375, 0.02194976806640625], [0.9744110107421875, 0.012363433837890625, 0.013225555419921875], [0.9762840270996094, 0.02214813232421875, 0.001567840576171875], [0.96978759765625, 0.004642486572265625, 0.025569915771484375], [0.9872627258300781, 0.000217437744140625, 0.01251983642578125], [0.9225807189941406, 0.0516510009765625, 0.025768280029296875], [0.9921302795410156, 0.0069732666015625, 0.000896453857421875], [0.9992408752441406, 0.000408172607421875, 0.0003509521484375], [0.9275627136230469, 0.029537200927734375, 0.04290008544921875], [0.9852790832519531, 0.004734039306640625, 0.00998687744140625], [0.9624519348144531, 0.026119232177734375, 0.0114288330078125], [0.9663429260253906, 0.017650604248046875, 0.0160064697265625], [0.9755325317382812, 0.01142120361328125, 0.0130462646484375], [0.9577369689941406, 0.026519775390625, 0.015743255615234375], [0.9161186218261719, 0.041034698486328125, 0.0428466796875], [0.9616279602050781, 0.017669677734375, 0.020702362060546875], [0.9465446472167969, 0.041622161865234375, 0.01183319091796875], [0.9666786193847656, 0.009609222412109375, 0.023712158203125], [0.9943351745605469, 0.005092620849609375, 0.00057220458984375], [0.9676971435546875, 0.007160186767578125, 0.025142669677734375], [0.9636268615722656, 0.013851165771484375, 0.02252197265625]], "candidate_count": 3842, "candidate_scores_path": "/groups/echambe2/gmeng/MedAL-Agent/repo/code/runs/frozen_v5/candidate_scores/msd_task04_hippocampus__P9__s1000__r1.json", "predictions_path": "", "initial_labeled_path": "/groups/echambe2/gmeng/MedAL-Agent/repo/code/runs/frozen_v5/init_sets/msd_task04_hippocampus__s1000__n40.json", "initial_labeled_ids": [], "selection_diagnostics": {"paal_ap_epochs": 200, "paal_ap_loss_mean": 1.000335000126837e-05, "paal_ap_loss_last": 1.0675462741952893e-05, "paal_ap_val_corr": -0.05981628855751064, "paal_ap_n_train": 72, "paal_ap_n_val": 7, "paal_pred_acc_mean": 0.9995312094688416, "paal_pred_acc_std": 0.0007956561748869717, "paal_score_mean": 0.0004691977519541979, "paal_score_std": 0.00027027042233385146, "paal_n_clusters": 9, "paal_cluster_sizes": [398, 607, 320, 571, 545, 374, 422, 476, 129], "paal_selected_clusters": [0, 1, 2, 3, 4, 5, 6, 7, 8, 0, 1, 2, 3, 4, 5, 6, 7, 8, 0, 1, 2, 3, 4, 5, 6, 7, 8, 0, 1, 2, 3, 4, 5, 6, 7, 8, 0, 1, 2, 3, 4, 5, 6, 7, 8, 0, 1, 2, 3, 4, 5, 6, 7, 8, 0, 1, 2, 3, 4, 5, 6, 7, 8, 0, 1, 2, 3, 4, 5, 6, 7, 8, 0, 1, 2, 3, 4, 5]}, "training": {"num_iters": 1000, "batch_size": 12, "lr": 0.001, "image_size": 512, "aspect_preserve": true, "resolution_policy": "longside_pad32", "preproc_cache": {"pool": "hit", "val": "hit"}, "train_runtime_sec": 1421.4526224136353, "query_runtime_sec": 293.33724665641785, "iters": 3600, "stop_iter": 3600, "mean_loss": 0.12623625823801074, "last_loss": 0.020062921568751335, "stop_reason": "plateau", "hit_max_iters": false, "final_smooth_loss": 0.008407341199927032, "best_smooth_loss": 0.010710973255336285, "diverged": false, "loss_curve": [[1000, 0.10434363633394242], [1100, 0.09545142479240894], [1200, 0.08310314986854792], [1300, 0.0768431631475687], [1400, 0.07379620596766472], [1500, 0.0620003530010581], [1600, 0.05218889322131872], [1700, 0.04579144064337015], [1800, 0.044324318692088124], [1900, 0.03893545472994447], [2000, 0.03142349850386381], [2100, 0.030625854022800922], [2200, 0.027236512396484613], [2300, 0.023633409440517426], [2400, 0.02067406915128231], [2500, 0.021018461016938092], [2600, 0.017338451789692046], [2700, 0.044442140804603694], [2800, 0.02453494301997125], [2900, 0.014234172087162733], [3000, 0.012360470276325941], [3100, 0.010710973255336285], [3200, 0.009387377831153572], [3300, 0.009952500737272203], [3400, 0.008630938013084233], [3500, 0.00733299354556948], [3600, 0.008407341199927032]]}, "ckpt_id": "msd_task04_hippocampus__P9__s1000__r1", "ckpt_path": "", "ckpt_hash": "a3f37d4a1d7c2725dda5e56d033d1c70420c9697922aa06d00daf62e0c623204", "config_hash": "db7446573c288a276bfe3638adbf2614d369524c482aeb47e957628efb35157c", "feature_cache_keys": {"task_unet": "task_unet_bottleneck@a3f37d4a1d7c"}, "sam_model_type": "", "sam_checkpoint": "", "metrics": {"primary_metric": "mean_dsc_fg_case_macro", "metric_version": "v3_case_macro", "eval_scope": "case_retained_slices", "mean_dsc_fg_case_macro": 0.6513597870253256, "mean_dsc_fg": 0.6513597870253256, "mean_dsc_fg_pooled_diagnostic": 0.660375692879726, "dsc_per_class_pooled": [0.9852560416257428, 0.6230434828688491, 0.6977079028906028], "dsc_per_class": [0.9852560416257428, 0.6230434828688491, 0.6977079028906028], "n_cases": 22, "n_eval": 482, "structure_detection_rate": 1.0, "missed_structure_rate": 0.0}, "runtime_sec": {"train": 1421.4526224136353, "eval": 7.498647451400757, "select": 293.33724665641785}, "gpu_mem_mb": 9580.54912, "gpu_name": "NVIDIA A40", "gpu_total_mem_mb": 47960.489984, "foundation": {}, "notes": ""}
