{"schema_version": "v3", "run_id": "msd_task04_hippocampus__P1__s3000", "round": 0, "dataset": "msd_task04_hippocampus", "modality": "mri", "target": "hippocampus_anterior", "dim": "3d", "query_unit": "slice", "seed": 3000, "round_seed": 3000, "component_seeds": {"model_init_seed": 4268717614, "loader_seed": 3761024140, "query_seed": 1653928250, "dropout_seed": 3551934248}, "total_rounds": 7, "budget_denominator": {"full_train_N": 3908, "requested_pool_cap": 5000, "actual_AL_pool_N": 3908, "budget_plan": [40, 79, 157, 274, 391, 587, 782], "fraction_of_AL_pool": 0.2001023541453429, "fraction_of_full_train": 0.2001023541453429}, "policy_id": "P1", "policy_name": "EntropyFull", "method_version": "1.0", "is_ablation": false, "policy_config": {}, "cumulative_budget": 40, "incremental_query_count": 39, "labeled_count": 40, "labeled_ratio": 0.01023541453428864, "selected_ids": ["hippocampus_178_s007", "hippocampus_178_s006", "hippocampus_125_s013", "hippocampus_142_s013", "hippocampus_142_s015", "hippocampus_286_s011", "hippocampus_178_s008", "hippocampus_142_s014", "hippocampus_142_s016", "hippocampus_164_s012", "hippocampus_164_s011", "hippocampus_020_s028", "hippocampus_142_s012", "hippocampus_020_s019", "hippocampus_020_s021", "hippocampus_337_s021", "hippocampus_178_s021", "hippocampus_133_s009", "hippocampus_020_s029", "hippocampus_142_s019", "hippocampus_142_s010", "hippocampus_178_s025", "hippocampus_125_s014", "hippocampus_164_s013", "hippocampus_144_s011", "hippocampus_178_s009", "hippocampus_133_s010", "hippocampus_286_s012", "hippocampus_178_s022", "hippocampus_178_s023", "hippocampus_144_s009", "hippocampus_142_s020", "hippocampus_164_s017", "hippocampus_142_s011", "hippocampus_020_s020", "hippocampus_125_s012", "hippocampus_020_s025", "hippocampus_133_s008", "hippocampus_142_s008"], "selected_scores": [0.013405552133917809, 0.011994737200438976, 0.011129902675747871, 0.011113940738141537, 0.01104026474058628, 0.011015987023711205, 0.01020445954054594, 0.009918195195496082, 0.00984146911650896, 0.00960879772901535, 0.009449033997952938, 0.009355517104268074, 0.00935171078890562, 0.009113756008446217, 0.00908443983644247, 0.009052149020135403, 0.00898545142263174, 0.008984288200736046, 0.008908398449420929, 0.008811397477984428, 0.00872781965881586, 0.008704768493771553, 0.008623783476650715, 0.008622975088655949, 0.008620629087090492, 0.008595149032771587, 0.008580416440963745, 0.008372902870178223, 0.008353645913302898, 0.008316396735608578, 0.008310896344482899, 0.008284911513328552, 0.008258887566626072, 0.008208492770791054, 0.008177856914699078, 0.008175168186426163, 0.008158302865922451, 0.008121776394546032, 0.008108867332339287], "selected_pred_fg_ratio": [0.06269454956054688, 0.0564117431640625, 0.08243179321289062, 0.08304977416992188, 0.07001876831054688, 0.07087326049804688, 0.07245254516601562, 0.07576370239257812, 0.08560562133789062, 0.07582855224609375, 0.06402206420898438, 0.051570892333984375, 0.07670211791992188, 0.08304977416992188, 0.06603622436523438, 0.09185028076171875, 0.052448272705078125, 0.043094635009765625, 0.0558013916015625, 0.076324462890625, 0.07847213745117188, 0.0423736572265625, 0.07597732543945312, 0.0745391845703125, 0.08346176147460938, 0.062530517578125, 0.05556488037109375, 0.07386016845703125, 0.045299530029296875, 0.045886993408203125, 0.06266403198242188, 0.052837371826171875, 0.07693099975585938, 0.0789031982421875, 0.08281707763671875, 0.06319427490234375, 0.0485992431640625, 0.042179107666015625, 0.06165313720703125], "selected_pred_class_dist": [[0.9373054504394531, 0.02594757080078125, 0.036746978759765625], [0.9435882568359375, 0.03557586669921875, 0.02083587646484375], [0.9175682067871094, 0.043712615966796875, 0.03871917724609375], [0.9169502258300781, 0.0329437255859375, 0.050106048583984375], [0.9299812316894531, 0.030475616455078125, 0.03954315185546875], [0.9291267395019531, 0.031036376953125, 0.039836883544921875], [0.9275474548339844, 0.027187347412109375, 0.04526519775390625], [0.9242362976074219, 0.039958953857421875, 0.03580474853515625], [0.9143943786621094, 0.045856475830078125, 0.0397491455078125], [0.9241714477539062, 0.048786163330078125, 0.027042388916015625], [0.9359779357910156, 0.0388946533203125, 0.025127410888671875], [0.9484291076660156, 0.026226043701171875, 0.0253448486328125], [0.9232978820800781, 0.028400421142578125, 0.04830169677734375], [0.9169502258300781, 0.05113983154296875, 0.031909942626953125], [0.9339637756347656, 0.043304443359375, 0.022731781005859375], [0.9081497192382812, 0.0528411865234375, 0.03900909423828125], [0.9475517272949219, 0.034511566162109375, 0.01793670654296875], [0.9569053649902344, 0.02129364013671875, 0.021800994873046875], [0.9441986083984375, 0.031993865966796875, 0.023807525634765625], [0.923675537109375, 0.0530548095703125, 0.0232696533203125], [0.9215278625488281, 0.040607452392578125, 0.03786468505859375], [0.9576263427734375, 0.026763916015625, 0.0156097412109375], [0.9240226745605469, 0.031833648681640625, 0.0441436767578125], [0.9254608154296875, 0.038196563720703125, 0.036342620849609375], [0.9165382385253906, 0.039577484130859375, 0.04388427734375], [0.937469482421875, 0.01861572265625, 0.043914794921875], [0.9444351196289062, 0.02809906005859375, 0.0274658203125], [0.9261398315429688, 0.030574798583984375, 0.043285369873046875], [0.9547004699707031, 0.0259552001953125, 0.019344329833984375], [0.9541130065917969, 0.03003692626953125, 0.015850067138671875], [0.9373359680175781, 0.0218353271484375, 0.040828704833984375], [0.9471626281738281, 0.027248382568359375, 0.0255889892578125], [0.9230690002441406, 0.03003692626953125, 0.046894073486328125], [0.9210968017578125, 0.02661895751953125, 0.05228424072265625], [0.9171829223632812, 0.057888031005859375, 0.024929046630859375], [0.9368057250976562, 0.02623748779296875, 0.036956787109375], [0.9514007568359375, 0.027400970458984375, 0.021198272705078125], [0.9578208923339844, 0.018280029296875, 0.023899078369140625], [0.9383468627929688, 0.032848358154296875, 0.028804779052734375]], "candidate_count": 3868, "candidate_scores_path": "/groups/echambe2/gmeng/MedAL-Agent/repo/code/runs/frozen_v5/candidate_scores/msd_task04_hippocampus__P1__s3000__r0.json", "predictions_path": "", "initial_labeled_path": "/groups/echambe2/gmeng/MedAL-Agent/repo/code/runs/frozen_v5/init_sets/msd_task04_hippocampus__s3000__n40.json", "initial_labeled_ids": ["hippocampus_011_s030", "hippocampus_023_s017", "hippocampus_025_s007", "hippocampus_025_s025", "hippocampus_036_s009", "hippocampus_046_s016", "hippocampus_053_s014", "hippocampus_074_s018", "hippocampus_096_s009", "hippocampus_135_s010", "hippocampus_146_s007", "hippocampus_152_s018", "hippocampus_155_s013", "hippocampus_155_s020", "hippocampus_158_s016", "hippocampus_160_s027", "hippocampus_162_s007", "hippocampus_171_s007", "hippocampus_188_s017", "hippocampus_189_s013", "hippocampus_190_s009", "hippocampus_193_s017", "hippocampus_219_s012", "hippocampus_220_s018", "hippocampus_221_s013", "hippocampus_224_s012", "hippocampus_265_s013", "hippocampus_292_s006", "hippocampus_300_s006", "hippocampus_302_s006", "hippocampus_302_s019", "hippocampus_311_s018", "hippocampus_317_s016", "hippocampus_320_s024", "hippocampus_330_s008", "hippocampus_332_s024", "hippocampus_338_s006", "hippocampus_351_s011", "hippocampus_378_s011", "hippocampus_385_s012"], "selection_diagnostics": {}, "training": {"num_iters": 1000, "batch_size": 12, "lr": 0.001, "image_size": 512, "aspect_preserve": true, "resolution_policy": "longside_pad32", "preproc_cache": {"pool": "hit", "val": "hit"}, "train_runtime_sec": 1068.014475107193, "query_runtime_sec": 54.41616630554199, "iters": 2700, "stop_iter": 2700, "mean_loss": 0.10797720063883053, "last_loss": 0.0021517181303352118, "stop_reason": "plateau", "hit_max_iters": false, "final_smooth_loss": 0.00245892618666403, "best_smooth_loss": 0.004596742324065417, "diverged": false, "loss_curve": [[1000, 0.03414528775960207], [1100, 0.02619446091353893], [1200, 0.02181237880140543], [1300, 0.01691429582424462], [1400, 0.014613301167264581], [1500, 0.01207681430503726], [1600, 0.04162078415974975], [1700, 0.033364470042288305], [1800, 0.010325897140428425], [1900, 0.007582430294714868], [2000, 0.006455184035003185], [2100, 0.00562452670186758], [2200, 0.004596742324065417], [2300, 0.004177739538718015], [2400, 0.0035606958367861807], [2500, 0.0032286897115409376], [2600, 0.002891205680789426], [2700, 0.00245892618666403]]}, "ckpt_id": "msd_task04_hippocampus__P1__s3000__r0", "ckpt_path": "", "ckpt_hash": "6b3b01e252987c557c515436475749c2a7ea4e149259564188eb5869ea2811f7", "config_hash": "b481fadf8baa1c1160d1a1b91b828e7e4a8a5690d77ca8046e86a7fbe16ebcd0", "feature_cache_keys": {}, "sam_model_type": "", "sam_checkpoint": "", "metrics": {"primary_metric": "mean_dsc_fg_case_macro", "metric_version": "v3_case_macro", "eval_scope": "case_retained_slices", "mean_dsc_fg_case_macro": 0.6237652954097783, "mean_dsc_fg": 0.6237652954097783, "mean_dsc_fg_pooled_diagnostic": 0.6303324271527133, "dsc_per_class_pooled": [0.9832400408228976, 0.5711513140326875, 0.6895135402727393], "dsc_per_class": [0.9832400408228976, 0.5711513140326875, 0.6895135402727393], "n_cases": 22, "n_eval": 481, "structure_detection_rate": 1.0, "missed_structure_rate": 0.0}, "runtime_sec": {"train": 1068.014475107193, "eval": 6.7742085456848145, "select": 54.41616630554199}, "gpu_mem_mb": 9368.62208, "gpu_name": "NVIDIA A40", "gpu_total_mem_mb": 47960.489984, "foundation": {}, "notes": ""}
{"schema_version": "v3", "run_id": "msd_task04_hippocampus__P1__s3000", "round": 1, "dataset": "msd_task04_hippocampus", "modality": "mri", "target": "hippocampus_anterior", "dim": "3d", "query_unit": "slice", "seed": 3000, "round_seed": 3001, "component_seeds": {"model_init_seed": 1368497401, "loader_seed": 724338150, "query_seed": 2939650167, "dropout_seed": 1283938365}, "total_rounds": 7, "budget_denominator": {"full_train_N": 3908, "requested_pool_cap": 5000, "actual_AL_pool_N": 3908, "budget_plan": [40, 79, 157, 274, 391, 587, 782], "fraction_of_AL_pool": 0.2001023541453429, "fraction_of_full_train": 0.2001023541453429}, "policy_id": "P1", "policy_name": "EntropyFull", "method_version": "1.0", "is_ablation": false, "policy_config": {}, "cumulative_budget": 79, "incremental_query_count": 78, "labeled_count": 79, "labeled_ratio": 0.020214943705220062, "selected_ids": ["hippocampus_328_s018", "hippocampus_252_s017", "hippocampus_160_s019", "hippocampus_328_s017", "hippocampus_243_s012", "hippocampus_243_s018", "hippocampus_048_s012", "hippocampus_039_s007", "hippocampus_328_s019", "hippocampus_282_s005", "hippocampus_318_s006", "hippocampus_282_s007", "hippocampus_301_s010", "hippocampus_328_s008", "hippocampus_172_s015", "hippocampus_390_s010", "hippocampus_235_s010", "hippocampus_257_s005", "hippocampus_160_s010", "hippocampus_252_s020", "hippocampus_171_s020", "hippocampus_252_s015", "hippocampus_318_s008", "hippocampus_101_s006", "hippocampus_292_s013", "hippocampus_252_s013", "hippocampus_172_s006", "hippocampus_235_s011", "hippocampus_039_s005", "hippocampus_301_s011", "hippocampus_243_s011", "hippocampus_160_s013", "hippocampus_048_s019", "hippocampus_060_s013", "hippocampus_236_s015", "hippocampus_318_s021", "hippocampus_351_s015", "hippocampus_050_s016", "hippocampus_243_s017", "hippocampus_279_s021", "hippocampus_160_s018", "hippocampus_048_s018", "hippocampus_217_s018", "hippocampus_328_s022", "hippocampus_160_s011", "hippocampus_252_s018", "hippocampus_217_s019", "hippocampus_048_s021", "hippocampus_385_s021", "hippocampus_296_s007", "hippocampus_101_s007", "hippocampus_330_s005", "hippocampus_252_s023", "hippocampus_292_s011", "hippocampus_243_s014", "hippocampus_160_s009", "hippocampus_205_s013", "hippocampus_205_s014", "hippocampus_221_s007", "hippocampus_376_s013", "hippocampus_352_s012", "hippocampus_261_s020", "hippocampus_328_s007", "hippocampus_353_s008", "hippocampus_243_s013", "hippocampus_228_s012", "hippocampus_352_s010", "hippocampus_265_s017", "hippocampus_176_s019", "hippocampus_352_s021", "hippocampus_376_s015", "hippocampus_243_s010", "hippocampus_318_s007", "hippocampus_366_s009", "hippocampus_172_s008", "hippocampus_354_s014", "hippocampus_166_s016", "hippocampus_292_s012"], "selected_scores": [0.013643808662891388, 0.01194713357836008, 0.011455393396317959, 0.011387122794985771, 0.011237071827054024, 0.010730773210525513, 0.010563593357801437, 0.01047646626830101, 0.010214733891189098, 0.010154870338737965, 0.010117318481206894, 0.01008958276361227, 0.00995800830423832, 0.00992366299033165, 0.009910022839903831, 0.009803537279367447, 0.009801528416574001, 0.009775117971003056, 0.009763430804014206, 0.009718183428049088, 0.009616401977837086, 0.00956361647695303, 0.009511103853583336, 0.009283846244215965, 0.009264199994504452, 0.00917345006018877, 0.009165379218757153, 0.00912774633616209, 0.009126550517976284, 0.009111653082072735, 0.008953782729804516, 0.008928966708481312, 0.00889891479164362, 0.008853530511260033, 0.008852061815559864, 0.008850794285535812, 0.008827396668493748, 0.008820589631795883, 0.008809207938611507, 0.008805311284959316, 0.0087810093536973, 0.008727739565074444, 0.008676683530211449, 0.008671342395246029, 0.008658266626298428, 0.008658147417008877, 0.008646597154438496, 0.00863664597272873, 0.00862540490925312, 0.008619697764515877, 0.008618021383881569, 0.008615640923380852, 0.008604236878454685, 0.008594347164034843, 0.008563711307942867, 0.008562090806663036, 0.008549291640520096, 0.008523097261786461, 0.008513347245752811, 0.008501360192894936, 0.008474746719002724, 0.008465106599032879, 0.008455823175609112, 0.00845029205083847, 0.00844394788146019, 0.008408206515014172, 0.008403008803725243, 0.008352989330887794, 0.008314838632941246, 0.008313264697790146, 0.008312614634633064, 0.008307520300149918, 0.008272819221019745, 0.008254429325461388, 0.008252509869635105, 0.00824838038533926, 0.00820692628622055, 0.008190032094717026], "selected_pred_fg_ratio": [0.0883331298828125, 0.08521652221679688, 0.06479263305664062, 0.08576583862304688, 0.048736572265625, 0.07599258422851562, 0.0692291259765625, 0.07030868530273438, 0.0816192626953125, 0.05106353759765625, 0.07476043701171875, 0.07519912719726562, 0.07722854614257812, 0.07041168212890625, 0.09084320068359375, 0.060817718505859375, 0.0612335205078125, 0.0801849365234375, 0.05995941162109375, 0.06309890747070312, 0.06081390380859375, 0.08066177368164062, 0.062160491943359375, 0.07568359375, 0.09380340576171875, 0.07076263427734375, 0.06847381591796875, 0.06997299194335938, 0.06266403198242188, 0.08510971069335938, 0.056636810302734375, 0.07492828369140625, 0.08555984497070312, 0.05661773681640625, 0.07730865478515625, 0.05487060546875, 0.09672927856445312, 0.10154342651367188, 0.0604248046875, 0.04723358154296875, 0.06900787353515625, 0.088897705078125, 0.05806732177734375, 0.0512542724609375, 0.07262039184570312, 0.07201004028320312, 0.04925537109375, 0.051525115966796875, 0.062225341796875, 0.07360458374023438, 0.06771087646484375, 0.04349517822265625, 0.0264434814453125, 0.095245361328125, 0.0669403076171875, 0.06911849975585938, 0.08876800537109375, 0.07788467407226562, 0.05999755859375, 0.08719253540039062, 0.08140182495117188, 0.07686996459960938, 0.07600021362304688, 0.066864013671875, 0.05010986328125, 0.11121749877929688, 0.05133819580078125, 0.07075119018554688, 0.06545257568359375, 0.08374404907226562, 0.073699951171875, 0.05565643310546875, 0.05910491943359375, 0.08760452270507812, 0.06884002685546875, 0.09462738037109375, 0.09506988525390625, 0.09491348266601562], "selected_pred_class_dist": [[0.9116668701171875, 0.04215240478515625, 0.04618072509765625], [0.9147834777832031, 0.047458648681640625, 0.03775787353515625], [0.9352073669433594, 0.0471343994140625, 0.017658233642578125], [0.9142341613769531, 0.041717529296875, 0.044048309326171875], [0.951263427734375, 0.008083343505859375, 0.040653228759765625], [0.9240074157714844, 0.042308807373046875, 0.03368377685546875], [0.9307708740234375, 0.039157867431640625, 0.030071258544921875], [0.9296913146972656, 0.014675140380859375, 0.055633544921875], [0.9183807373046875, 0.0326995849609375, 0.048919677734375], [0.9489364624023438, 0.02236175537109375, 0.0287017822265625], [0.9252395629882812, 0.0321807861328125, 0.04257965087890625], [0.9248008728027344, 0.0205230712890625, 0.054676055908203125], [0.9227714538574219, 0.042877197265625, 0.034351348876953125], [0.9295883178710938, 0.033390045166015625, 0.037021636962890625], [0.9091567993164062, 0.036327362060546875, 0.054515838623046875], [0.9391822814941406, 0.026264190673828125, 0.03455352783203125], [0.9387664794921875, 0.015750885009765625, 0.045482635498046875], [0.9198150634765625, 0.033397674560546875, 0.046787261962890625], [0.9400405883789062, 0.029605865478515625, 0.030353546142578125], [0.9369010925292969, 0.02557373046875, 0.037525177001953125], [0.9391860961914062, 0.025691986083984375, 0.035121917724609375], [0.9193382263183594, 0.038730621337890625, 0.04193115234375], [0.9378395080566406, 0.022918701171875, 0.039241790771484375], [0.92431640625, 0.041141510009765625, 0.034542083740234375], [0.9061965942382812, 0.04480743408203125, 0.0489959716796875], [0.9292373657226562, 0.025020599365234375, 0.045742034912109375], [0.9315261840820312, 0.025226593017578125, 0.043247222900390625], [0.9300270080566406, 0.027019500732421875, 0.0429534912109375], [0.9373359680175781, 0.0277862548828125, 0.034877777099609375], [0.9148902893066406, 0.033596038818359375, 0.051513671875], [0.9433631896972656, 0.01226043701171875, 0.044376373291015625], [0.9250717163085938, 0.037105560302734375, 0.037822723388671875], [0.9144401550292969, 0.056301116943359375, 0.02925872802734375], [0.9433822631835938, 0.01605987548828125, 0.040557861328125], [0.9226913452148438, 0.023410797119140625, 0.053897857666015625], [0.94512939453125, 0.012729644775390625, 0.042140960693359375], [0.9032707214355469, 0.054943084716796875, 0.04178619384765625], [0.8984565734863281, 0.042232513427734375, 0.0593109130859375], [0.9395751953125, 0.022274017333984375, 0.038150787353515625], [0.9527664184570312, 0.0128021240234375, 0.03443145751953125], [0.9309921264648438, 0.047176361083984375, 0.021831512451171875], [0.911102294921875, 0.03990936279296875, 0.04898834228515625], [0.9419326782226562, 0.027740478515625, 0.03032684326171875], [0.9487457275390625, 0.0157012939453125, 0.035552978515625], [0.9273796081542969, 0.041805267333984375, 0.03081512451171875], [0.9279899597167969, 0.030033111572265625, 0.0419769287109375], [0.95074462890625, 0.018726348876953125, 0.030529022216796875], [0.9484748840332031, 0.02734375, 0.024181365966796875], [0.937774658203125, 0.032871246337890625, 0.029354095458984375], [0.9263954162597656, 0.02613067626953125, 0.047473907470703125], [0.9322891235351562, 0.032306671142578125, 0.035404205322265625], [0.9565048217773438, 0.0292510986328125, 0.01424407958984375], [0.9735565185546875, 0.011135101318359375, 0.015308380126953125], [0.904754638671875, 0.0329742431640625, 0.0622711181640625], [0.9330596923828125, 0.0248870849609375, 0.04205322265625], [0.9308815002441406, 0.0243988037109375, 0.044719696044921875], [0.9112319946289062, 0.037685394287109375, 0.051082611083984375], [0.9221153259277344, 0.0435943603515625, 0.034290313720703125], [0.94000244140625, 0.022869110107421875, 0.037128448486328125], [0.9128074645996094, 0.02790069580078125, 0.059291839599609375], [0.9185981750488281, 0.02718353271484375, 0.054218292236328125], [0.9231300354003906, 0.052387237548828125, 0.02448272705078125], [0.9239997863769531, 0.036067962646484375, 0.0399322509765625], [0.933135986328125, 0.02144622802734375, 0.04541778564453125], [0.94989013671875, 0.011959075927734375, 0.038150787353515625], [0.8887825012207031, 0.05307769775390625, 0.058139801025390625], [0.9486618041992188, 0.02556610107421875, 0.0257720947265625], [0.9292488098144531, 0.03998565673828125, 0.030765533447265625], [0.9345474243164062, 0.03800201416015625, 0.0274505615234375], [0.9162559509277344, 0.042827606201171875, 0.04091644287109375], [0.926300048828125, 0.03008270263671875, 0.04361724853515625], [0.9443435668945312, 0.01239013671875, 0.04326629638671875], [0.9408950805664062, 0.02716827392578125, 0.0319366455078125], [0.9123954772949219, 0.03739166259765625, 0.050212860107421875], [0.9311599731445312, 0.020900726318359375, 0.047939300537109375], [0.9053726196289062, 0.03093719482421875, 0.063690185546875], [0.9049301147460938, 0.053234100341796875, 0.041835784912109375], [0.9050865173339844, 0.04467010498046875, 0.050243377685546875]], "candidate_count": 3829, "candidate_scores_path": "/groups/echambe2/gmeng/MedAL-Agent/repo/code/runs/frozen_v5/candidate_scores/msd_task04_hippocampus__P1__s3000__r1.json", "predictions_path": "", "initial_labeled_path": "/groups/echambe2/gmeng/MedAL-Agent/repo/code/runs/frozen_v5/init_sets/msd_task04_hippocampus__s3000__n40.json", "initial_labeled_ids": [], "selection_diagnostics": {}, "training": {"num_iters": 1000, "batch_size": 12, "lr": 0.001, "image_size": 512, "aspect_preserve": true, "resolution_policy": "longside_pad32", "preproc_cache": {"pool": "hit", "val": "hit"}, "train_runtime_sec": 1222.2876856327057, "query_runtime_sec": 72.20237040519714, "iters": 3100, "stop_iter": 3100, "mean_loss": 0.12664930299720575, "last_loss": 0.008112745359539986, "stop_reason": "plateau", "hit_max_iters": false, "final_smooth_loss": 0.010037997737526894, "best_smooth_loss": 0.010984724177978933, "diverged": false, "loss_curve": [[1000, 0.0870918919891119], [1100, 0.07985440790653228], [1200, 0.06923177361488342], [1300, 0.0606774677336216], [1400, 0.050100360959768296], [1500, 0.04556164026260376], [1600, 0.0664483205601573], [1700, 0.04663921561092138], [1800, 0.02965626824647188], [1900, 0.025618797484785318], [2000, 0.021929139867424965], [2100, 0.01825595585629344], [2200, 0.016528944438323378], [2300, 0.014180621011182665], [2400, 0.012529306290671229], [2500, 0.011943732341751456], [2600, 0.010984724177978933], [2700, 0.00973874274175614], [2800, 0.00871110092382878], [2900, 0.07338130032643676], [3000, 0.028679511286318304], [3100, 0.010037997737526894]]}, "ckpt_id": "msd_task04_hippocampus__P1__s3000__r1", "ckpt_path": "", "ckpt_hash": "d9f198363f49fd1e1cfc76f1aada0d1ce51f9f6b772981212e6e0d4f317b329b", "config_hash": "b481fadf8baa1c1160d1a1b91b828e7e4a8a5690d77ca8046e86a7fbe16ebcd0", "feature_cache_keys": {}, "sam_model_type": "", "sam_checkpoint": "", "metrics": {"primary_metric": "mean_dsc_fg_case_macro", "metric_version": "v3_case_macro", "eval_scope": "case_retained_slices", "mean_dsc_fg_case_macro": 0.6682293181092915, "mean_dsc_fg": 0.6682293181092915, "mean_dsc_fg_pooled_diagnostic": 0.6763404698701401, "dsc_per_class_pooled": [0.9849796760585632, 0.6315937001707977, 0.7210872395694825], "dsc_per_class": [0.9849796760585632, 0.6315937001707977, 0.7210872395694825], "n_cases": 22, "n_eval": 481, "structure_detection_rate": 1.0, "missed_structure_rate": 0.0}, "runtime_sec": {"train": 1222.2876856327057, "eval": 7.4386255741119385, "select": 72.20237040519714}, "gpu_mem_mb": 9417.150464, "gpu_name": "NVIDIA A40", "gpu_total_mem_mb": 47960.489984, "foundation": {}, "notes": ""}
