{"schema_version": "v3", "run_id": "msd_task03_liver__P6__s2000", "round": 0, "dataset": "msd_task03_liver", "modality": "ct", "target": "liver", "dim": "3d", "query_unit": "slice", "seed": 2000, "round_seed": 2000, "component_seeds": {"model_init_seed": 1733582241, "loader_seed": 3333593949, "query_seed": 2915079519, "dropout_seed": 1768907296}, "total_rounds": 7, "budget_denominator": {"full_train_N": 17198, "requested_pool_cap": 5000, "actual_AL_pool_N": 2500, "budget_plan": [25, 50, 100, 176, 250, 375, 500], "fraction_of_AL_pool": 0.2, "fraction_of_full_train": 0.029073148040469822}, "policy_id": "P6", "policy_name": "SelectiveUncertaintyAL", "method_version": "1.0", "is_ablation": false, "policy_config": {}, "cumulative_budget": 25, "incremental_query_count": 25, "labeled_count": 25, "labeled_ratio": 0.01, "selected_ids": ["liver_130_s348", "liver_5_s268", "liver_130_s350", "liver_5_s257", "liver_6_s313", "liver_5_s251", "liver_6_s312", "liver_5_s235", "liver_83_s168", "liver_5_s231", "liver_6_s316", "liver_5_s258", "liver_107_s513", "liver_5_s210", "liver_8_s332", "liver_5_s249", "liver_8_s334", "liver_5_s253", "liver_18_s226", "liver_5_s254", "liver_5_s403", "liver_5_s272", "liver_13_s283", "liver_5_s212", "liver_94_s226"], "selected_scores": [0.5150768756866455, 0.4184584617614746, 0.5124633312225342, 0.40164056420326233, 0.5121989250183105, 0.40899232029914856, 0.5054093599319458, 0.41694408655166626, 0.5019240975379944, 0.42994630336761475, 0.49895405769348145, 0.3996317684650421, 0.49274513125419617, 0.4090905487537384, 0.48828190565109253, 0.4015848636627197, 0.4830988943576813, 0.3998510241508484, 0.48180246353149414, 0.40098077058792114, 0.47982877492904663, 0.3934938311576843, 0.47951775789260864, 0.40429064631462097, 0.47288191318511963], "selected_pred_fg_ratio": [0.002239227294921875, 0.040863037109375, 0.0023040771484375, 0.040424346923828125, 0.005107879638671875, 0.034519195556640625, 0.00482177734375, 0.030242919921875, 0.000461578369140625, 0.023670196533203125, 0.005222320556640625, 0.0423126220703125, 0.015697479248046875, 0.03607940673828125, 0.003520965576171875, 0.0402069091796875, 0.0032196044921875, 0.034912109375, 0.000804901123046875, 0.0353546142578125, 0.001903533935546875, 0.045989990234375, 0.00405120849609375, 0.036956787109375, 0.00070953369140625], "selected_pred_class_dist": [[0.9977607727050781, 0.002239227294921875, 0.0], [0.959136962890625, 0.03940582275390625, 0.00145721435546875], [0.9976959228515625, 0.0023040771484375, 0.0], [0.9595756530761719, 0.039707183837890625, 0.0007171630859375], [0.9948921203613281, 0.005107879638671875, 0.0], [0.9654808044433594, 0.0327301025390625, 0.001789093017578125], [0.99517822265625, 0.00482177734375, 0.0], [0.969757080078125, 0.026905059814453125, 0.003337860107421875], [0.9995384216308594, 0.000461578369140625, 0.0], [0.9763298034667969, 0.022869110107421875, 0.00080108642578125], [0.9947776794433594, 0.005222320556640625, 0.0], [0.9576873779296875, 0.0415496826171875, 0.000762939453125], [0.9843025207519531, 0.015697479248046875, 0.0], [0.9639205932617188, 0.035289764404296875, 0.000789642333984375], [0.9964790344238281, 0.003520965576171875, 0.0], [0.9597930908203125, 0.0353851318359375, 0.00482177734375], [0.9967803955078125, 0.0032196044921875, 0.0], [0.965087890625, 0.032886505126953125, 0.002025604248046875], [0.9991950988769531, 0.000804901123046875, 0.0], [0.9646453857421875, 0.034549713134765625, 0.000804901123046875], [0.9980964660644531, 0.001903533935546875, 0.0], [0.954010009765625, 0.045391082763671875, 0.000598907470703125], [0.9959487915039062, 0.00405120849609375, 0.0], [0.963043212890625, 0.03606414794921875, 0.00089263916015625], [0.9992904663085938, 0.00070953369140625, 0.0]], "candidate_count": 2475, "candidate_scores_path": "/groups/echambe2/gmeng/MedAL-Agent/repo/code/runs/frozen_v5/candidate_scores/msd_task03_liver__P6__s2000__r0.json", "predictions_path": "", "initial_labeled_path": "/groups/echambe2/gmeng/MedAL-Agent/repo/code/runs/frozen_v5/init_sets/msd_task03_liver__s2000__n25.json", "initial_labeled_ids": ["liver_103_s237", "liver_103_s338", "liver_105_s372", "liver_110_s388", "liver_117_s351", "liver_117_s452", "liver_123_s203", "liver_123_s226", "liver_13_s311", "liver_16_s372", "liver_25_s345", "liver_28_s231", "liver_28_s332", "liver_30_s248", "liver_30_s450", "liver_41_s236", "liver_45_s317", "liver_45_s353", "liver_62_s116", "liver_7_s466", "liver_86_s552", "liver_8_s449", "liver_8_s468", "liver_93_s415", "liver_99_s330"], "selection_diagnostics": {"selu_valid_intersected": true, "selu_target_frac": 0.050786130130290985, "selu_boundary_frac": 0.0003972109407186508, "selu_score_target_mean": 0.04461618885397911, "selu_score_boundary_mean": 0.6294887065887451}, "training": {"num_iters": 1000, "batch_size": 12, "lr": 0.001, "image_size": 512, "aspect_preserve": true, "resolution_policy": "longside_pad32", "preproc_cache": {"pool": "hit", "val": "hit"}, "train_runtime_sec": 1209.4220905303955, "query_runtime_sec": 75.57964515686035, "iters": 3100, "stop_iter": 3100, "mean_loss": 0.10142748078691863, "last_loss": 0.014593539759516716, "stop_reason": "plateau", "hit_max_iters": false, "final_smooth_loss": 0.012920193690806627, "best_smooth_loss": 0.014176149740815163, "diverged": false, "loss_curve": [[1000, 0.04444995520636439], [1100, 0.037904007006436584], [1200, 0.0423431558534503], [1300, 0.03107094569131732], [1400, 0.029665427692234517], [1500, 0.028096754997968675], [1600, 0.03304506482556462], [1700, 0.024809928443282843], [1800, 0.029969817008823157], [1900, 0.020720502343028784], [2000, 0.02115936843678355], [2100, 0.019405316850170492], [2200, 0.018019090117886664], [2300, 0.017960022473707794], [2400, 0.016529975878074765], [2500, 0.016200538789853454], [2600, 0.014176149740815163], [2700, 0.013318796502426266], [2800, 0.013648427221924067], [2900, 0.013634415669366717], [3000, 0.012099907705560327], [3100, 0.012920193690806627]]}, "ckpt_id": "msd_task03_liver__P6__s2000__r0", "ckpt_path": "", "ckpt_hash": "a2b6a56752c9191752764adb3ec903d7c967f938d9fbedbc4efd8906b7831898", "config_hash": "e4fae46d1c013eb7c36e2eeecfd787bd198e1e60b7f9bf7f044c146e0d2a9270", "feature_cache_keys": {}, "sam_model_type": "", "sam_checkpoint": "", "metrics": {"primary_metric": "mean_dsc_fg_case_macro", "metric_version": "v3_case_macro", "eval_scope": "case_retained_slices", "mean_dsc_fg_case_macro": 0.501418555371169, "mean_dsc_fg": 0.501418555371169, "mean_dsc_fg_pooled_diagnostic": 0.4787272390046001, "dsc_per_class_pooled": [0.9882347946734618, 0.8214922513419893, 0.13596222666721094], "dsc_per_class": [0.9882347946734618, 0.8214922513419893, 0.13596222666721094], "n_cases": 11, "n_eval": 500, "structure_detection_rate": 1.0, "missed_structure_rate": 0.0}, "runtime_sec": {"train": 1209.4220905303955, "eval": 7.251377820968628, "select": 75.57964515686035}, "gpu_mem_mb": 9368.62208, "gpu_name": "NVIDIA A40", "gpu_total_mem_mb": 47960.489984, "foundation": {}, "notes": ""}
{"schema_version": "v3", "run_id": "msd_task03_liver__P6__s2000", "round": 1, "dataset": "msd_task03_liver", "modality": "ct", "target": "liver", "dim": "3d", "query_unit": "slice", "seed": 2000, "round_seed": 2001, "component_seeds": {"model_init_seed": 4092542587, "loader_seed": 4022314598, "query_seed": 1275594993, "dropout_seed": 1443935428}, "total_rounds": 7, "budget_denominator": {"full_train_N": 17198, "requested_pool_cap": 5000, "actual_AL_pool_N": 2500, "budget_plan": [25, 50, 100, 176, 250, 375, 500], "fraction_of_AL_pool": 0.2, "fraction_of_full_train": 0.029073148040469822}, "policy_id": "P6", "policy_name": "SelectiveUncertaintyAL", "method_version": "1.0", "is_ablation": false, "policy_config": {}, "cumulative_budget": 50, "incremental_query_count": 50, "labeled_count": 50, "labeled_ratio": 0.02, "selected_ids": ["liver_18_s285", "liver_23_s340", "liver_18_s256", "liver_89_s501", "liver_5_s399", "liver_89_s498", "liver_127_s201", "liver_23_s330", "liver_30_s233", "liver_23_s327", "liver_18_s215", "liver_89_s495", "liver_18_s247", "liver_89_s504", "liver_44_s178", "liver_55_s152", "liver_40_s464", "liver_71_s073", "liver_18_s393", "liver_117_s475", "liver_33_s210", "liver_95_s513", "liver_83_s143", "liver_89_s505", "liver_30_s295", "liver_95_s495", "liver_34_s124", "liver_11_s418", "liver_83_s150", "liver_108_s542", "liver_18_s297", "liver_93_s376", "liver_41_s184", "liver_55_s154", "liver_105_s322", "liver_89_s486", "liver_36_s227", "liver_23_s314", "liver_18_s259", "liver_55_s162", "liver_34_s130", "liver_23_s311", "liver_41_s199", "liver_23_s321", "liver_98_s220", "liver_117_s460", "liver_83_s284", "liver_108_s540", "liver_91_s196", "liver_117_s440"], "selected_scores": [0.5643776059150696, 0.42746901512145996, 0.5593938231468201, 0.44106781482696533, 0.5596208572387695, 0.44069868326187134, 0.5583469271659851, 0.4305736720561981, 0.5586286187171936, 0.4260353147983551, 0.5574989914894104, 0.4303878843784332, 0.5580341219902039, 0.4214226007461548, 0.556696891784668, 0.4105835556983948, 0.5561940670013428, 0.41656067967414856, 0.5556812286376953, 0.39932769536972046, 0.5562714338302612, 0.43389892578125, 0.5531872510910034, 0.4125077724456787, 0.5529838800430298, 0.427213191986084, 0.553078293800354, 0.3997534513473511, 0.5534651279449463, 0.4112611711025238, 0.5526049733161926, 0.4095098376274109, 0.5486074686050415, 0.40248173475265503, 0.5506805181503296, 0.42242249846458435, 0.5527510046958923, 0.4100359380245209, 0.5498543381690979, 0.40252554416656494, 0.5487118363380432, 0.4043269455432892, 0.5490398406982422, 0.40248677134513855, 0.549613893032074, 0.39860814809799194, 0.5485370755195618, 0.4057154357433319, 0.5479545593261719, 0.39460331201553345], "selected_pred_fg_ratio": [8.0108642578125e-05, 0.17816925048828125, 0.000286102294921875, 0.18341445922851562, 0.00032806396484375, 0.18523788452148438, 0.000171661376953125, 0.12343978881835938, 0.000514984130859375, 0.15616607666015625, 4.1961669921875e-05, 0.18392181396484375, 0.00026702880859375, 0.17563629150390625, 0.000354766845703125, 0.17988967895507812, 0.000301361083984375, 0.18541336059570312, 5.7220458984375e-05, 0.13790512084960938, 8.7738037109375e-05, 0.08405303955078125, 6.866455078125e-05, 0.17489242553710938, 0.00078582763671875, 0.09594345092773438, 0.00067138671875, 0.15636444091796875, 1.9073486328125e-05, 0.13470458984375, 9.918212890625e-05, 0.1697540283203125, 0.0, 0.17336273193359375, 0.0, 0.16948699951171875, 0.000213623046875, 0.15942001342773438, 0.00017547607421875, 0.1441802978515625, 0.000171661376953125, 0.15015411376953125, 0.00011444091796875, 0.143341064453125, 0.00061798095703125, 0.13863372802734375, 0.000156402587890625, 0.12737655639648438, 0.00067138671875, 0.12005615234375], "selected_pred_class_dist": [[0.9999198913574219, 8.0108642578125e-05, 0.0], [0.8218307495117188, 0.12842941284179688, 0.049739837646484375], [0.9997138977050781, 0.000286102294921875, 0.0], [0.8165855407714844, 0.13812637329101562, 0.0452880859375], [0.9996719360351562, 0.00032806396484375, 0.0], [0.8147621154785156, 0.13836288452148438, 0.046875], [0.9998283386230469, 0.000171661376953125, 0.0], [0.8765602111816406, 0.08514785766601562, 0.03829193115234375], [0.9994850158691406, 0.000514984130859375, 0.0], [0.8438339233398438, 0.10892868041992188, 0.047237396240234375], [0.9999580383300781, 4.1961669921875e-05, 0.0], [0.8160781860351562, 0.14202499389648438, 0.041896820068359375], [0.9997329711914062, 0.00026702880859375, 0.0], [0.8243637084960938, 0.14187240600585938, 0.033763885498046875], [0.9996452331542969, 0.000354766845703125, 0.0], [0.8201103210449219, 0.14240646362304688, 0.03748321533203125], [0.9996986389160156, 0.000301361083984375, 0.0], [0.8145866394042969, 0.15880966186523438, 0.02660369873046875], [0.9999427795410156, 5.7220458984375e-05, 0.0], [0.8620948791503906, 0.11616134643554688, 0.0217437744140625], [0.9999122619628906, 8.7738037109375e-05, 0.0], [0.9159469604492188, 0.055675506591796875, 0.028377532958984375], [0.9999313354492188, 6.866455078125e-05, 0.0], [0.8251075744628906, 0.14585494995117188, 0.0290374755859375], [0.9992141723632812, 0.00078582763671875, 0.0], [0.9040565490722656, 0.06785202026367188, 0.0280914306640625], [0.99932861328125, 0.00067138671875, 0.0], [0.8436355590820312, 0.13089370727539062, 0.025470733642578125], [0.9999809265136719, 1.9073486328125e-05, 0.0], [0.86529541015625, 0.1045684814453125, 0.0301361083984375], [0.9999008178710938, 9.918212890625e-05, 0.0], [0.8302459716796875, 0.139312744140625, 0.0304412841796875], [1.0, 0.0, 0.0], [0.8266372680664062, 0.14088058471679688, 0.032482147216796875], [1.0, 0.0, 0.0], [0.8305130004882812, 0.137481689453125, 0.03200531005859375], [0.999786376953125, 0.000213623046875, 0.0], [0.8405799865722656, 0.1216278076171875, 0.037792205810546875], [0.9998245239257812, 0.00017547607421875, 0.0], [0.8558197021484375, 0.11343765258789062, 0.030742645263671875], [0.9998283386230469, 0.000171661376953125, 0.0], [0.8498458862304688, 0.12031173706054688, 0.029842376708984375], [0.9998855590820312, 0.00011444091796875, 0.0], [0.856658935546875, 0.11445999145507812, 0.028881072998046875], [0.9993820190429688, 0.00061798095703125, 0.0], [0.8613662719726562, 0.10137939453125, 0.03725433349609375], [0.9998435974121094, 0.000156402587890625, 0.0], [0.8726234436035156, 0.10000991821289062, 0.02736663818359375], [0.99932861328125, 0.00067138671875, 0.0], [0.87994384765625, 0.09064483642578125, 0.02941131591796875]], "candidate_count": 2450, "candidate_scores_path": "/groups/echambe2/gmeng/MedAL-Agent/repo/code/runs/frozen_v5/candidate_scores/msd_task03_liver__P6__s2000__r1.json", "predictions_path": "", "initial_labeled_path": "/groups/echambe2/gmeng/MedAL-Agent/repo/code/runs/frozen_v5/init_sets/msd_task03_liver__s2000__n25.json", "initial_labeled_ids": [], "selection_diagnostics": {"selu_valid_intersected": true, "selu_target_frac": 0.04935195669531822, "selu_boundary_frac": 0.0008960661361925304, "selu_score_target_mean": 0.12996280193328857, "selu_score_boundary_mean": 0.6286378502845764}, "training": {"num_iters": 1000, "batch_size": 12, "lr": 0.001, "image_size": 512, "aspect_preserve": true, "resolution_policy": "longside_pad32", "preproc_cache": {"pool": "hit", "val": "hit"}, "train_runtime_sec": 833.9782755374908, "query_runtime_sec": 55.59195518493652, "iters": 2100, "stop_iter": 2100, "mean_loss": 0.3132923662148061, "last_loss": 0.16692936420440674, "stop_reason": "plateau", "hit_max_iters": false, "final_smooth_loss": 0.39413983292877675, "best_smooth_loss": 0.0969988165050745, "diverged": false, "loss_curve": [[1000, 0.13700850024819375], [1100, 0.12859015334397556], [1200, 0.13056674282997846], [1300, 0.16109772346913814], [1400, 0.1424248091503978], [1500, 0.12047947719693183], [1600, 0.0969988165050745], [1700, 0.1631178582087159], [1800, 0.14222071439027786], [1900, 0.12781708337366582], [2000, 0.09366746753454208], [2100, 0.39413983292877675]]}, "ckpt_id": "msd_task03_liver__P6__s2000__r1", "ckpt_path": "", "ckpt_hash": "4ff0f63aa6de598a467edb455358067db203b4e5015dde527638575d60e97095", "config_hash": "e4fae46d1c013eb7c36e2eeecfd787bd198e1e60b7f9bf7f044c146e0d2a9270", "feature_cache_keys": {}, "sam_model_type": "", "sam_checkpoint": "", "metrics": {"primary_metric": "mean_dsc_fg_case_macro", "metric_version": "v3_case_macro", "eval_scope": "case_retained_slices", "mean_dsc_fg_case_macro": 0.4472566995621985, "mean_dsc_fg": 0.4472566995621985, "mean_dsc_fg_pooled_diagnostic": 0.4647065544920473, "dsc_per_class_pooled": [0.9851665641959126, 0.7544828863344689, 0.17493022264962563], "dsc_per_class": [0.9851665641959126, 0.7544828863344689, 0.17493022264962563], "n_cases": 11, "n_eval": 500, "structure_detection_rate": 1.0, "missed_structure_rate": 0.0}, "runtime_sec": {"train": 833.9782755374908, "eval": 8.667021751403809, "select": 55.59195518493652}, "gpu_mem_mb": 9417.150464, "gpu_name": "NVIDIA A40", "gpu_total_mem_mb": 47960.489984, "foundation": {}, "notes": ""}
{"schema_version": "v3", "run_id": "msd_task03_liver__P6__s2000", "round": 2, "dataset": "msd_task03_liver", "modality": "ct", "target": "liver", "dim": "3d", "query_unit": "slice", "seed": 2000, "round_seed": 2002, "component_seeds": {"model_init_seed": 1225426498, "loader_seed": 1158739311, "query_seed": 3667345588, "dropout_seed": 1372419812}, "total_rounds": 7, "budget_denominator": {"full_train_N": 17198, "requested_pool_cap": 5000, "actual_AL_pool_N": 2500, "budget_plan": [25, 50, 100, 176, 250, 375, 500], "fraction_of_AL_pool": 0.2, "fraction_of_full_train": 0.029073148040469822}, "policy_id": "P6", "policy_name": "SelectiveUncertaintyAL", "method_version": "1.0", "is_ablation": false, "policy_config": {}, "cumulative_budget": 100, "incremental_query_count": 76, "labeled_count": 100, "labeled_ratio": 0.04, "selected_ids": ["liver_18_s217", "liver_99_s249", "liver_103_s285", "liver_99_s220", "liver_16_s286", "liver_99_s247", "liver_34_s110", "liver_117_s486", "liver_103_s252", "liver_101_s221", "liver_98_s200", "liver_80_s189", "liver_31_s434", "liver_84_s277", "liver_116_s198", "liver_117_s441", "liver_110_s352", "liver_20_s284", "liver_34_s111", "liver_108_s520", "liver_69_s134", "liver_101_s225", "liver_29_s409", "liver_108_s529", "liver_21_s262", "liver_84_s298", "liver_32_s427", "liver_108_s559", "liver_33_s247", "liver_100_s582", "liver_110_s351", "liver_108_s549", "liver_33_s264", "liver_101_s298", "liver_33_s206", "liver_117_s502", "liver_127_s240", "liver_117_s504", "liver_16_s288", "liver_71_s056", "liver_107_s293", "liver_108_s564", "liver_30_s201", "liver_109_s421", "liver_105_s216", "liver_108_s567", "liver_30_s202", "liver_100_s547", "liver_18_s233", "liver_110_s411", "liver_33_s224", "liver_125_s167", "liver_28_s137", "liver_100_s552", "liver_103_s220", "liver_65_s320", "liver_98_s191", "liver_68_s126", "liver_103_s211", "liver_108_s473", "liver_127_s242", "liver_84_s267", "liver_33_s229", "liver_88_s412", "liver_105_s204", "liver_10_s471", "liver_84_s200", "liver_65_s332", "liver_16_s291", "liver_109_s425", "liver_103_s248", "liver_84_s293", "liver_122_s156", "liver_71_s065", "liver_127_s219", "liver_98_s282"], "selected_scores": [0.579180121421814, 0.42529189586639404, 0.5608773231506348, 0.4639345109462738, 0.5597357749938965, 0.43279752135276794, 0.5589148998260498, 0.35525545477867126, 0.5560193657875061, 0.3978528380393982, 0.5500990748405457, 0.3721805810928345, 0.5478355884552002, 0.44633063673973083, 0.5458100438117981, 0.35423558950424194, 0.5447494387626648, 0.37870869040489197, 0.543573796749115, 0.36297234892845154, 0.5429691672325134, 0.3909342288970947, 0.541569709777832, 0.3654607832431793, 0.5415154695510864, 0.42982685565948486, 0.538943886756897, 0.35858237743377686, 0.5311079621315002, 0.3547878861427307, 0.5365519523620605, 0.36588793992996216, 0.5342006087303162, 0.42417171597480774, 0.5312919020652771, 0.35231199860572815, 0.533647894859314, 0.3521665632724762, 0.5338027477264404, 0.4380897879600525, 0.526799738407135, 0.356573224067688, 0.5266225337982178, 0.35178571939468384, 0.524684727191925, 0.3574568033218384, 0.5205570459365845, 0.34993207454681396, 0.5201409459114075, 0.3517725467681885, 0.5176790356636047, 0.4366353750228882, 0.5188559293746948, 0.35223761200904846, 0.5165450572967529, 0.4400824308395386, 0.5168876647949219, 0.35927748680114746, 0.5139048099517822, 0.36413079500198364, 0.513690710067749, 0.4459082782268524, 0.20000649988651276, 0.3507247865200043, 0.19815941154956818, 0.36900290846824646, 0.5101923942565918, 0.3940991163253784, 0.5073331594467163, 0.35080093145370483, 0.5068633556365967, 0.40126270055770874, 0.5067636966705322, 0.3657039701938629, 0.5050410628318787, 0.395819753408432], "selected_pred_fg_ratio": [0.000148773193359375, 0.01760101318359375, 0.00054168701171875, 0.0163726806640625, 0.000186920166015625, 0.01654815673828125, 0.000125885009765625, 0.15148162841796875, 0.000965118408203125, 0.0356903076171875, 0.000164031982421875, 0.1139984130859375, 0.000545501708984375, 0.015941619873046875, 0.000152587890625, 0.13384628295898438, 0.00040435791015625, 0.04512786865234375, 7.62939453125e-05, 0.15952682495117188, 0.000217437744140625, 0.03205108642578125, 0.00054931640625, 0.16529083251953125, 0.00090789794921875, 0.017726898193359375, 0.000209808349609375, 0.15997314453125, 0.0, 0.15945816040039062, 0.000392913818359375, 0.16881942749023438, 0.000377655029296875, 0.015506744384765625, 0.0, 0.1201324462890625, 0.0002899169921875, 0.1160125732421875, 0.000209808349609375, 0.022342681884765625, 0.0009765625, 0.144744873046875, 0.00133514404296875, 0.12820816040039062, 0.000926971435546875, 0.14605331420898438, 0.001445770263671875, 0.16251373291015625, 0.000392913818359375, 0.05387115478515625, 0.0005950927734375, 0.0128936767578125, 0.000392913818359375, 0.16409683227539062, 0.000919342041015625, 0.00684356689453125, 0.002918243408203125, 0.11093521118164062, 0.00069427490234375, 0.11005401611328125, 0.000339508056640625, 0.01245880126953125, 0.0, 0.080963134765625, 0.0, 0.06503677368164062, 0.00251007080078125, 0.032283782958984375, 0.0032806396484375, 0.12807464599609375, 0.001781463623046875, 0.02382659912109375, 0.001220703125, 0.10892486572265625, 0.000385284423828125, 0.03203582763671875], "selected_pred_class_dist": [[0.9998512268066406, 0.000148773193359375, 0.0], [0.9823989868164062, 0.016132354736328125, 0.001468658447265625], [0.9994583129882812, 0.00054168701171875, 0.0], [0.9836273193359375, 0.012752532958984375, 0.003620147705078125], [0.9998130798339844, 0.000186920166015625, 0.0], [0.9834518432617188, 0.015590667724609375, 0.000957489013671875], [0.9998741149902344, 0.000125885009765625, 0.0], [0.8485183715820312, 0.12193679809570312, 0.029544830322265625], [0.9990348815917969, 0.000965118408203125, 0.0], [0.9643096923828125, 0.0258026123046875, 0.0098876953125], [0.9998359680175781, 0.000164031982421875, 0.0], [0.8860015869140625, 0.09938430786132812, 0.014614105224609375], [0.9994544982910156, 0.000545501708984375, 0.0], [0.9840583801269531, 0.011859893798828125, 0.00408172607421875], [0.999847412109375, 0.000152587890625, 0.0], [0.8661537170410156, 0.10462570190429688, 0.0292205810546875], [0.9995956420898438, 0.00040435791015625, 0.0], [0.9548721313476562, 0.041202545166015625, 0.003925323486328125], [0.9999237060546875, 7.62939453125e-05, 0.0], [0.8404731750488281, 0.12369155883789062, 0.03583526611328125], [0.9997825622558594, 0.000217437744140625, 0.0], [0.9679489135742188, 0.026493072509765625, 0.005558013916015625], [0.99945068359375, 0.00054931640625, 0.0], [0.8347091674804688, 0.12552261352539062, 0.039768218994140625], [0.9990921020507812, 0.00090789794921875, 0.0], [0.9822731018066406, 0.015995025634765625, 0.00173187255859375], [0.9997901916503906, 0.000209808349609375, 0.0], [0.84002685546875, 0.13348007202148438, 0.026493072509765625], [1.0, 0.0, 0.0], [0.8405418395996094, 0.13312149047851562, 0.026336669921875], [0.9996070861816406, 0.000392913818359375, 0.0], [0.8311805725097656, 0.13586044311523438, 0.032958984375], [0.9996223449707031, 0.000377655029296875, 0.0], [0.9844932556152344, 0.005474090576171875, 0.01003265380859375], [1.0, 0.0, 0.0], [0.8798675537109375, 0.10551071166992188, 0.014621734619140625], [0.9997100830078125, 0.0002899169921875, 0.0], [0.8839874267578125, 0.1015167236328125, 0.014495849609375], [0.9997901916503906, 0.000209808349609375, 0.0], [0.9776573181152344, 0.020160675048828125, 0.0021820068359375], [0.9990234375, 0.0009765625, 0.0], [0.855255126953125, 0.12114334106445312, 0.023601531982421875], [0.9986648559570312, 0.00133514404296875, 0.0], [0.8717918395996094, 0.109832763671875, 0.018375396728515625], [0.9990730285644531, 0.000926971435546875, 0.0], [0.8539466857910156, 0.12009429931640625, 0.025959014892578125], [0.9985542297363281, 0.001445770263671875, 0.0], [0.8374862670898438, 0.14839935302734375, 0.0141143798828125], [0.9996070861816406, 0.000392913818359375, 0.0], [0.9461288452148438, 0.052288055419921875, 0.001583099365234375], [0.9994049072265625, 0.0005950927734375, 0.0], [0.9871063232421875, 0.008510589599609375, 0.004383087158203125], [0.9996070861816406, 0.000392913818359375, 0.0], [0.8359031677246094, 0.14347076416015625, 0.020626068115234375], [0.9990806579589844, 0.000919342041015625, 0.0], [0.9931564331054688, 0.006343841552734375, 0.000499725341796875], [0.9970817565917969, 0.002918243408203125, 0.0], [0.8890647888183594, 0.10308837890625, 0.007846832275390625], [0.9993057250976562, 0.00069427490234375, 0.0], [0.8899459838867188, 0.08144378662109375, 0.0286102294921875], [0.9996604919433594, 0.000339508056640625, 0.0], [0.9875411987304688, 0.00873565673828125, 0.00372314453125], [1.0, 0.0, 0.0], [0.919036865234375, 0.07537841796875, 0.005584716796875], [1.0, 0.0, 0.0], [0.9349632263183594, 0.06391525268554688, 0.00112152099609375], [0.9974899291992188, 0.00251007080078125, 0.0], [0.9677162170410156, 0.028392791748046875, 0.0038909912109375], [0.9967193603515625, 0.0032806396484375, 0.0], [0.8719253540039062, 0.11545181274414062, 0.012622833251953125], [0.9982185363769531, 0.001781463623046875, 0.0], [0.9761734008789062, 0.01998138427734375, 0.00384521484375], [0.998779296875, 0.001220703125, 0.0], [0.8910751342773438, 0.10145187377929688, 0.007472991943359375], [0.9996147155761719, 0.000385284423828125, 0.0], [0.9679641723632812, 0.029590606689453125, 0.002445220947265625]], "candidate_count": 2400, "candidate_scores_path": "/groups/echambe2/gmeng/MedAL-Agent/repo/code/runs/frozen_v5/candidate_scores/msd_task03_liver__P6__s2000__r2.json", "predictions_path": "", "initial_labeled_path": "/groups/echambe2/gmeng/MedAL-Agent/repo/code/runs/frozen_v5/init_sets/msd_task03_liver__s2000__n25.json", "initial_labeled_ids": [], "selection_diagnostics": {"selu_valid_intersected": true, "selu_target_frac": 0.05102275684475899, "selu_boundary_frac": 0.0009533771080896258, "selu_score_target_mean": 0.10086479038000107, "selu_score_boundary_mean": 0.625155508518219}, "training": {"num_iters": 1000, "batch_size": 12, "lr": 0.001, "image_size": 512, "aspect_preserve": true, "resolution_policy": "longside_pad32", "preproc_cache": {"pool": "hit", "val": "hit"}, "train_runtime_sec": 939.6045727729797, "query_runtime_sec": 61.32440638542175, "iters": 2400, "stop_iter": 2400, "mean_loss": 0.280867669757766, "last_loss": 0.09071186929941177, "stop_reason": "plateau", "hit_max_iters": false, "final_smooth_loss": 0.1534111873432994, "best_smooth_loss": 0.13399339821189643, "diverged": false, "loss_curve": [[1000, 0.2052738569676876], [1100, 0.22926176272332668], [1200, 0.23038515575230123], [1300, 0.19538098268210888], [1400, 0.16991274908185006], [1500, 0.15977918229997157], [1600, 0.16062442790716885], [1700, 0.16595916274935008], [1800, 0.14004522938281297], [1900, 0.13399339821189643], [2000, 0.19337153725326062], [2100, 0.14457667849957942], [2200, 0.1535660443454981], [2300, 0.1646657531708479], [2400, 0.1534111873432994]]}, "ckpt_id": "msd_task03_liver__P6__s2000__r2", "ckpt_path": "", "ckpt_hash": "c76c2f7e3c1878313fe296173617c6c80247c70862fc89187f6d8971641a1fca", "config_hash": "e4fae46d1c013eb7c36e2eeecfd787bd198e1e60b7f9bf7f044c146e0d2a9270", "feature_cache_keys": {}, "sam_model_type": "", "sam_checkpoint": "", "metrics": {"primary_metric": "mean_dsc_fg_case_macro", "metric_version": "v3_case_macro", "eval_scope": "case_retained_slices", "mean_dsc_fg_case_macro": 0.5248988395416792, "mean_dsc_fg": 0.5248988395416792, "mean_dsc_fg_pooled_diagnostic": 0.5830021356907447, "dsc_per_class_pooled": [0.9894628763261963, 0.8439222848895319, 0.3220819864919575], "dsc_per_class": [0.9894628763261963, 0.8439222848895319, 0.3220819864919575], "n_cases": 11, "n_eval": 500, "structure_detection_rate": 0.9523809523809523, "missed_structure_rate": 0.04761904761904767}, "runtime_sec": {"train": 939.6045727729797, "eval": 6.635631561279297, "select": 61.32440638542175}, "gpu_mem_mb": 9418.0352, "gpu_name": "NVIDIA A40", "gpu_total_mem_mb": 47960.489984, "foundation": {}, "notes": ""}
{"schema_version": "v3", "run_id": "msd_task03_liver__P6__s2000", "round": 3, "dataset": "msd_task03_liver", "modality": "ct", "target": "liver", "dim": "3d", "query_unit": "slice", "seed": 2000, "round_seed": 2003, "component_seeds": {"model_init_seed": 1786941200, "loader_seed": 315035857, "query_seed": 1656248978, "dropout_seed": 3607744384}, "total_rounds": 7, "budget_denominator": {"full_train_N": 17198, "requested_pool_cap": 5000, "actual_AL_pool_N": 2500, "budget_plan": [25, 50, 100, 176, 250, 375, 500], "fraction_of_AL_pool": 0.2, "fraction_of_full_train": 0.029073148040469822}, "policy_id": "P6", "policy_name": "SelectiveUncertaintyAL", "method_version": "1.0", "is_ablation": false, "policy_config": {}, "cumulative_budget": 176, "incremental_query_count": 74, "labeled_count": 176, "labeled_ratio": 0.0704, "selected_ids": ["liver_103_s213", "liver_108_s477", "liver_38_s186", "liver_31_s353", "liver_28_s162", "liver_108_s474", "liver_4_s132", "liver_31_s354", "liver_6_s305", "liver_28_s337", "liver_4_s124", "liver_117_s516", "liver_35_s037", "liver_117_s422", "liver_99_s205", "liver_108_s485", "liver_16_s267", "liver_33_s411", "liver_106_s331", "liver_108_s463", "liver_103_s227", "liver_108_s506", "liver_106_s326", "liver_33_s417", "liver_95_s555", "liver_33_s382", "liver_106_s332", "liver_11_s406", "liver_111_s232", "liver_109_s325", "liver_117_s290", "liver_101_s275", "liver_5_s200", "liver_28_s339", "liver_10_s303", "liver_117_s509", "liver_31_s201", "liver_108_s574", "liver_98_s176", "liver_28_s361", "liver_107_s268", "liver_32_s169", "liver_98_s172", "liver_11_s381", "liver_28_s143", "liver_109_s445", "liver_65_s286", "liver_33_s422", "liver_65_s291", "liver_33_s412", "liver_79_s084", "liver_117_s412", "liver_109_s289", "liver_31_s356", "liver_44_s162", "liver_24_s166", "liver_105_s189", "liver_100_s464", "liver_107_s270", "liver_31_s288", "liver_26_s173", "liver_108_s575", "liver_94_s272", "liver_106_s452", "liver_31_s204", "liver_34_s386", "liver_117_s283", "liver_109_s447", "liver_91_s213", "liver_80_s194", "liver_113_s415", "liver_108_s512", "liver_117_s282", "liver_10_s379"], "selected_scores": [0.5679092407226562, 0.3903725743293762, 0.5631833672523499, 0.39084649085998535, 0.559229850769043, 0.38152995705604553, 0.5561767816543579, 0.38926154375076294, 0.5544360280036926, 0.3794553279876709, 0.554427981376648, 0.371407687664032, 0.5478320121765137, 0.3692319393157959, 0.5475122332572937, 0.38044455647468567, 0.5451039671897888, 0.39073193073272705, 0.5360886454582214, 0.38097208738327026, 0.5356138348579407, 0.3758310079574585, 0.5345909595489502, 0.38994595408439636, 0.5309286713600159, 0.382326602935791, 0.5255961418151855, 0.37607964873313904, 0.525214433670044, 0.38202643394470215, 0.2124786376953125, 0.36487874388694763, 0.5243166089057922, 0.36418938636779785, 0.5219190120697021, 0.35607489943504333, 0.5208089351654053, 0.36755257844924927, 0.5172325372695923, 0.37141844630241394, 0.5166153907775879, 0.45846259593963623, 0.5142610669136047, 0.3780074417591095, 0.5133262276649475, 0.3627468943595886, 0.5110604763031006, 0.38092613220214844, 0.5073851346969604, 0.3834530711174011, 0.5065838694572449, 0.3562909662723541, 0.5063012838363647, 0.36749979853630066, 0.1925119310617447, 0.37521040439605713, 0.5045812129974365, 0.3730258345603943, 0.5066681504249573, 0.36805540323257446, 0.18938903510570526, 0.3654981553554535, 0.500718355178833, 0.3524416983127594, 0.4999721646308899, 0.37657180428504944, 0.4991825222969055, 0.3624609410762787, 0.4982756972312927, 0.35670796036720276, 0.497308611869812, 0.36805692315101624, 0.4950852394104004, 0.3602122664451599], "selected_pred_fg_ratio": [7.62939453125e-05, 0.09749221801757812, 6.866455078125e-05, 0.03144073486328125, 0.000370025634765625, 0.08872604370117188, 4.57763671875e-05, 0.03232574462890625, 3.4332275390625e-05, 0.0538330078125, 7.62939453125e-05, 0.06805801391601562, 0.000370025634765625, 0.11222457885742188, 0.0002899169921875, 0.10790634155273438, 0.000148773193359375, 0.038501739501953125, 0.00084686279296875, 0.08638381958007812, 0.0003509521484375, 0.12435531616210938, 0.000209808349609375, 0.0353546142578125, 0.000148773193359375, 0.045074462890625, 0.00122833251953125, 0.15617752075195312, 0.000972747802734375, 0.031124114990234375, 0.0, 0.03851318359375, 0.000133514404296875, 0.055530548095703125, 0.0003814697265625, 0.09770584106445312, 0.00043487548828125, 0.119293212890625, 0.00018310546875, 0.06101226806640625, 0.000530242919921875, 0.005706787109375, 0.000274658203125, 0.16992568969726562, 0.00052642822265625, 0.11070632934570312, 0.000888824462890625, 0.03617095947265625, 0.0005340576171875, 0.0383453369140625, 0.003482818603515625, 0.10122299194335938, 0.0005035400390625, 0.031158447265625, 0.0, 0.03008270263671875, 0.00061798095703125, 0.07403945922851562, 0.000148773193359375, 0.01421356201171875, 0.0, 0.11640548706054688, 0.00054931640625, 0.09353256225585938, 0.001346588134765625, 0.035366058349609375, 0.000701904296875, 0.1093292236328125, 0.00095367431640625, 0.051334381103515625, 0.00203704833984375, 0.14528656005859375, 0.00095367431640625, 0.08753585815429688], "selected_pred_class_dist": [[0.9999237060546875, 7.62939453125e-05, 0.0], [0.9025077819824219, 0.0527801513671875, 0.044712066650390625], [0.9999313354492188, 6.866455078125e-05, 0.0], [0.9685592651367188, 0.031299591064453125, 0.000141143798828125], [0.9996299743652344, 0.000370025634765625, 0.0], [0.9112739562988281, 0.047176361083984375, 0.0415496826171875], [0.9999542236328125, 4.57763671875e-05, 0.0], [0.9676742553710938, 0.0319061279296875, 0.00041961669921875], [0.9999656677246094, 3.4332275390625e-05, 0.0], [0.9461669921875, 0.05080413818359375, 0.00302886962890625], [0.9999237060546875, 7.62939453125e-05, 0.0], [0.9319419860839844, 0.050716400146484375, 0.01734161376953125], [0.9996299743652344, 0.000370025634765625, 0.0], [0.8877754211425781, 0.08572769165039062, 0.02649688720703125], [0.9997100830078125, 0.0002899169921875, 0.0], [0.8920936584472656, 0.07083511352539062, 0.03707122802734375], [0.9998512268066406, 0.000148773193359375, 0.0], [0.9614982604980469, 0.03664398193359375, 0.001857757568359375], [0.9991531372070312, 0.00084686279296875, 0.0], [0.9136161804199219, 0.04558563232421875, 0.040798187255859375], [0.9996490478515625, 0.0003509521484375, 0.0], [0.8756446838378906, 0.09372711181640625, 0.030628204345703125], [0.9997901916503906, 0.000209808349609375, 0.0], [0.9646453857421875, 0.03296661376953125, 0.00238800048828125], [0.9998512268066406, 0.000148773193359375, 0.0], [0.954925537109375, 0.04431915283203125, 0.00075531005859375], [0.9987716674804688, 0.00122833251953125, 0.0], [0.8438224792480469, 0.10108566284179688, 0.05509185791015625], [0.9990272521972656, 0.000972747802734375, 0.0], [0.9688758850097656, 0.028041839599609375, 0.003082275390625], [1.0, 0.0, 0.0], [0.96148681640625, 0.035663604736328125, 0.002849578857421875], [0.9998664855957031, 0.000133514404296875, 0.0], [0.9444694519042969, 0.0527191162109375, 0.002811431884765625], [0.9996185302734375, 0.0003814697265625, 0.0], [0.9022941589355469, 0.08266067504882812, 0.015045166015625], [0.9995651245117188, 0.00043487548828125, 0.0], [0.880706787109375, 0.09131622314453125, 0.02797698974609375], [0.99981689453125, 0.00018310546875, 0.0], [0.9389877319335938, 0.060161590576171875, 0.000850677490234375], [0.9994697570800781, 0.000530242919921875, 0.0], [0.994293212890625, 0.0053558349609375, 0.0003509521484375], [0.999725341796875, 0.000274658203125, 0.0], [0.8300743103027344, 0.11761093139648438, 0.05231475830078125], [0.9994735717773438, 0.00052642822265625, 0.0], [0.8892936706542969, 0.10073089599609375, 0.009975433349609375], [0.9991111755371094, 0.000888824462890625, 0.0], [0.9638290405273438, 0.032489776611328125, 0.003681182861328125], [0.9994659423828125, 0.0005340576171875, 0.0], [0.9616546630859375, 0.0365753173828125, 0.00177001953125], [0.9965171813964844, 0.003482818603515625, 0.0], [0.8987770080566406, 0.08402633666992188, 0.0171966552734375], [0.9994964599609375, 0.0005035400390625, 0.0], [0.968841552734375, 0.030796051025390625, 0.000362396240234375], [1.0, 0.0, 0.0], [0.9699172973632812, 0.0280303955078125, 0.00205230712890625], [0.9993820190429688, 0.00061798095703125, 0.0], [0.9259605407714844, 0.0567626953125, 0.017276763916015625], [0.9998512268066406, 0.000148773193359375, 0.0], [0.9857864379882812, 0.014163970947265625, 4.9591064453125e-05], [1.0, 0.0, 0.0], [0.8835945129394531, 0.09077072143554688, 0.025634765625], [0.99945068359375, 0.00054931640625, 0.0], [0.9064674377441406, 0.09301376342773438, 0.000518798828125], [0.9986534118652344, 0.001346588134765625, 0.0], [0.9646339416503906, 0.033748626708984375, 0.001617431640625], [0.999298095703125, 0.000701904296875, 0.0], [0.8906707763671875, 0.10105514526367188, 0.008274078369140625], [0.9990463256835938, 0.00095367431640625, 0.0], [0.9486656188964844, 0.048755645751953125, 0.0025787353515625], [0.9979629516601562, 0.00203704833984375, 0.0], [0.8547134399414062, 0.10380935668945312, 0.041477203369140625], [0.9990463256835938, 0.00095367431640625, 0.0], [0.9124641418457031, 0.08098602294921875, 0.006549835205078125]], "candidate_count": 2324, "candidate_scores_path": "/groups/echambe2/gmeng/MedAL-Agent/repo/code/runs/frozen_v5/candidate_scores/msd_task03_liver__P6__s2000__r3.json", "predictions_path": "", "initial_labeled_path": "/groups/echambe2/gmeng/MedAL-Agent/repo/code/runs/frozen_v5/init_sets/msd_task03_liver__s2000__n25.json", "initial_labeled_ids": [], "selection_diagnostics": {"selu_valid_intersected": true, "selu_target_frac": 0.0462687686085701, "selu_boundary_frac": 0.000703015539329499, "selu_score_target_mean": 0.0851513221859932, "selu_score_boundary_mean": 0.6258912086486816}, "training": {"num_iters": 1000, "batch_size": 12, "lr": 0.001, "image_size": 512, "aspect_preserve": true, "resolution_policy": "longside_pad32", "preproc_cache": {"pool": "hit", "val": "hit"}, "train_runtime_sec": 1108.1044945716858, "query_runtime_sec": 50.92815136909485, "iters": 2800, "stop_iter": 2800, "mean_loss": 0.2512211817888809, "last_loss": 0.09763829410076141, "stop_reason": "plateau", "hit_max_iters": false, "final_smooth_loss": 0.12933446019887923, "best_smooth_loss": 0.09025928273797035, "diverged": false, "loss_curve": [[1000, 0.26204090550541875], [1100, 0.22768601015210152], [1200, 0.17774018384516238], [1300, 0.16061253234744072], [1400, 0.18083639807999133], [1500, 0.15780867144465446], [1600, 0.12727851033210755], [1700, 0.1375104007869959], [1800, 0.13954717017710208], [1900, 0.11854089371860027], [2000, 0.1121731461584568], [2100, 0.11822823487222195], [2200, 0.10654943224042654], [2300, 0.09025928273797035], [2400, 0.1611974873021245], [2500, 0.15141335509717466], [2600, 0.11055505387485028], [2700, 0.128950214125216], [2800, 0.12933446019887923]]}, "ckpt_id": "msd_task03_liver__P6__s2000__r3", "ckpt_path": "", "ckpt_hash": "5462e202341cd681def49df616d1c8d4ae74d453d34f7dd7ff1980cafd198176", "config_hash": "e4fae46d1c013eb7c36e2eeecfd787bd198e1e60b7f9bf7f044c146e0d2a9270", "feature_cache_keys": {}, "sam_model_type": "", "sam_checkpoint": "", "metrics": {"primary_metric": "mean_dsc_fg_case_macro", "metric_version": "v3_case_macro", "eval_scope": "case_retained_slices", "mean_dsc_fg_case_macro": 0.5381232848821343, "mean_dsc_fg": 0.5381232848821343, "mean_dsc_fg_pooled_diagnostic": 0.5520363831516599, "dsc_per_class_pooled": [0.9911367064852775, 0.849710490292129, 0.25436227601119077], "dsc_per_class": [0.9911367064852775, 0.849710490292129, 0.25436227601119077], "n_cases": 11, "n_eval": 500, "structure_detection_rate": 1.0, "missed_structure_rate": 0.0}, "runtime_sec": {"train": 1108.1044945716858, "eval": 7.050233602523804, "select": 50.92815136909485}, "gpu_mem_mb": 9418.051584, "gpu_name": "NVIDIA A40", "gpu_total_mem_mb": 47960.489984, "foundation": {}, "notes": ""}
