{"schema_version": "v3", "run_id": "msd_task04_hippocampus__P6__s2000", "round": 0, "dataset": "msd_task04_hippocampus", "modality": "mri", "target": "hippocampus_anterior", "dim": "3d", "query_unit": "slice", "seed": 2000, "round_seed": 2000, "component_seeds": {"model_init_seed": 1733582241, "loader_seed": 3333593949, "query_seed": 2915079519, "dropout_seed": 1768907296}, "total_rounds": 7, "budget_denominator": {"full_train_N": 3889, "requested_pool_cap": 5000, "actual_AL_pool_N": 3889, "budget_plan": [39, 78, 156, 273, 389, 584, 778], "fraction_of_AL_pool": 0.2000514271020828, "fraction_of_full_train": 0.2000514271020828}, "policy_id": "P6", "policy_name": "SelectiveUncertaintyAL", "method_version": "1.0", "is_ablation": false, "policy_config": {}, "cumulative_budget": 39, "incremental_query_count": 39, "labeled_count": 39, "labeled_ratio": 0.010028284906145539, "selected_ids": ["hippocampus_049_s028", "hippocampus_190_s013", "hippocampus_318_s030", "hippocampus_225_s006", "hippocampus_226_s026", "hippocampus_181_s011", "hippocampus_296_s026", "hippocampus_248_s008", "hippocampus_328_s032", "hippocampus_330_s007", "hippocampus_083_s026", "hippocampus_024_s012", "hippocampus_226_s025", "hippocampus_224_s012", "hippocampus_302_s028", "hippocampus_299_s010", "hippocampus_334_s024", "hippocampus_088_s012", "hippocampus_199_s030", "hippocampus_036_s011", "hippocampus_356_s006", "hippocampus_318_s012", "hippocampus_033_s005", "hippocampus_261_s015", "hippocampus_243_s026", "hippocampus_188_s012", "hippocampus_084_s025", "hippocampus_308_s014", "hippocampus_215_s027", "hippocampus_376_s013", "hippocampus_165_s026", "hippocampus_141_s010", "hippocampus_235_s028", "hippocampus_309_s009", "hippocampus_333_s023", "hippocampus_109_s008", "hippocampus_152_s027", "hippocampus_190_s011", "hippocampus_328_s027"], "selected_scores": [0.5709424018859863, 0.38035932183265686, 0.5685474276542664, 0.3731815218925476, 0.5554273128509521, 0.37038561701774597, 0.530123233795166, 0.3732685446739197, 0.20630159974098206, 0.385291188955307, 0.20152926445007324, 0.36753907799720764, 0.19717122614383698, 0.37468260526657104, 0.5021859407424927, 0.37181705236434937, 0.5015226602554321, 0.3706047534942627, 0.4805026352405548, 0.3633038103580475, 0.4857634902000427, 0.364326536655426, 0.475639283657074, 0.3717799782752991, 0.4754657745361328, 0.37688446044921875, 0.1604323536157608, 0.3694168031215668, 0.46758008003234863, 0.3717484474182129, 0.4626089334487915, 0.39262503385543823, 0.47300347685813904, 0.3592485785484314, 0.45361775159835815, 0.3712207078933716, 0.4488471746444702, 0.35832539200782776, 0.44650107622146606], "selected_pred_fg_ratio": [6.103515625e-05, 0.08090972900390625, 0.000217437744140625, 0.0275421142578125, 4.1961669921875e-05, 0.0987701416015625, 1.52587890625e-05, 0.048797607421875, 0.0, 0.02109527587890625, 0.0, 0.0847320556640625, 0.0, 0.11025238037109375, 0.000362396240234375, 0.08503341674804688, 0.00038909912109375, 0.058567047119140625, 0.0006866455078125, 0.09949493408203125, 0.000766754150390625, 0.0906982421875, 0.000621795654296875, 0.0703125, 0.00159454345703125, 0.07453536987304688, 4.1961669921875e-05, 0.09637069702148438, 0.000701904296875, 0.0829925537109375, 0.001667022705078125, 0.13718414306640625, 0.0010986328125, 0.08536911010742188, 0.001781463623046875, 0.050243377685546875, 0.00038909912109375, 0.07470321655273438, 0.000629425048828125], "selected_pred_class_dist": [[0.99993896484375, 6.103515625e-05, 0.0], [0.9190902709960938, 0.03847503662109375, 0.0424346923828125], [0.9997825622558594, 3.814697265625e-06, 0.000213623046875], [0.9724578857421875, 0.00740814208984375, 0.02013397216796875], [0.9999580383300781, 4.1961669921875e-05, 0.0], [0.9012298583984375, 0.0523529052734375, 0.046417236328125], [0.9999847412109375, 1.52587890625e-05, 0.0], [0.951202392578125, 0.00188446044921875, 0.04691314697265625], [1.0, 0.0, 0.0], [0.9789047241210938, 0.005828857421875, 0.01526641845703125], [1.0, 0.0, 0.0], [0.9152679443359375, 0.0255889892578125, 0.05914306640625], [1.0, 0.0, 0.0], [0.8897476196289062, 0.050678253173828125, 0.059574127197265625], [0.9996376037597656, 0.000202178955078125, 0.00016021728515625], [0.9149665832519531, 0.036670684814453125, 0.04836273193359375], [0.9996109008789062, 0.000293731689453125, 9.5367431640625e-05], [0.9414329528808594, 0.036121368408203125, 0.0224456787109375], [0.9993133544921875, 0.0006866455078125, 0.0], [0.9005050659179688, 0.055286407470703125, 0.044208526611328125], [0.9992332458496094, 8.392333984375e-05, 0.000682830810546875], [0.9093017578125, 0.04627227783203125, 0.04442596435546875], [0.9993782043457031, 8.0108642578125e-05, 0.00054168701171875], [0.9296875, 0.022220611572265625, 0.048091888427734375], [0.9984054565429688, 0.00118255615234375, 0.0004119873046875], [0.9254646301269531, 0.017791748046875, 0.056743621826171875], [0.9999580383300781, 4.1961669921875e-05, 0.0], [0.9036293029785156, 0.045513153076171875, 0.0508575439453125], [0.999298095703125, 0.000354766845703125, 0.000347137451171875], [0.9170074462890625, 0.02835845947265625, 0.05463409423828125], [0.9983329772949219, 0.0016632080078125, 3.814697265625e-06], [0.8628158569335938, 0.055164337158203125, 0.08201980590820312], [0.9989013671875, 0.00083160400390625, 0.00026702880859375], [0.9146308898925781, 0.042201995849609375, 0.0431671142578125], [0.9982185363769531, 0.001201629638671875, 0.000579833984375], [0.9497566223144531, 0.02582550048828125, 0.024417877197265625], [0.9996109008789062, 0.000102996826171875, 0.000286102294921875], [0.9252967834472656, 0.033935546875, 0.040767669677734375], [0.9993705749511719, 0.000629425048828125, 0.0]], "candidate_count": 3850, "candidate_scores_path": "/groups/echambe2/gmeng/MedAL-Agent/repo/code/runs/frozen_v5/candidate_scores/msd_task04_hippocampus__P6__s2000__r0.json", "predictions_path": "", "initial_labeled_path": "/groups/echambe2/gmeng/MedAL-Agent/repo/code/runs/frozen_v5/init_sets/msd_task04_hippocampus__s2000__n39.json", "initial_labeled_ids": ["hippocampus_001_s024", "hippocampus_025_s004", "hippocampus_035_s019", "hippocampus_042_s020", "hippocampus_046_s020", "hippocampus_091_s007", "hippocampus_091_s015", "hippocampus_109_s026", "hippocampus_127_s010", "hippocampus_127_s023", "hippocampus_133_s010", "hippocampus_143_s020", "hippocampus_150_s021", "hippocampus_157_s007", "hippocampus_161_s008", "hippocampus_162_s017", "hippocampus_173_s015", "hippocampus_177_s023", "hippocampus_181_s027", "hippocampus_190_s023", "hippocampus_194_s024", "hippocampus_220_s015", "hippocampus_220_s016", "hippocampus_229_s021", "hippocampus_265_s014", "hippocampus_287_s013", "hippocampus_292_s006", "hippocampus_295_s013", "hippocampus_296_s019", "hippocampus_298_s021", "hippocampus_335_s017", "hippocampus_340_s027", "hippocampus_349_s022", "hippocampus_350_s025", "hippocampus_352_s013", "hippocampus_359_s010", "hippocampus_374_s015", "hippocampus_374_s031", "hippocampus_390_s029"], "selection_diagnostics": {"selu_valid_intersected": true, "selu_target_frac": 0.05578329414129257, "selu_boundary_frac": 0.0007387443911284208, "selu_score_target_mean": 0.05902012437582016, "selu_score_boundary_mean": 0.645555317401886}, "training": {"num_iters": 1000, "batch_size": 12, "lr": 0.001, "image_size": 512, "aspect_preserve": true, "resolution_policy": "longside_pad32", "preproc_cache": {"pool": "hit", "val": "hit"}, "train_runtime_sec": 913.5237364768982, "query_runtime_sec": 105.84590554237366, "iters": 2300, "stop_iter": 2300, "mean_loss": 0.1354219970092906, "last_loss": 0.006567015312612057, "stop_reason": "plateau", "hit_max_iters": false, "final_smooth_loss": 0.009359424677677452, "best_smooth_loss": 0.009161000237800181, "diverged": false, "loss_curve": [[1000, 0.04154890798032284], [1100, 0.03278180621564388], [1200, 0.02929908087477088], [1300, 0.020583962853997946], [1400, 0.01750228405930102], [1500, 0.01474543391726911], [1600, 0.011639995397999883], [1700, 0.010606527789495885], [1800, 0.009161000237800181], [1900, 0.007784900953993201], [2000, 0.05355131159536541], [2100, 0.08253739039413631], [2200, 0.012825464699417352], [2300, 0.009359424677677452]]}, "ckpt_id": "msd_task04_hippocampus__P6__s2000__r0", "ckpt_path": "", "ckpt_hash": "7e37f5a7026e5367f45f0f4e1d616d256d11d225fe99c0dc45d12c372739d7f4", "config_hash": "1fcfd428dee85330d47374410c0355f454cb2ead241715eb551a1ac516c5caf8", "feature_cache_keys": {}, "sam_model_type": "", "sam_checkpoint": "", "metrics": {"primary_metric": "mean_dsc_fg_case_macro", "metric_version": "v3_case_macro", "eval_scope": "case_retained_slices", "mean_dsc_fg_case_macro": 0.6528987277275513, "mean_dsc_fg": 0.6528987277275513, "mean_dsc_fg_pooled_diagnostic": 0.6613844703776348, "dsc_per_class_pooled": [0.9851598394521848, 0.6408841522605231, 0.6818847884947467], "dsc_per_class": [0.9851598394521848, 0.6408841522605231, 0.6818847884947467], "n_cases": 22, "n_eval": 480, "structure_detection_rate": 1.0, "missed_structure_rate": 0.0}, "runtime_sec": {"train": 913.5237364768982, "eval": 6.978021144866943, "select": 105.84590554237366}, "gpu_mem_mb": 9368.62208, "gpu_name": "NVIDIA A40", "gpu_total_mem_mb": 47960.489984, "foundation": {}, "notes": ""}
{"schema_version": "v3", "run_id": "msd_task04_hippocampus__P6__s2000", "round": 1, "dataset": "msd_task04_hippocampus", "modality": "mri", "target": "hippocampus_anterior", "dim": "3d", "query_unit": "slice", "seed": 2000, "round_seed": 2001, "component_seeds": {"model_init_seed": 4092542587, "loader_seed": 4022314598, "query_seed": 1275594993, "dropout_seed": 1443935428}, "total_rounds": 7, "budget_denominator": {"full_train_N": 3889, "requested_pool_cap": 5000, "actual_AL_pool_N": 3889, "budget_plan": [39, 78, 156, 273, 389, 584, 778], "fraction_of_AL_pool": 0.2000514271020828, "fraction_of_full_train": 0.2000514271020828}, "policy_id": "P6", "policy_name": "SelectiveUncertaintyAL", "method_version": "1.0", "is_ablation": false, "policy_config": {}, "cumulative_budget": 78, "incremental_query_count": 78, "labeled_count": 78, "labeled_ratio": 0.020056569812291078, "selected_ids": ["hippocampus_216_s025", "hippocampus_041_s026", "hippocampus_084_s027", "hippocampus_381_s024", "hippocampus_199_s029", "hippocampus_372_s025", "hippocampus_228_s028", "hippocampus_205_s025", "hippocampus_225_s024", "hippocampus_034_s025", "hippocampus_372_s005", "hippocampus_328_s009", "hippocampus_001_s027", "hippocampus_303_s028", "hippocampus_320_s024", "hippocampus_190_s009", "hippocampus_042_s030", "hippocampus_133_s007", "hippocampus_298_s027", "hippocampus_350_s010", "hippocampus_075_s024", "hippocampus_199_s027", "hippocampus_251_s008", "hippocampus_141_s020", "hippocampus_024_s031", "hippocampus_268_s021", "hippocampus_050_s029", "hippocampus_133_s024", "hippocampus_106_s026", "hippocampus_033_s008", "hippocampus_042_s029", "hippocampus_381_s022", "hippocampus_310_s028", "hippocampus_334_s010", "hippocampus_248_s027", "hippocampus_154_s016", "hippocampus_298_s028", "hippocampus_075_s018", "hippocampus_102_s012", "hippocampus_219_s030", "hippocampus_226_s005", "hippocampus_243_s009", "hippocampus_356_s028", "hippocampus_008_s014", "hippocampus_295_s006", "hippocampus_199_s026", "hippocampus_033_s026", "hippocampus_033_s012", "hippocampus_300_s027", "hippocampus_263_s009", "hippocampus_328_s030", "hippocampus_268_s022", "hippocampus_368_s030", "hippocampus_316_s013", "hippocampus_248_s028", "hippocampus_330_s009", "hippocampus_249_s027", "hippocampus_337_s016", "hippocampus_008_s027", "hippocampus_106_s009", "hippocampus_008_s028", "hippocampus_091_s014", "hippocampus_349_s005", "hippocampus_290_s008", "hippocampus_034_s026", "hippocampus_340_s025", "hippocampus_261_s011", "hippocampus_036_s028", "hippocampus_318_s010", "hippocampus_353_s005", "hippocampus_044_s013", "hippocampus_141_s024", "hippocampus_287_s022", "hippocampus_326_s030", "hippocampus_034_s012", "hippocampus_374_s030", "hippocampus_219_s021", "hippocampus_216_s014"], "selected_scores": [0.6102497577667236, 0.4500182867050171, 0.5680128335952759, 0.4568895399570465, 0.557600200176239, 0.4032600224018097, 0.5553029179573059, 0.4357372522354126, 0.22310693562030792, 0.4886349141597748, 0.5352630019187927, 0.37715551257133484, 0.5236574411392212, 0.5102763772010803, 0.5161439776420593, 0.36867597699165344, 0.4952091574668884, 0.4030390679836273, 0.49703508615493774, 0.3637949228286743, 0.48930153250694275, 0.4302966594696045, 0.48755520582199097, 0.39827901124954224, 0.1745143085718155, 0.42911940813064575, 0.48653119802474976, 0.45144447684288025, 0.4830254912376404, 0.380814790725708, 0.4805891513824463, 0.4298495650291443, 0.47716930508613586, 0.3777468204498291, 0.4755941331386566, 0.3757456839084625, 0.47486740350723267, 0.39692339301109314, 0.36148473620414734, 0.465961217880249, 0.47241654992103577, 0.36623117327690125, 0.4637775123119354, 0.3607310354709625, 0.45946094393730164, 0.38201069831848145, 0.4593362808227539, 0.370697021484375, 0.4581250548362732, 0.3643287122249603, 0.4533384144306183, 0.47289082407951355, 0.4527345895767212, 0.3621843159198761, 0.4517911672592163, 0.3609144687652588, 0.44900014996528625, 0.37720370292663574, 0.4509391188621521, 0.3683677017688751, 0.4481968283653259, 0.35918933153152466, 0.4469301104545593, 0.36828696727752686, 0.44322073459625244, 0.4178200662136078, 0.35921791195869446, 0.4425317049026489, 0.35948511958122253, 0.44104981422424316, 0.3607243001461029, 0.46966925263404846, 0.3667185306549072, 0.4378722310066223, 0.36645618081092834, 0.4375545382499695, 0.37043118476867676, 0.36575502157211304], "selected_pred_fg_ratio": [0.00018310546875, 0.007244110107421875, 2.6702880859375e-05, 0.0043792724609375, 9.1552734375e-05, 0.0091552734375, 0.00018310546875, 0.002590179443359375, 0.0, 0.000843048095703125, 0.0, 0.0544281005859375, 0.000400543212890625, 0.001483917236328125, 0.000232696533203125, 0.06998443603515625, 0.00045013427734375, 0.07314300537109375, 6.103515625e-05, 0.08473968505859375, 0.001041412353515625, 0.005157470703125, 0.00077056884765625, 0.054027557373046875, 3.0517578125e-05, 0.00769805908203125, 2.288818359375e-05, 0.017017364501953125, 0.00052642822265625, 0.0850677490234375, 0.000553131103515625, 0.012020111083984375, 0.000751495361328125, 0.0742340087890625, 0.000583648681640625, 0.08300018310546875, 0.000431060791015625, 0.047222137451171875, 0.08589935302734375, 0.0007476806640625, 0.001750946044921875, 0.049053192138671875, 0.001262664794921875, 0.11467361450195312, 0.000705718994140625, 0.013698577880859375, 0.000881195068359375, 0.09607315063476562, 0.001140594482421875, 0.07631683349609375, 0.001667022705078125, 0.00830841064453125, 0.00037384033203125, 0.1026153564453125, 0.00049591064453125, 0.06627655029296875, 0.0001373291015625, 0.09439468383789062, 0.00171661376953125, 0.09708023071289062, 0.001232147216796875, 0.09521484375, 0.00045013427734375, 0.06817626953125, 0.000274658203125, 0.0106048583984375, 0.07842254638671875, 0.0009307861328125, 0.07289505004882812, 0.00173187255859375, 0.10131454467773438, 0.016674041748046875, 0.07202529907226562, 0.0006561279296875, 0.10615158081054688, 0.0010223388671875, 0.07232284545898438, 0.0838470458984375], "selected_pred_class_dist": [[0.99981689453125, 3.4332275390625e-05, 0.000148773193359375], [0.9927558898925781, 0.0058746337890625, 0.001369476318359375], [0.9999732971191406, 2.6702880859375e-05, 0.0], [0.9956207275390625, 0.003326416015625, 0.0010528564453125], [0.999908447265625, 0.0, 9.1552734375e-05], [0.9908447265625, 0.00365447998046875, 0.00550079345703125], [0.99981689453125, 0.00018310546875, 0.0], [0.9974098205566406, 0.001125335693359375, 0.00146484375], [1.0, 0.0, 0.0], [0.9991569519042969, 0.0003204345703125, 0.000522613525390625], [1.0, 0.0, 0.0], [0.9455718994140625, 0.01165771484375, 0.0427703857421875], [0.9995994567871094, 0.000400543212890625, 0.0], [0.9985160827636719, 0.0004425048828125, 0.001041412353515625], [0.9997673034667969, 0.000232696533203125, 0.0], [0.9300155639648438, 0.019519805908203125, 0.050464630126953125], [0.9995498657226562, 1.9073486328125e-05, 0.000431060791015625], [0.9268569946289062, 0.030139923095703125, 0.043003082275390625], [0.99993896484375, 6.103515625e-05, 0.0], [0.9152603149414062, 0.02291107177734375, 0.06182861328125], [0.9989585876464844, 0.000415802001953125, 0.0006256103515625], [0.994842529296875, 0.00417327880859375, 0.00098419189453125], [0.9992294311523438, 3.4332275390625e-05, 0.000736236572265625], [0.9459724426269531, 0.043430328369140625, 0.01059722900390625], [0.999969482421875, 3.0517578125e-05, 0.0], [0.9923019409179688, 0.001819610595703125, 0.005878448486328125], [0.9999771118164062, 2.288818359375e-05, 0.0], [0.9829826354980469, 0.005840301513671875, 0.01117706298828125], [0.9994735717773438, 0.000225067138671875, 0.000301361083984375], [0.9149322509765625, 0.051952362060546875, 0.033115386962890625], [0.9994468688964844, 0.00035858154296875, 0.000194549560546875], [0.9879798889160156, 0.004810333251953125, 0.00720977783203125], [0.9992485046386719, 0.000751495361328125, 0.0], [0.9257659912109375, 0.04419708251953125, 0.03003692626953125], [0.9994163513183594, 0.000583648681640625, 0.0], [0.9169998168945312, 0.056301116943359375, 0.026699066162109375], [0.9995689392089844, 0.000431060791015625, 0.0], [0.9527778625488281, 0.034854888916015625, 0.01236724853515625], [0.9141006469726562, 0.033687591552734375, 0.052211761474609375], [0.9992523193359375, 0.000713348388671875, 3.4332275390625e-05], [0.9982490539550781, 0.000362396240234375, 0.0013885498046875], [0.9509468078613281, 0.00470733642578125, 0.044345855712890625], [0.9987373352050781, 0.00119781494140625, 6.4849853515625e-05], [0.8853263854980469, 0.05171966552734375, 0.06295394897460938], [0.9992942810058594, 0.000667572021484375, 3.814697265625e-05], [0.9863014221191406, 4.57763671875e-05, 0.013652801513671875], [0.9991188049316406, 0.000881195068359375, 0.0], [0.9039268493652344, 0.053592681884765625, 0.04248046875], [0.9988594055175781, 0.001140594482421875, 0.0], [0.9236831665039062, 0.030963897705078125, 0.045352935791015625], [0.9983329772949219, 0.001667022705078125, 0.0], [0.9916915893554688, 0.006160736083984375, 0.002147674560546875], [0.9996261596679688, 0.0, 0.00037384033203125], [0.8973846435546875, 0.043773651123046875, 0.058841705322265625], [0.9995040893554688, 0.00032806396484375, 0.0001678466796875], [0.9337234497070312, 0.0196685791015625, 0.04660797119140625], [0.9998626708984375, 0.0001373291015625, 0.0], [0.9056053161621094, 0.0535736083984375, 0.040821075439453125], [0.9982833862304688, 0.000354766845703125, 0.001361846923828125], [0.9029197692871094, 0.049213409423828125, 0.0478668212890625], [0.9987678527832031, 0.00048065185546875, 0.000751495361328125], [0.90478515625, 0.04189300537109375, 0.05332183837890625], [0.9995498657226562, 0.00029754638671875, 0.000152587890625], [0.93182373046875, 0.033336639404296875, 0.034839630126953125], [0.999725341796875, 0.000274658203125, 0.0], [0.9893951416015625, 0.00666046142578125, 0.00394439697265625], [0.9215774536132812, 0.031574249267578125, 0.046848297119140625], [0.9990692138671875, 0.0005645751953125, 0.0003662109375], [0.9271049499511719, 0.02922821044921875, 0.043666839599609375], [0.9982681274414062, 0.00022125244140625, 0.0015106201171875], [0.8986854553222656, 0.0411224365234375, 0.060192108154296875], [0.9833259582519531, 0.008960723876953125, 0.00771331787109375], [0.9279747009277344, 0.04138946533203125, 0.030635833740234375], [0.9993438720703125, 0.0006561279296875, 0.0], [0.8938484191894531, 0.051105499267578125, 0.05504608154296875], [0.9989776611328125, 0.00070953369140625, 0.00031280517578125], [0.9276771545410156, 0.0619354248046875, 0.010387420654296875], [0.9161529541015625, 0.039989471435546875, 0.043857574462890625]], "candidate_count": 3811, "candidate_scores_path": "/groups/echambe2/gmeng/MedAL-Agent/repo/code/runs/frozen_v5/candidate_scores/msd_task04_hippocampus__P6__s2000__r1.json", "predictions_path": "", "initial_labeled_path": "/groups/echambe2/gmeng/MedAL-Agent/repo/code/runs/frozen_v5/init_sets/msd_task04_hippocampus__s2000__n39.json", "initial_labeled_ids": [], "selection_diagnostics": {"selu_valid_intersected": true, "selu_target_frac": 0.0573853924870491, "selu_boundary_frac": 0.0006888966890983284, "selu_score_target_mean": 0.06093887239694595, "selu_score_boundary_mean": 0.645080029964447}, "training": {"num_iters": 1000, "batch_size": 12, "lr": 0.001, "image_size": 512, "aspect_preserve": true, "resolution_policy": "longside_pad32", "preproc_cache": {"pool": "hit", "val": "hit"}, "train_runtime_sec": 1305.7952587604523, "query_runtime_sec": 118.1824278831482, "iters": 3300, "stop_iter": 3300, "mean_loss": 0.1487194428959805, "last_loss": 0.007803147658705711, "stop_reason": "plateau", "hit_max_iters": false, "final_smooth_loss": 0.010316391498781741, "best_smooth_loss": 0.01332122588530183, "diverged": false, "loss_curve": [[1000, 0.09473277181386948], [1100, 0.08055374011397362], [1200, 0.07123733509331942], [1300, 0.0618971736356616], [1400, 0.05864908739924431], [1500, 0.05433874115347862], [1600, 0.04508159685879946], [1700, 0.037720083631575106], [1800, 0.033511045966297386], [1900, 0.032695906218141314], [2000, 0.02916769905015826], [2100, 0.026823391560465096], [2200, 0.022526123989373446], [2300, 0.019228507969528436], [2400, 0.018013943796977402], [2500, 0.017777841100469233], [2600, 0.01556547467596829], [2700, 0.015182900540530682], [2800, 0.01332122588530183], [2900, 0.011169336210004986], [3000, 0.0714718093443662], [3100, 0.04021457552909851], [3200, 0.014003744423389435], [3300, 0.010316391498781741]]}, "ckpt_id": "msd_task04_hippocampus__P6__s2000__r1", "ckpt_path": "", "ckpt_hash": "d7a17c0ea5b5deab927010e417b1ed15108e0964fbf31477b8e962a0b972056e", "config_hash": "1fcfd428dee85330d47374410c0355f454cb2ead241715eb551a1ac516c5caf8", "feature_cache_keys": {}, "sam_model_type": "", "sam_checkpoint": "", "metrics": {"primary_metric": "mean_dsc_fg_case_macro", "metric_version": "v3_case_macro", "eval_scope": "case_retained_slices", "mean_dsc_fg_case_macro": 0.7081585220681027, "mean_dsc_fg": 0.7081585220681027, "mean_dsc_fg_pooled_diagnostic": 0.7208641949341874, "dsc_per_class_pooled": [0.9875947657143812, 0.6979574537137644, 0.7437709361546103], "dsc_per_class": [0.9875947657143812, 0.6979574537137644, 0.7437709361546103], "n_cases": 22, "n_eval": 480, "structure_detection_rate": 1.0, "missed_structure_rate": 0.0}, "runtime_sec": {"train": 1305.7952587604523, "eval": 7.029670715332031, "select": 118.1824278831482}, "gpu_mem_mb": 9417.150464, "gpu_name": "NVIDIA A40", "gpu_total_mem_mb": 47960.489984, "foundation": {}, "notes": ""}
