{"schema_version": "v3", "run_id": "msd_task03_liver__P5__s3000", "round": 0, "dataset": "msd_task03_liver", "modality": "ct", "target": "liver", "dim": "3d", "query_unit": "slice", "seed": 3000, "round_seed": 3000, "component_seeds": {"model_init_seed": 4268717614, "loader_seed": 3761024140, "query_seed": 1653928250, "dropout_seed": 3551934248}, "total_rounds": 7, "budget_denominator": {"full_train_N": 16493, "requested_pool_cap": 5000, "actual_AL_pool_N": 2500, "budget_plan": [25, 50, 100, 176, 250, 375, 500], "fraction_of_AL_pool": 0.2, "fraction_of_full_train": 0.030315891590371673}, "policy_id": "P5", "policy_name": "EntropyCoreSet", "method_version": "1.0", "is_ablation": false, "policy_config": {}, "cumulative_budget": 25, "incremental_query_count": 25, "labeled_count": 25, "labeled_ratio": 0.01, "selected_ids": ["liver_45_s428", "liver_45_s200", "liver_41_s256", "liver_34_s369", "liver_42_s304", "liver_38_s452", "liver_41_s335", "liver_71_s056", "liver_45_s338", "liver_102_s247", "liver_28_s323", "liver_84_s279", "liver_33_s334", "liver_12_s397", "liver_31_s413", "liver_31_s373", "liver_89_s555", "liver_44_s353", "liver_31_s333", "liver_31_s232", "liver_71_s077", "liver_44_s309", "liver_123_s241", "liver_34_s340", "liver_31_s425"], "selected_scores": [0.006571000441908836, 0.007539341691881418, 0.006165031343698502, 0.006801718845963478, 0.006315779406577349, 0.006158941891044378, 0.006135287694633007, 0.006506950128823519, 0.008234435692429543, 0.0062929242849349976, 0.00612581055611372, 0.007529369089752436, 0.006452561821788549, 0.006971526425331831, 0.0071174404583871365, 0.007101501803845167, 0.006333133205771446, 0.0076956599950790405, 0.008147244341671467, 0.007531000301241875, 0.010920858010649681, 0.008424769155681133, 0.00802565272897482, 0.00692391861230135, 0.006441491190344095], "selected_pred_fg_ratio": [0.00316619873046875, 0.01030731201171875, 0.0017547607421875, 0.051639556884765625, 0.01560211181640625, 0.003063201904296875, 0.028430938720703125, 0.01966094970703125, 0.014049530029296875, 0.033565521240234375, 0.04278564453125, 0.024738311767578125, 0.019344329833984375, 0.20113372802734375, 0.02497100830078125, 0.02606964111328125, 0.08865737915039062, 0.044536590576171875, 0.0142822265625, 0.007266998291015625, 0.23645401000976562, 0.016468048095703125, 0.16511154174804688, 0.036167144775390625, 0.010463714599609375], "selected_pred_class_dist": [[0.9968338012695312, 0.00316619873046875, 0.0], [0.9896926879882812, 0.010219573974609375, 8.7738037109375e-05], [0.9982452392578125, 0.0017547607421875, 0.0], [0.9483604431152344, 0.04976654052734375, 0.001873016357421875], [0.9843978881835938, 0.01560211181640625, 0.0], [0.9969367980957031, 0.0028533935546875, 0.000209808349609375], [0.9715690612792969, 0.028041839599609375, 0.00038909912109375], [0.9803390502929688, 0.01828765869140625, 0.001373291015625], [0.9859504699707031, 0.01398468017578125, 6.4849853515625e-05], [0.9664344787597656, 0.029811859130859375, 0.003753662109375], [0.95721435546875, 0.04181671142578125, 0.00096893310546875], [0.9752616882324219, 0.02120208740234375, 0.003536224365234375], [0.9806556701660156, 0.019344329833984375, 0.0], [0.7988662719726562, 0.1915130615234375, 0.00962066650390625], [0.9750289916992188, 0.02404022216796875, 0.0009307861328125], [0.9739303588867188, 0.02606964111328125, 0.0], [0.9113426208496094, 0.07883453369140625, 0.009822845458984375], [0.9554634094238281, 0.039768218994140625, 0.00476837158203125], [0.9857177734375, 0.0142822265625, 0.0], [0.9927330017089844, 0.007266998291015625, 0.0], [0.7635459899902344, 0.20989608764648438, 0.02655792236328125], [0.9835319519042969, 0.016468048095703125, 0.0], [0.8348884582519531, 0.14560699462890625, 0.019504547119140625], [0.9638328552246094, 0.03558349609375, 0.000583648681640625], [0.9895362854003906, 0.008052825927734375, 0.002410888671875]], "candidate_count": 2475, "candidate_scores_path": "/groups/echambe2/gmeng/MedAL-Agent/repo/code/runs/frozen_v5/candidate_scores/msd_task03_liver__P5__s3000__r0.json", "predictions_path": "", "initial_labeled_path": "/groups/echambe2/gmeng/MedAL-Agent/repo/code/runs/frozen_v5/init_sets/msd_task03_liver__s3000__n25.json", "initial_labeled_ids": ["liver_102_s392", "liver_102_s458", "liver_105_s270", "liver_105_s430", "liver_113_s420", "liver_117_s321", "liver_117_s476", "liver_119_s243", "liver_119_s276", "liver_11_s408", "liver_122_s162", "liver_127_s225", "liver_21_s378", "liver_25_s310", "liver_30_s404", "liver_32_s264", "liver_34_s156", "liver_39_s196", "liver_44_s184", "liver_44_s365", "liver_52_s125", "liver_58_s177", "liver_7_s397", "liver_89_s367", "liver_96_s360"], "selection_diagnostics": {}, "training": {"num_iters": 1000, "batch_size": 12, "lr": 0.001, "image_size": 512, "aspect_preserve": true, "resolution_policy": "longside_pad32", "preproc_cache": {"pool": "hit", "val": "hit"}, "train_runtime_sec": 937.290444612503, "query_runtime_sec": 57.214749336242676, "iters": 2400, "stop_iter": 2400, "mean_loss": 0.1876579104200937, "last_loss": 0.03288686275482178, "stop_reason": "plateau", "hit_max_iters": false, "final_smooth_loss": 0.055000085365027186, "best_smooth_loss": 0.055762993805110454, "diverged": false, "loss_curve": [[1000, 0.09395742483437061], [1100, 0.0979656831920147], [1200, 0.07872997179627418], [1300, 0.09199953712522983], [1400, 0.11626821383833885], [1500, 0.07892001874744892], [1600, 0.06086012590676546], [1700, 0.0670278987288475], [1800, 0.06630918664857745], [1900, 0.055762993805110454], [2000, 0.06737047050148248], [2100, 0.055959983095526696], [2200, 0.05811429813504219], [2300, 0.061309015806764365], [2400, 0.055000085365027186]]}, "ckpt_id": "msd_task03_liver__P5__s3000__r0", "ckpt_path": "", "ckpt_hash": "f3cb14827d4bcf9a5e076bcea0b188a1498a0322b5ea80e4c75eba58c845fdff", "config_hash": "e4fae46d1c013eb7c36e2eeecfd787bd198e1e60b7f9bf7f044c146e0d2a9270", "feature_cache_keys": {"task_unet": "task_unet_bottleneck@f3cb14827d4b"}, "sam_model_type": "", "sam_checkpoint": "", "metrics": {"primary_metric": "mean_dsc_fg_case_macro", "metric_version": "v3_case_macro", "eval_scope": "case_retained_slices", "mean_dsc_fg_case_macro": 0.4819549085553431, "mean_dsc_fg": 0.4819549085553431, "mean_dsc_fg_pooled_diagnostic": 0.6456068440515146, "dsc_per_class_pooled": [0.9915004634460427, 0.8006934393543563, 0.49052024874867284], "dsc_per_class": [0.9915004634460427, 0.8006934393543563, 0.49052024874867284], "n_cases": 11, "n_eval": 500, "structure_detection_rate": 0.9545454545454546, "missed_structure_rate": 0.045454545454545414}, "runtime_sec": {"train": 937.290444612503, "eval": 7.759511709213257, "select": 57.214749336242676}, "gpu_mem_mb": 9368.62208, "gpu_name": "NVIDIA A40", "gpu_total_mem_mb": 47960.489984, "foundation": {}, "notes": ""}
{"schema_version": "v3", "run_id": "msd_task03_liver__P5__s3000", "round": 1, "dataset": "msd_task03_liver", "modality": "ct", "target": "liver", "dim": "3d", "query_unit": "slice", "seed": 3000, "round_seed": 3001, "component_seeds": {"model_init_seed": 1368497401, "loader_seed": 724338150, "query_seed": 2939650167, "dropout_seed": 1283938365}, "total_rounds": 7, "budget_denominator": {"full_train_N": 16493, "requested_pool_cap": 5000, "actual_AL_pool_N": 2500, "budget_plan": [25, 50, 100, 176, 250, 375, 500], "fraction_of_AL_pool": 0.2, "fraction_of_full_train": 0.030315891590371673}, "policy_id": "P5", "policy_name": "EntropyCoreSet", "method_version": "1.0", "is_ablation": false, "policy_config": {}, "cumulative_budget": 50, "incremental_query_count": 50, "labeled_count": 50, "labeled_ratio": 0.02, "selected_ids": ["liver_101_s434", "liver_29_s271", "liver_45_s393", "liver_94_s411", "liver_96_s202", "liver_30_s329", "liver_106_s422", "liver_39_s254", "liver_33_s449", "liver_34_s209", "liver_42_s233", "liver_39_s372", "liver_33_s243", "liver_100_s594", "liver_15_s285", "liver_28_s254", "liver_94_s368", "liver_20_s406", "liver_29_s300", "liver_82_s429", "liver_41_s397", "liver_19_s433", "liver_31_s386", "liver_102_s295", "liver_29_s383", "liver_33_s423", "liver_96_s312", "liver_19_s455", "liver_28_s423", "liver_45_s161", "liver_45_s359", "liver_80_s168", "liver_44_s272", "liver_30_s367", "liver_28_s347", "liver_33_s435", "liver_38_s298", "liver_40_s220", "liver_28_s293", "liver_100_s584", "liver_44_s376", "liver_89_s464", "liver_100_s572", "liver_40_s351", "liver_34_s293", "liver_130_s479", "liver_42_s372", "liver_40_s456", "liver_29_s189", "liver_23_s323"], "selected_scores": [0.008832585997879505, 0.009206928312778473, 0.010108599439263344, 0.008457483723759651, 0.007672551088035107, 0.007885314524173737, 0.007448123302310705, 0.007414532825350761, 0.008193185552954674, 0.011858700774610043, 0.0074869245290756226, 0.007604781538248062, 0.00757305882871151, 0.0076894089579582214, 0.010113447904586792, 0.008444222621619701, 0.007785695604979992, 0.007645240053534508, 0.00781115610152483, 0.008138846606016159, 0.009047134779393673, 0.008043157868087292, 0.008065717294812202, 0.007872694171965122, 0.009345772676169872, 0.012454675510525703, 0.008207540959119797, 0.007621710188686848, 0.008293160237371922, 0.012235467322170734, 0.009902906604111195, 0.00788162462413311, 0.010375947691500187, 0.007461267523467541, 0.011269998736679554, 0.014633992686867714, 0.007498784456402063, 0.00893259048461914, 0.011417937465012074, 0.00805263128131628, 0.008485095575451851, 0.008289702236652374, 0.009115749038755894, 0.008159366436302662, 0.010898981243371964, 0.007957227528095245, 0.01133419293910265, 0.008626451715826988, 0.008978283032774925, 0.009000882506370544], "selected_pred_fg_ratio": [0.077728271484375, 0.0121002197265625, 0.0275115966796875, 0.0237884521484375, 0.0182037353515625, 0.026638031005859375, 0.10121917724609375, 0.024326324462890625, 0.011318206787109375, 0.009632110595703125, 0.00151824951171875, 0.07489013671875, 0.004619598388671875, 0.12695693969726562, 0.0865020751953125, 0.02973175048828125, 0.037811279296875, 0.040668487548828125, 0.03218841552734375, 0.17399978637695312, 0.03874969482421875, 0.11678314208984375, 0.03435516357421875, 0.02887725830078125, 0.03607940673828125, 0.030651092529296875, 0.033687591552734375, 0.12691879272460938, 0.0439605712890625, 0.00327301025390625, 0.027072906494140625, 0.12897109985351562, 0.025775909423828125, 0.057834625244140625, 0.05719757080078125, 0.022342681884765625, 0.018291473388671875, 0.017635345458984375, 0.03536224365234375, 0.12331008911132812, 0.05515289306640625, 0.058872222900390625, 0.11760711669921875, 0.03360748291015625, 0.01372528076171875, 0.08668136596679688, 0.0463104248046875, 0.0177764892578125, 0.009613037109375, 0.11822891235351562], "selected_pred_class_dist": [[0.922271728515625, 0.07756805419921875, 0.00016021728515625], [0.9878997802734375, 0.012035369873046875, 6.4849853515625e-05], [0.9724884033203125, 0.0275115966796875, 0.0], [0.9762115478515625, 0.0225677490234375, 0.001220703125], [0.9817962646484375, 0.0182037353515625, 0.0], [0.9733619689941406, 0.0260772705078125, 0.000560760498046875], [0.8987808227539062, 0.099090576171875, 0.00212860107421875], [0.9756736755371094, 0.024326324462890625, 0.0], [0.9886817932128906, 0.011318206787109375, 0.0], [0.9903678894042969, 0.009227752685546875, 0.00040435791015625], [0.9984817504882812, 0.00150299072265625, 1.52587890625e-05], [0.92510986328125, 0.07489013671875, 0.0], [0.9953804016113281, 0.004619598388671875, 0.0], [0.8730430603027344, 0.10300445556640625, 0.023952484130859375], [0.9134979248046875, 0.058624267578125, 0.0278778076171875], [0.9702682495117188, 0.029346466064453125, 0.000385284423828125], [0.962188720703125, 0.032535552978515625, 0.005275726318359375], [0.9593315124511719, 0.040218353271484375, 0.00045013427734375], [0.9678115844726562, 0.03099822998046875, 0.001190185546875], [0.8260002136230469, 0.17267227172851562, 0.0013275146484375], [0.9612503051757812, 0.03874969482421875, 0.0], [0.8832168579101562, 0.1104736328125, 0.00630950927734375], [0.9656448364257812, 0.03435516357421875, 0.0], [0.9711227416992188, 0.02869415283203125, 0.00018310546875], [0.9639205932617188, 0.03607940673828125, 0.0], [0.9693489074707031, 0.0306243896484375, 2.6702880859375e-05], [0.9663124084472656, 0.033252716064453125, 0.00043487548828125], [0.8730812072753906, 0.12321853637695312, 0.00370025634765625], [0.9560394287109375, 0.0439605712890625, 0.0], [0.9967269897460938, 0.00327301025390625, 0.0], [0.9729270935058594, 0.027072906494140625, 0.0], [0.8710289001464844, 0.12491989135742188, 0.00405120849609375], [0.9742240905761719, 0.025360107421875, 0.000415802001953125], [0.9421653747558594, 0.05410003662109375, 0.003734588623046875], [0.9428024291992188, 0.05117034912109375, 0.0060272216796875], [0.9776573181152344, 0.022186279296875, 0.000156402587890625], [0.9817085266113281, 0.018291473388671875, 0.0], [0.9823646545410156, 0.01660919189453125, 0.001026153564453125], [0.9646377563476562, 0.035327911376953125, 3.4332275390625e-05], [0.8766899108886719, 0.11587142944335938, 0.00743865966796875], [0.9448471069335938, 0.04920196533203125, 0.005950927734375], [0.9411277770996094, 0.056949615478515625, 0.001922607421875], [0.8823928833007812, 0.09516143798828125, 0.0224456787109375], [0.9663925170898438, 0.03256988525390625, 0.00103759765625], [0.9862747192382812, 0.013553619384765625, 0.000171661376953125], [0.9133186340332031, 0.08614349365234375, 0.000537872314453125], [0.9536895751953125, 0.046085357666015625, 0.000225067138671875], [0.9822235107421875, 0.0177764892578125, 0.0], [0.990386962890625, 0.0081634521484375, 0.0014495849609375], [0.8817710876464844, 0.11642074584960938, 0.00180816650390625]], "candidate_count": 2450, "candidate_scores_path": "/groups/echambe2/gmeng/MedAL-Agent/repo/code/runs/frozen_v5/candidate_scores/msd_task03_liver__P5__s3000__r1.json", "predictions_path": "", "initial_labeled_path": "/groups/echambe2/gmeng/MedAL-Agent/repo/code/runs/frozen_v5/init_sets/msd_task03_liver__s3000__n25.json", "initial_labeled_ids": [], "selection_diagnostics": {}, "training": {"num_iters": 1000, "batch_size": 12, "lr": 0.001, "image_size": 512, "aspect_preserve": true, "resolution_policy": "longside_pad32", "preproc_cache": {"pool": "hit", "val": "hit"}, "train_runtime_sec": 986.9581279754639, "query_runtime_sec": 55.91772103309631, "iters": 2500, "stop_iter": 2500, "mean_loss": 0.24596877537369727, "last_loss": 0.23465542495250702, "stop_reason": "plateau", "hit_max_iters": false, "final_smooth_loss": 0.09276453111320734, "best_smooth_loss": 0.07963189478963613, "diverged": true, "loss_curve": [[1000, 0.13843790803104639], [1100, 0.11963514734059572], [1200, 0.133219372369349], [1300, 0.1125892885401845], [1400, 0.1410309274122119], [1500, 0.1337297458946705], [1600, 0.11169219024479389], [1700, 0.12158651012927293], [1800, 0.10714913371950388], [1900, 0.09023525986820459], [2000, 0.07963189478963613], [2100, 0.0772577478736639], [2200, 0.1000349498540163], [2300, 0.09527886893600225], [2400, 0.11021049927920103], [2500, 0.09276453111320734]]}, "ckpt_id": "msd_task03_liver__P5__s3000__r1", "ckpt_path": "", "ckpt_hash": "acdf7574371e64d011e17ea0fd4e79cc46df190c881674416d3b3d4bf1894cf4", "config_hash": "e4fae46d1c013eb7c36e2eeecfd787bd198e1e60b7f9bf7f044c146e0d2a9270", "feature_cache_keys": {"task_unet": "task_unet_bottleneck@acdf7574371e"}, "sam_model_type": "", "sam_checkpoint": "", "metrics": {"primary_metric": "mean_dsc_fg_case_macro", "metric_version": "v3_case_macro", "eval_scope": "case_retained_slices", "mean_dsc_fg_case_macro": 0.49599545397685463, "mean_dsc_fg": 0.49599545397685463, "mean_dsc_fg_pooled_diagnostic": 0.641003155157909, "dsc_per_class_pooled": [0.9937838503808426, 0.8617338310295184, 0.42027247928629946], "dsc_per_class": [0.9937838503808426, 0.8617338310295184, 0.42027247928629946], "n_cases": 11, "n_eval": 500, "structure_detection_rate": 0.9545454545454546, "missed_structure_rate": 0.045454545454545414}, "runtime_sec": {"train": 986.9581279754639, "eval": 8.031591653823853, "select": 55.91772103309631}, "gpu_mem_mb": 9417.150464, "gpu_name": "NVIDIA A40", "gpu_total_mem_mb": 47960.489984, "foundation": {}, "notes": ""}
{"schema_version": "v3", "run_id": "msd_task03_liver__P5__s3000", "round": 2, "dataset": "msd_task03_liver", "modality": "ct", "target": "liver", "dim": "3d", "query_unit": "slice", "seed": 3000, "round_seed": 3002, "component_seeds": {"model_init_seed": 3745551808, "loader_seed": 2465835433, "query_seed": 2701088630, "dropout_seed": 1393056386}, "total_rounds": 7, "budget_denominator": {"full_train_N": 16493, "requested_pool_cap": 5000, "actual_AL_pool_N": 2500, "budget_plan": [25, 50, 100, 176, 250, 375, 500], "fraction_of_AL_pool": 0.2, "fraction_of_full_train": 0.030315891590371673}, "policy_id": "P5", "policy_name": "EntropyCoreSet", "method_version": "1.0", "is_ablation": false, "policy_config": {}, "cumulative_budget": 100, "incremental_query_count": 76, "labeled_count": 100, "labeled_ratio": 0.04, "selected_ids": ["liver_28_s460", "liver_12_s266", "liver_41_s149", "liver_106_s476", "liver_39_s331", "liver_12_s376", "liver_68_s101", "liver_40_s165", "liver_102_s435", "liver_40_s385", "liver_71_s073", "liver_32_s209", "liver_30_s232", "liver_101_s478", "liver_101_s193", "liver_13_s341", "liver_32_s358", "liver_40_s467", "liver_70_s267", "liver_28_s267", "liver_7_s471", "liver_111_s417", "liver_33_s361", "liver_100_s433", "liver_41_s422", "liver_93_s425", "liver_126_s262", "liver_28_s129", "liver_30_s310", "liver_32_s394", "liver_113_s537", "liver_68_s104", "liver_126_s284", "liver_12_s347", "liver_32_s422", "liver_23_s374", "liver_123_s270", "liver_79_s121", "liver_33_s285", "liver_90_s461", "liver_84_s179", "liver_14_s391", "liver_41_s137", "liver_38_s255", "liver_41_s287", "liver_42_s248", "liver_11_s354", "liver_45_s261", "liver_94_s421", "liver_47_s268", "liver_93_s354", "liver_14_s277", "liver_40_s399", "liver_28_s209", "liver_33_s316", "liver_71_s070", "liver_38_s198", "liver_82_s353", "liver_39_s304", "liver_42_s334", "liver_23_s344", "liver_40_s306", "liver_39_s142", "liver_111_s357", "liver_12_s305", "liver_111_s459", "liver_32_s293", "liver_40_s193", "liver_32_s230", "liver_92_s429", "liver_42_s266", "liver_33_s390", "liver_92_s466", "liver_11_s385", "liver_59_s207", "liver_116_s261"], "selected_scores": [0.01220601424574852, 0.010843648575246334, 0.00805957056581974, 0.007293688133358955, 0.009891838766634464, 0.008682643063366413, 0.010433489456772804, 0.010556185618042946, 0.00735441641882062, 0.00870405975729227, 0.008169591426849365, 0.009143724106252193, 0.007910793647170067, 0.00917891040444374, 0.01071062684059143, 0.007830592803657055, 0.010092314332723618, 0.0076593272387981415, 0.008065178990364075, 0.008853858336806297, 0.007319297641515732, 0.008942926302552223, 0.013769041746854782, 0.008132634684443474, 0.00737287662923336, 0.009630335494875908, 0.007604402489960194, 0.009550218470394611, 0.009423188865184784, 0.008630041033029556, 0.0074363104067742825, 0.008688032627105713, 0.00986013188958168, 0.009249910712242126, 0.0118491780012846, 0.009468861855566502, 0.00791474711149931, 0.009786308743059635, 0.012776684015989304, 0.008590711280703545, 0.007612384855747223, 0.007638917770236731, 0.008177803829312325, 0.007286540698260069, 0.011066854931414127, 0.011022527702152729, 0.008950384333729744, 0.008716878481209278, 0.008479740470647812, 0.007330756634473801, 0.007613693829625845, 0.0074531338177621365, 0.008433541283011436, 0.007609053980559111, 0.01070154458284378, 0.008559162728488445, 0.01014433242380619, 0.007556229364126921, 0.009929490275681019, 0.007567606400698423, 0.009126617573201656, 0.010253667831420898, 0.008346593007445335, 0.009143865667283535, 0.010500917211174965, 0.0073609622195363045, 0.00900056678801775, 0.009277993813157082, 0.00984211266040802, 0.009387177415192127, 0.014157352037727833, 0.008443721570074558, 0.008128815330564976, 0.008988870307803154, 0.007647092919796705, 0.008080767467617989], "selected_pred_fg_ratio": [0.009796142578125, 0.03908538818359375, 0.00209808349609375, 0.038600921630859375, 0.07384109497070312, 0.16902923583984375, 0.02599334716796875, 0.007488250732421875, 0.06963729858398438, 0.03871917724609375, 0.20215988159179688, 0.01425933837890625, 0.007190704345703125, 0.03357696533203125, 0.01483154296875, 0.08069610595703125, 0.055652618408203125, 0.004604339599609375, 0.112701416015625, 0.024082183837890625, 0.12641525268554688, 0.13372039794921875, 0.039157867431640625, 0.044094085693359375, 0.0277862548828125, 0.13014984130859375, 0.13260269165039062, 0.00335693359375, 0.006153106689453125, 0.045772552490234375, 0.13333892822265625, 0.034725189208984375, 0.045764923095703125, 0.10296630859375, 0.01380157470703125, 0.031513214111328125, 0.1457672119140625, 0.07913970947265625, 0.011474609375, 0.1003875732421875, 0.01537322998046875, 0.05599212646484375, 0.0087127685546875, 0.01399993896484375, 0.014186859130859375, 0.010440826416015625, 0.10940170288085938, 0.01050567626953125, 0.0246124267578125, 0.022125244140625, 0.08994674682617188, 0.019405364990234375, 0.047267913818359375, 0.014499664306640625, 0.019008636474609375, 0.16658782958984375, 0.007617950439453125, 0.07493972778320312, 0.07096099853515625, 0.034191131591796875, 0.15127944946289062, 0.025333404541015625, 0.02141571044921875, 0.12192916870117188, 0.04571533203125, 0.03897857666015625, 0.03238677978515625, 0.007389068603515625, 0.014980316162109375, 0.08150863647460938, 0.008544921875, 0.052379608154296875, 0.11729812622070312, 0.16942214965820312, 0.029052734375, 0.008907318115234375], "selected_pred_class_dist": [[0.990203857421875, 0.009792327880859375, 3.814697265625e-06], [0.9609146118164062, 0.03908538818359375, 0.0], [0.9979019165039062, 0.00209808349609375, 0.0], [0.9613990783691406, 0.038547515869140625, 5.340576171875e-05], [0.9261589050292969, 0.073272705078125, 0.000568389892578125], [0.8309707641601562, 0.16902923583984375, 0.0], [0.9740066528320312, 0.02599334716796875, 0.0], [0.9925117492675781, 0.007488250732421875, 0.0], [0.9303627014160156, 0.06963729858398438, 0.0], [0.9612808227539062, 0.03821563720703125, 0.0005035400390625], [0.7978401184082031, 0.172210693359375, 0.029949188232421875], [0.9857406616210938, 0.01425933837890625, 0.0], [0.9928092956542969, 0.007190704345703125, 0.0], [0.9664230346679688, 0.03357696533203125, 0.0], [0.98516845703125, 0.01483154296875, 0.0], [0.9193038940429688, 0.08069610595703125, 0.0], [0.9443473815917969, 0.05561065673828125, 4.1961669921875e-05], [0.9953956604003906, 0.004604339599609375, 0.0], [0.887298583984375, 0.11077117919921875, 0.00193023681640625], [0.9759178161621094, 0.024082183837890625, 0.0], [0.8735847473144531, 0.12550735473632812, 0.00090789794921875], [0.8662796020507812, 0.13372039794921875, 0.0], [0.9608421325683594, 0.0344696044921875, 0.004688262939453125], [0.9559059143066406, 0.043247222900390625, 0.00084686279296875], [0.9722137451171875, 0.02761077880859375, 0.00017547607421875], [0.8698501586914062, 0.12218093872070312, 0.007968902587890625], [0.8673973083496094, 0.13260269165039062, 0.0], [0.99664306640625, 0.00335693359375, 0.0], [0.9938468933105469, 0.006153106689453125, 0.0], [0.9542274475097656, 0.0448760986328125, 0.000896453857421875], [0.8666610717773438, 0.12569808959960938, 0.007640838623046875], [0.9652748107910156, 0.03247833251953125, 0.002246856689453125], [0.9542350769042969, 0.045764923095703125, 0.0], [0.89703369140625, 0.09673690795898438, 0.006229400634765625], [0.9861984252929688, 0.01374053955078125, 6.103515625e-05], [0.9684867858886719, 0.031513214111328125, 0.0], [0.8542327880859375, 0.12954330444335938, 0.016223907470703125], [0.9208602905273438, 0.07912826538085938, 1.1444091796875e-05], [0.988525390625, 0.009799957275390625, 0.001674652099609375], [0.8996124267578125, 0.08456039428710938, 0.015827178955078125], [0.9846267700195312, 0.01537322998046875, 0.0], [0.9440078735351562, 0.055389404296875, 0.00060272216796875], [0.9912872314453125, 0.0087127685546875, 0.0], [0.9860000610351562, 0.01399993896484375, 0.0], [0.9858131408691406, 0.014186859130859375, 0.0], [0.9895591735839844, 0.0103759765625, 6.4849853515625e-05], [0.8905982971191406, 0.10586929321289062, 0.00353240966796875], [0.9894943237304688, 0.01050567626953125, 0.0], [0.9753875732421875, 0.0246124267578125, 0.0], [0.977874755859375, 0.022125244140625, 0.0], [0.9100532531738281, 0.08940505981445312, 0.00054168701171875], [0.9805946350097656, 0.019405364990234375, 0.0], [0.9527320861816406, 0.045734405517578125, 0.00153350830078125], [0.9855003356933594, 0.014499664306640625, 0.0], [0.9809913635253906, 0.015888214111328125, 0.00312042236328125], [0.8334121704101562, 0.14705276489257812, 0.019535064697265625], [0.9923820495605469, 0.007617950439453125, 0.0], [0.9250602722167969, 0.07444000244140625, 0.000499725341796875], [0.9290390014648438, 0.07089996337890625, 6.103515625e-05], [0.9658088684082031, 0.034191131591796875, 0.0], [0.8487205505371094, 0.1345977783203125, 0.016681671142578125], [0.9746665954589844, 0.025333404541015625, 0.0], [0.9785842895507812, 0.02141571044921875, 0.0], [0.8780708312988281, 0.12192916870117188, 0.0], [0.95428466796875, 0.04571533203125, 0.0], [0.9610214233398438, 0.03897857666015625, 0.0], [0.9676132202148438, 0.03238677978515625, 0.0], [0.9926109313964844, 0.007389068603515625, 0.0], [0.9850196838378906, 0.014980316162109375, 0.0], [0.9184913635253906, 0.08052825927734375, 0.000980377197265625], [0.991455078125, 0.00777435302734375, 0.00077056884765625], [0.9476203918457031, 0.048076629638671875, 0.004302978515625], [0.8827018737792969, 0.11729812622070312, 0.0], [0.8305778503417969, 0.16438674926757812, 0.005035400390625], [0.970947265625, 0.029052734375, 0.0], [0.9910926818847656, 0.008907318115234375, 0.0]], "candidate_count": 2400, "candidate_scores_path": "/groups/echambe2/gmeng/MedAL-Agent/repo/code/runs/frozen_v5/candidate_scores/msd_task03_liver__P5__s3000__r2.json", "predictions_path": "", "initial_labeled_path": "/groups/echambe2/gmeng/MedAL-Agent/repo/code/runs/frozen_v5/init_sets/msd_task03_liver__s3000__n25.json", "initial_labeled_ids": [], "selection_diagnostics": {}, "training": {"num_iters": 1000, "batch_size": 12, "lr": 0.001, "image_size": 512, "aspect_preserve": true, "resolution_policy": "longside_pad32", "preproc_cache": {"pool": "hit", "val": "hit"}, "train_runtime_sec": 1013.9502305984497, "query_runtime_sec": 52.41748046875, "iters": 2600, "stop_iter": 2600, "mean_loss": 0.25966090629593686, "last_loss": 0.26080384850502014, "stop_reason": "plateau", "hit_max_iters": false, "final_smooth_loss": 0.08414707489311696, "best_smooth_loss": 0.08271206725388765, "diverged": true, "loss_curve": [[1000, 0.1826386868953705], [1100, 0.15648491285741328], [1200, 0.1439520859718323], [1300, 0.17351791337132455], [1400, 0.13937385261058807], [1500, 0.11788918230682612], [1600, 0.10252037186175585], [1700, 0.11515685971826314], [1800, 0.19486025750637054], [1900, 0.14807484909892082], [2000, 0.11898749358952046], [2100, 0.08271206725388765], [2200, 0.10525945600122213], [2300, 0.08938958141952753], [2400, 0.14412978254258632], [2500, 0.0997177792340517], [2600, 0.08414707489311696]]}, "ckpt_id": "msd_task03_liver__P5__s3000__r2", "ckpt_path": "", "ckpt_hash": "d4311f2627a511eada4b9e3d6ffbfcfa86b1030079e06b646271456873fc95b3", "config_hash": "e4fae46d1c013eb7c36e2eeecfd787bd198e1e60b7f9bf7f044c146e0d2a9270", "feature_cache_keys": {"task_unet": "task_unet_bottleneck@d4311f2627a5"}, "sam_model_type": "", "sam_checkpoint": "", "metrics": {"primary_metric": "mean_dsc_fg_case_macro", "metric_version": "v3_case_macro", "eval_scope": "case_retained_slices", "mean_dsc_fg_case_macro": 0.5258887465677097, "mean_dsc_fg": 0.5258887465677097, "mean_dsc_fg_pooled_diagnostic": 0.666730844089124, "dsc_per_class_pooled": [0.99450333847486, 0.8753366936677276, 0.45812499451052036], "dsc_per_class": [0.99450333847486, 0.8753366936677276, 0.45812499451052036], "n_cases": 11, "n_eval": 500, "structure_detection_rate": 1.0, "missed_structure_rate": 0.0}, "runtime_sec": {"train": 1013.9502305984497, "eval": 6.533239126205444, "select": 52.41748046875}, "gpu_mem_mb": 9418.0352, "gpu_name": "NVIDIA A40", "gpu_total_mem_mb": 47960.489984, "foundation": {}, "notes": ""}
