{"schema_version": "v3", "run_id": "msd_task04_hippocampus__P1__s2000", "round": 0, "dataset": "msd_task04_hippocampus", "modality": "mri", "target": "hippocampus_anterior", "dim": "3d", "query_unit": "slice", "seed": 2000, "round_seed": 2000, "component_seeds": {"model_init_seed": 1733582241, "loader_seed": 3333593949, "query_seed": 2915079519, "dropout_seed": 1768907296}, "total_rounds": 7, "budget_denominator": {"full_train_N": 3889, "requested_pool_cap": 5000, "actual_AL_pool_N": 3889, "budget_plan": [39, 78, 156, 273, 389, 584, 778], "fraction_of_AL_pool": 0.2000514271020828, "fraction_of_full_train": 0.2000514271020828}, "policy_id": "P1", "policy_name": "EntropyFull", "method_version": "1.0", "is_ablation": false, "policy_config": {}, "cumulative_budget": 39, "incremental_query_count": 39, "labeled_count": 39, "labeled_ratio": 0.010028284906145539, "selected_ids": ["hippocampus_141_s010", "hippocampus_141_s009", "hippocampus_141_s006", "hippocampus_077_s005", "hippocampus_141_s011", "hippocampus_067_s011", "hippocampus_077_s008", "hippocampus_294_s011", "hippocampus_077_s007", "hippocampus_067_s012", "hippocampus_142_s012", "hippocampus_077_s009", "hippocampus_142_s008", "hippocampus_077_s006", "hippocampus_077_s010", "hippocampus_178_s009", "hippocampus_067_s010", "hippocampus_125_s014", "hippocampus_125_s013", "hippocampus_067_s009", "hippocampus_125_s012", "hippocampus_141_s023", "hippocampus_077_s011", "hippocampus_141_s012", "hippocampus_142_s010", "hippocampus_294_s024", "hippocampus_220_s007", "hippocampus_074_s011", "hippocampus_220_s009", "hippocampus_142_s009", "hippocampus_133_s026", "hippocampus_141_s007", "hippocampus_294_s010", "hippocampus_337_s019", "hippocampus_294_s012", "hippocampus_142_s011", "hippocampus_141_s008", "hippocampus_133_s006", "hippocampus_294_s008"], "selected_scores": [0.015429776161909103, 0.013921338133513927, 0.012824979610741138, 0.012536563910543919, 0.012142937630414963, 0.011898801662027836, 0.01172760222107172, 0.011567800305783749, 0.011549103073775768, 0.011203380301594734, 0.011189937591552734, 0.011126166209578514, 0.011031825095415115, 0.010820098221302032, 0.010752534493803978, 0.010675016790628433, 0.01064157485961914, 0.010577111504971981, 0.010523322969675064, 0.010509462095797062, 0.0104760667309165, 0.010459523648023605, 0.010253735817968845, 0.010234003886580467, 0.010184863582253456, 0.0101295942440629, 0.010110531002283096, 0.010104489512741566, 0.01007301639765501, 0.010036604478955269, 0.009925933554768562, 0.009924110025167465, 0.00985243171453476, 0.009638745337724686, 0.009582002647221088, 0.009579898789525032, 0.009511776268482208, 0.009436815045773983, 0.009291192516684532], "selected_pred_fg_ratio": [0.13718414306640625, 0.12904739379882812, 0.08811187744140625, 0.120330810546875, 0.14435958862304688, 0.100372314453125, 0.1237030029296875, 0.14136886596679688, 0.108978271484375, 0.10570144653320312, 0.11124038696289062, 0.11085891723632812, 0.11757659912109375, 0.10871124267578125, 0.11707687377929688, 0.1006317138671875, 0.07715225219726562, 0.09942245483398438, 0.104156494140625, 0.07998275756835938, 0.09697723388671875, 0.06813812255859375, 0.108001708984375, 0.14150619506835938, 0.10852432250976562, 0.0824432373046875, 0.08645248413085938, 0.09527969360351562, 0.10051345825195312, 0.10914993286132812, 0.06917190551757812, 0.09045791625976562, 0.1087188720703125, 0.09481430053710938, 0.12752151489257812, 0.11259841918945312, 0.11267852783203125, 0.09478378295898438, 0.09259033203125], "selected_pred_class_dist": [[0.8628158569335938, 0.055164337158203125, 0.08201980590820312], [0.8709526062011719, 0.054416656494140625, 0.0746307373046875], [0.9118881225585938, 0.042934417724609375, 0.045177459716796875], [0.879669189453125, 0.0618896484375, 0.058441162109375], [0.8556404113769531, 0.06593704223632812, 0.07842254638671875], [0.899627685546875, 0.045726776123046875, 0.054645538330078125], [0.8762969970703125, 0.06937026977539062, 0.054332733154296875], [0.8586311340332031, 0.07135391235351562, 0.07001495361328125], [0.891021728515625, 0.0593414306640625, 0.0496368408203125], [0.8942985534667969, 0.0626220703125, 0.043079376220703125], [0.8887596130371094, 0.051029205322265625, 0.060211181640625], [0.8891410827636719, 0.06933212280273438, 0.04152679443359375], [0.8824234008789062, 0.06566619873046875, 0.051910400390625], [0.8912887573242188, 0.05902099609375, 0.04969024658203125], [0.8829231262207031, 0.070343017578125, 0.046733856201171875], [0.8993682861328125, 0.031520843505859375, 0.06911087036132812], [0.9228477478027344, 0.04370880126953125, 0.033443450927734375], [0.9005775451660156, 0.06610488891601562, 0.03331756591796875], [0.895843505859375, 0.06290817260742188, 0.041248321533203125], [0.9200172424316406, 0.0559539794921875, 0.024028778076171875], [0.9030227661132812, 0.057743072509765625, 0.039234161376953125], [0.9318618774414062, 0.04195404052734375, 0.02618408203125], [0.891998291015625, 0.06727218627929688, 0.040729522705078125], [0.8584938049316406, 0.08015060424804688, 0.0613555908203125], [0.8914756774902344, 0.04782867431640625, 0.060695648193359375], [0.9175567626953125, 0.044139862060546875, 0.038303375244140625], [0.9135475158691406, 0.06041717529296875, 0.026035308837890625], [0.9047203063964844, 0.06513214111328125, 0.030147552490234375], [0.8994865417480469, 0.046024322509765625, 0.0544891357421875], [0.8908500671386719, 0.049953460693359375, 0.05919647216796875], [0.9308280944824219, 0.034648895263671875, 0.03452301025390625], [0.9095420837402344, 0.041049957275390625, 0.049407958984375], [0.8912811279296875, 0.0410003662109375, 0.067718505859375], [0.9051856994628906, 0.051605224609375, 0.043209075927734375], [0.8724784851074219, 0.06783676147460938, 0.05968475341796875], [0.8874015808105469, 0.0616455078125, 0.050952911376953125], [0.8873214721679688, 0.04387664794921875, 0.0688018798828125], [0.9052162170410156, 0.039005279541015625, 0.05577850341796875], [0.90740966796875, 0.030742645263671875, 0.061847686767578125]], "candidate_count": 3850, "candidate_scores_path": "/groups/echambe2/gmeng/MedAL-Agent/repo/code/runs/frozen_v5/candidate_scores/msd_task04_hippocampus__P1__s2000__r0.json", "predictions_path": "", "initial_labeled_path": "/groups/echambe2/gmeng/MedAL-Agent/repo/code/runs/frozen_v5/init_sets/msd_task04_hippocampus__s2000__n39.json", "initial_labeled_ids": ["hippocampus_001_s024", "hippocampus_025_s004", "hippocampus_035_s019", "hippocampus_042_s020", "hippocampus_046_s020", "hippocampus_091_s007", "hippocampus_091_s015", "hippocampus_109_s026", "hippocampus_127_s010", "hippocampus_127_s023", "hippocampus_133_s010", "hippocampus_143_s020", "hippocampus_150_s021", "hippocampus_157_s007", "hippocampus_161_s008", "hippocampus_162_s017", "hippocampus_173_s015", "hippocampus_177_s023", "hippocampus_181_s027", "hippocampus_190_s023", "hippocampus_194_s024", "hippocampus_220_s015", "hippocampus_220_s016", "hippocampus_229_s021", "hippocampus_265_s014", "hippocampus_287_s013", "hippocampus_292_s006", "hippocampus_295_s013", "hippocampus_296_s019", "hippocampus_298_s021", "hippocampus_335_s017", "hippocampus_340_s027", "hippocampus_349_s022", "hippocampus_350_s025", "hippocampus_352_s013", "hippocampus_359_s010", "hippocampus_374_s015", "hippocampus_374_s031", "hippocampus_390_s029"], "selection_diagnostics": {}, "training": {"num_iters": 1000, "batch_size": 12, "lr": 0.001, "image_size": 512, "aspect_preserve": true, "resolution_policy": "longside_pad32", "preproc_cache": {"pool": "hit", "val": "hit"}, "train_runtime_sec": 908.352463722229, "query_runtime_sec": 71.01293873786926, "iters": 2300, "stop_iter": 2300, "mean_loss": 0.1354219970092906, "last_loss": 0.006567015312612057, "stop_reason": "plateau", "hit_max_iters": false, "final_smooth_loss": 0.009359424677677452, "best_smooth_loss": 0.009161000237800181, "diverged": false, "loss_curve": [[1000, 0.04154890798032284], [1100, 0.03278180621564388], [1200, 0.02929908087477088], [1300, 0.020583962853997946], [1400, 0.01750228405930102], [1500, 0.01474543391726911], [1600, 0.011639995397999883], [1700, 0.010606527789495885], [1800, 0.009161000237800181], [1900, 0.007784900953993201], [2000, 0.05355131159536541], [2100, 0.08253739039413631], [2200, 0.012825464699417352], [2300, 0.009359424677677452]]}, "ckpt_id": "msd_task04_hippocampus__P1__s2000__r0", "ckpt_path": "", "ckpt_hash": "7e37f5a7026e5367f45f0f4e1d616d256d11d225fe99c0dc45d12c372739d7f4", "config_hash": "1fcfd428dee85330d47374410c0355f454cb2ead241715eb551a1ac516c5caf8", "feature_cache_keys": {}, "sam_model_type": "", "sam_checkpoint": "", "metrics": {"primary_metric": "mean_dsc_fg_case_macro", "metric_version": "v3_case_macro", "eval_scope": "case_retained_slices", "mean_dsc_fg_case_macro": 0.6528987277275513, "mean_dsc_fg": 0.6528987277275513, "mean_dsc_fg_pooled_diagnostic": 0.6613844703776348, "dsc_per_class_pooled": [0.9851598394521848, 0.6408841522605231, 0.6818847884947467], "dsc_per_class": [0.9851598394521848, 0.6408841522605231, 0.6818847884947467], "n_cases": 22, "n_eval": 480, "structure_detection_rate": 1.0, "missed_structure_rate": 0.0}, "runtime_sec": {"train": 908.352463722229, "eval": 7.078960657119751, "select": 71.01293873786926}, "gpu_mem_mb": 9368.62208, "gpu_name": "NVIDIA A40", "gpu_total_mem_mb": 47960.489984, "foundation": {}, "notes": ""}
{"schema_version": "v3", "run_id": "msd_task04_hippocampus__P1__s2000", "round": 1, "dataset": "msd_task04_hippocampus", "modality": "mri", "target": "hippocampus_anterior", "dim": "3d", "query_unit": "slice", "seed": 2000, "round_seed": 2001, "component_seeds": {"model_init_seed": 4092542587, "loader_seed": 4022314598, "query_seed": 1275594993, "dropout_seed": 1443935428}, "total_rounds": 7, "budget_denominator": {"full_train_N": 3889, "requested_pool_cap": 5000, "actual_AL_pool_N": 3889, "budget_plan": [39, 78, 156, 273, 389, 584, 778], "fraction_of_AL_pool": 0.2000514271020828, "fraction_of_full_train": 0.2000514271020828}, "policy_id": "P1", "policy_name": "EntropyFull", "method_version": "1.0", "is_ablation": false, "policy_config": {}, "cumulative_budget": 78, "incremental_query_count": 78, "labeled_count": 78, "labeled_ratio": 0.020056569812291078, "selected_ids": ["hippocampus_243_s017", "hippocampus_251_s018", "hippocampus_328_s019", "hippocampus_328_s012", "hippocampus_199_s016", "hippocampus_251_s020", "hippocampus_251_s019", "hippocampus_251_s008", "hippocampus_243_s009", "hippocampus_160_s020", "hippocampus_243_s012", "hippocampus_160_s019", "hippocampus_375_s016", "hippocampus_243_s011", "hippocampus_261_s016", "hippocampus_251_s021", "hippocampus_292_s012", "hippocampus_261_s015", "hippocampus_383_s018", "hippocampus_383_s017", "hippocampus_243_s019", "hippocampus_292_s013", "hippocampus_160_s015", "hippocampus_160_s016", "hippocampus_292_s015", "hippocampus_160_s018", "hippocampus_160_s017", "hippocampus_199_s018", "hippocampus_328_s018", "hippocampus_390_s013", "hippocampus_199_s013", "hippocampus_389_s010", "hippocampus_243_s016", "hippocampus_225_s010", "hippocampus_199_s019", "hippocampus_199_s017", "hippocampus_199_s010", "hippocampus_190_s013", "hippocampus_328_s017", "hippocampus_292_s011", "hippocampus_199_s015", "hippocampus_251_s023", "hippocampus_243_s018", "hippocampus_333_s011", "hippocampus_160_s012", "hippocampus_375_s015", "hippocampus_251_s015", "hippocampus_297_s014", "hippocampus_060_s014", "hippocampus_199_s011", "hippocampus_328_s008", "hippocampus_376_s014", "hippocampus_199_s012", "hippocampus_328_s022", "hippocampus_243_s008", "hippocampus_160_s013", "hippocampus_173_s020", "hippocampus_308_s011", "hippocampus_243_s013", "hippocampus_173_s019", "hippocampus_372_s015", "hippocampus_171_s019", "hippocampus_299_s014", "hippocampus_101_s019", "hippocampus_160_s008", "hippocampus_330_s013", "hippocampus_225_s017", "hippocampus_292_s010", "hippocampus_251_s013", "hippocampus_328_s015", "hippocampus_243_s020", "hippocampus_199_s021", "hippocampus_243_s015", "hippocampus_302_s015", "hippocampus_251_s014", "hippocampus_251_s022", "hippocampus_199_s022", "hippocampus_235_s010"], "selected_scores": [0.0103072514757514, 0.009366719052195549, 0.00907444953918457, 0.008722437545657158, 0.008309434168040752, 0.008255335502326488, 0.00816856138408184, 0.008099705912172794, 0.007887336425483227, 0.007883993908762932, 0.007802897598594427, 0.00769252423197031, 0.00762582803145051, 0.007621999364346266, 0.007571416907012463, 0.007498116698116064, 0.0074135004542768, 0.00729017099365592, 0.007246057037264109, 0.007202222477644682, 0.007200613152235746, 0.007189589086920023, 0.007160851266235113, 0.007097411435097456, 0.007057515438646078, 0.007036793045699596, 0.0070305452682077885, 0.007028782274574041, 0.006991088390350342, 0.006934444885700941, 0.006920781452208757, 0.006917258258908987, 0.006878998596221209, 0.006864515598863363, 0.006860766094177961, 0.006827089004218578, 0.006791142746806145, 0.0067885625176131725, 0.006667825859040022, 0.006631095428019762, 0.006612597033381462, 0.00655159680172801, 0.006549414247274399, 0.006545959040522575, 0.006542834918946028, 0.006509615574032068, 0.006508360616862774, 0.0065025342628359795, 0.006501737982034683, 0.006500013172626495, 0.00647349888458848, 0.006382415536791086, 0.006350768264383078, 0.0063430024310946465, 0.006322101224213839, 0.0063207498751580715, 0.006317023187875748, 0.006314591970294714, 0.006298423744738102, 0.006249288097023964, 0.006243179552257061, 0.006233257241547108, 0.006230591796338558, 0.006167303770780563, 0.006160273216664791, 0.006157876458019018, 0.006137010641396046, 0.006128663197159767, 0.006127542350441217, 0.00607812637463212, 0.00606106873601675, 0.006056934595108032, 0.006040924694389105, 0.006033346988260746, 0.006029271986335516, 0.006007033865898848, 0.0060028135776519775, 0.00599826592952013], "selected_pred_fg_ratio": [0.05899810791015625, 0.06699371337890625, 0.07065963745117188, 0.07614898681640625, 0.057361602783203125, 0.059967041015625, 0.06744766235351562, 0.02292633056640625, 0.0614013671875, 0.06440353393554688, 0.0532989501953125, 0.06778717041015625, 0.08755874633789062, 0.051464080810546875, 0.0777130126953125, 0.0646514892578125, 0.08549880981445312, 0.075225830078125, 0.06823348999023438, 0.06658172607421875, 0.04604339599609375, 0.08280563354492188, 0.07506179809570312, 0.08563232421875, 0.06531906127929688, 0.0753326416015625, 0.0790863037109375, 0.06868743896484375, 0.07354354858398438, 0.08890914916992188, 0.0577392578125, 0.08959579467773438, 0.05921173095703125, 0.0633392333984375, 0.061954498291015625, 0.06959152221679688, 0.04769134521484375, 0.07332992553710938, 0.07340240478515625, 0.087554931640625, 0.052581787109375, 0.04444122314453125, 0.058635711669921875, 0.077423095703125, 0.0726165771484375, 0.08059310913085938, 0.06546783447265625, 0.06647872924804688, 0.0663604736328125, 0.045490264892578125, 0.0310211181640625, 0.0816802978515625, 0.052547454833984375, 0.047107696533203125, 0.043426513671875, 0.060943603515625, 0.07293319702148438, 0.10156631469726562, 0.047393798828125, 0.08871078491210938, 0.07925796508789062, 0.06631088256835938, 0.08483123779296875, 0.07120132446289062, 0.04929351806640625, 0.08417510986328125, 0.059726715087890625, 0.0795135498046875, 0.0540313720703125, 0.07487106323242188, 0.04175567626953125, 0.045223236083984375, 0.054073333740234375, 0.10488510131835938, 0.06079864501953125, 0.04582977294921875, 0.035472869873046875, 0.04486846923828125], "selected_pred_class_dist": [[0.9410018920898438, 0.0205535888671875, 0.03844451904296875], [0.9330062866210938, 0.027675628662109375, 0.039318084716796875], [0.9293403625488281, 0.0370635986328125, 0.033596038818359375], [0.9238510131835938, 0.023151397705078125, 0.052997589111328125], [0.9426383972167969, 0.020992279052734375, 0.03636932373046875], [0.940032958984375, 0.0367889404296875, 0.0231781005859375], [0.9325523376464844, 0.034759521484375, 0.032688140869140625], [0.9770736694335938, 0.01045989990234375, 0.0124664306640625], [0.9385986328125, 0.028446197509765625, 0.032955169677734375], [0.9355964660644531, 0.03025054931640625, 0.034152984619140625], [0.9467010498046875, 0.020282745361328125, 0.033016204833984375], [0.9322128295898438, 0.0307159423828125, 0.03707122802734375], [0.9124412536621094, 0.04116058349609375, 0.046398162841796875], [0.9485359191894531, 0.01674652099609375, 0.034717559814453125], [0.9222869873046875, 0.037815093994140625, 0.039897918701171875], [0.9353485107421875, 0.032596588134765625, 0.032054901123046875], [0.9145011901855469, 0.030071258544921875, 0.05542755126953125], [0.924774169921875, 0.03342437744140625, 0.04180145263671875], [0.9317665100097656, 0.030063629150390625, 0.03816986083984375], [0.9334182739257812, 0.033538818359375, 0.03304290771484375], [0.9539566040039062, 0.027385711669921875, 0.018657684326171875], [0.9171943664550781, 0.035709381103515625, 0.04709625244140625], [0.9249382019042969, 0.036502838134765625, 0.0385589599609375], [0.91436767578125, 0.0475006103515625, 0.0381317138671875], [0.9346809387207031, 0.035350799560546875, 0.02996826171875], [0.9246673583984375, 0.038425445556640625, 0.036907196044921875], [0.9209136962890625, 0.046443939208984375, 0.032642364501953125], [0.9313125610351562, 0.03209686279296875, 0.036590576171875], [0.9264564514160156, 0.042919158935546875, 0.0306243896484375], [0.9110908508300781, 0.0490570068359375, 0.039852142333984375], [0.9422607421875, 0.019588470458984375, 0.038150787353515625], [0.9104042053222656, 0.03798675537109375, 0.051609039306640625], [0.9407882690429688, 0.027378082275390625, 0.031833648681640625], [0.9366607666015625, 0.017120361328125, 0.0462188720703125], [0.9380455017089844, 0.02292633056640625, 0.039028167724609375], [0.9304084777832031, 0.026844024658203125, 0.04274749755859375], [0.9523086547851562, 0.01312255859375, 0.03456878662109375], [0.9266700744628906, 0.0353546142578125, 0.037975311279296875], [0.9265975952148438, 0.037570953369140625, 0.035831451416015625], [0.912445068359375, 0.02577972412109375, 0.06177520751953125], [0.947418212890625, 0.018665313720703125, 0.033916473388671875], [0.9555587768554688, 0.02086639404296875, 0.0235748291015625], [0.9413642883300781, 0.029735565185546875, 0.028900146484375], [0.922576904296875, 0.03496551513671875, 0.04245758056640625], [0.9273834228515625, 0.0407562255859375, 0.0318603515625], [0.9194068908691406, 0.031276702880859375, 0.04931640625], [0.9345321655273438, 0.03314208984375, 0.03232574462890625], [0.9335212707519531, 0.032718658447265625, 0.03376007080078125], [0.9336395263671875, 0.024646759033203125, 0.041713714599609375], [0.9545097351074219, 0.00939178466796875, 0.036098480224609375], [0.9689788818359375, 0.005786895751953125, 0.025234222412109375], [0.9183197021484375, 0.026683807373046875, 0.054996490478515625], [0.9474525451660156, 0.01535797119140625, 0.037189483642578125], [0.9528923034667969, 0.03141021728515625, 0.015697479248046875], [0.956573486328125, 0.011814117431640625, 0.031612396240234375], [0.939056396484375, 0.035579681396484375, 0.025363922119140625], [0.9270668029785156, 0.028934478759765625, 0.04399871826171875], [0.8984336853027344, 0.034084320068359375, 0.06748199462890625], [0.952606201171875, 0.0135650634765625, 0.0338287353515625], [0.9112892150878906, 0.0403900146484375, 0.048320770263671875], [0.9207420349121094, 0.03540802001953125, 0.043849945068359375], [0.9336891174316406, 0.022235870361328125, 0.04407501220703125], [0.9151687622070312, 0.041690826416015625, 0.043140411376953125], [0.9287986755371094, 0.0409393310546875, 0.030261993408203125], [0.9507064819335938, 0.018585205078125, 0.03070831298828125], [0.9158248901367188, 0.035003662109375, 0.04917144775390625], [0.9402732849121094, 0.02603912353515625, 0.033687591552734375], [0.9204864501953125, 0.030345916748046875, 0.049167633056640625], [0.9459686279296875, 0.022838592529296875, 0.031192779541015625], [0.9251289367675781, 0.02762603759765625, 0.047245025634765625], [0.9582443237304688, 0.019001007080078125, 0.022754669189453125], [0.9547767639160156, 0.011074066162109375, 0.034149169921875], [0.9459266662597656, 0.024089813232421875, 0.0299835205078125], [0.8951148986816406, 0.049015045166015625, 0.05587005615234375], [0.9392013549804688, 0.03313446044921875, 0.0276641845703125], [0.9541702270507812, 0.02556610107421875, 0.020263671875], [0.9645271301269531, 0.01465606689453125, 0.020816802978515625], [0.9551315307617188, 0.013088226318359375, 0.031780242919921875]], "candidate_count": 3811, "candidate_scores_path": "/groups/echambe2/gmeng/MedAL-Agent/repo/code/runs/frozen_v5/candidate_scores/msd_task04_hippocampus__P1__s2000__r1.json", "predictions_path": "", "initial_labeled_path": "/groups/echambe2/gmeng/MedAL-Agent/repo/code/runs/frozen_v5/init_sets/msd_task04_hippocampus__s2000__n39.json", "initial_labeled_ids": [], "selection_diagnostics": {}, "training": {"num_iters": 1000, "batch_size": 12, "lr": 0.001, "image_size": 512, "aspect_preserve": true, "resolution_policy": "longside_pad32", "preproc_cache": {"pool": "hit", "val": "hit"}, "train_runtime_sec": 1580.1564192771912, "query_runtime_sec": 71.15567517280579, "iters": 4000, "stop_iter": 4000, "mean_loss": 0.1324822331838077, "last_loss": 0.003941456787288189, "stop_reason": "plateau", "hit_max_iters": false, "final_smooth_loss": 0.00438864944735542, "best_smooth_loss": 0.007174935871735216, "diverged": false, "loss_curve": [[1000, 0.10126470685005189], [1100, 0.1033880688995123], [1200, 0.08320129007101058], [1300, 0.07183367561548948], [1400, 0.06443740177899598], [1500, 0.057647185400128365], [1600, 0.05426837466657162], [1700, 0.046087612099945545], [1800, 0.03976480171084404], [1900, 0.04199432687833905], [2000, 0.03816033836454153], [2100, 0.029336362592875958], [2200, 0.025240226164460183], [2300, 0.02384480208158493], [2400, 0.020791955254971982], [2500, 0.018248318787664176], [2600, 0.016262392196804285], [2700, 0.05972266238182783], [2800, 0.024573381142690778], [2900, 0.014740281933918596], [3000, 0.012259356547147035], [3100, 0.012506313817575575], [3200, 0.011183784818276763], [3300, 0.009037286178208887], [3400, 0.008019004329107703], [3500, 0.007174935871735216], [3600, 0.006719486997462809], [3700, 0.00581561682280153], [3800, 0.005502242683432996], [3900, 0.0048890616255812345], [4000, 0.00438864944735542]]}, "ckpt_id": "msd_task04_hippocampus__P1__s2000__r1", "ckpt_path": "", "ckpt_hash": "ef21d25414d3f7cc76d1c716d16379df60843d62b3d6081f6203c89fdcade89f", "config_hash": "1fcfd428dee85330d47374410c0355f454cb2ead241715eb551a1ac516c5caf8", "feature_cache_keys": {}, "sam_model_type": "", "sam_checkpoint": "", "metrics": {"primary_metric": "mean_dsc_fg_case_macro", "metric_version": "v3_case_macro", "eval_scope": "case_retained_slices", "mean_dsc_fg_case_macro": 0.7048416825174536, "mean_dsc_fg": 0.7048416825174536, "mean_dsc_fg_pooled_diagnostic": 0.7182621346712013, "dsc_per_class_pooled": [0.9873457621579236, 0.6899037617567088, 0.7466205075856936], "dsc_per_class": [0.9873457621579236, 0.6899037617567088, 0.7466205075856936], "n_cases": 22, "n_eval": 480, "structure_detection_rate": 1.0, "missed_structure_rate": 0.0}, "runtime_sec": {"train": 1580.1564192771912, "eval": 6.902477741241455, "select": 71.15567517280579}, "gpu_mem_mb": 9417.150464, "gpu_name": "NVIDIA A40", "gpu_total_mem_mb": 47960.489984, "foundation": {}, "notes": ""}
