{"schema_version": "v3", "run_id": "msd_task04_hippocampus__P5__s2000", "round": 0, "dataset": "msd_task04_hippocampus", "modality": "mri", "target": "hippocampus_anterior", "dim": "3d", "query_unit": "slice", "seed": 2000, "round_seed": 2000, "component_seeds": {"model_init_seed": 1733582241, "loader_seed": 3333593949, "query_seed": 2915079519, "dropout_seed": 1768907296}, "total_rounds": 7, "budget_denominator": {"full_train_N": 3889, "requested_pool_cap": 5000, "actual_AL_pool_N": 3889, "budget_plan": [39, 78, 156, 273, 389, 584, 778], "fraction_of_AL_pool": 0.2000514271020828, "fraction_of_full_train": 0.2000514271020828}, "policy_id": "P5", "policy_name": "EntropyCoreSet", "method_version": "1.0", "is_ablation": false, "policy_config": {}, "cumulative_budget": 39, "incremental_query_count": 39, "labeled_count": 39, "labeled_ratio": 0.010028284906145539, "selected_ids": ["hippocampus_171_s006", "hippocampus_142_s007", "hippocampus_067_s015", "hippocampus_056_s011", "hippocampus_178_s010", "hippocampus_220_s008", "hippocampus_368_s010", "hippocampus_199_s011", "hippocampus_141_s006", "hippocampus_125_s014", "hippocampus_297_s012", "hippocampus_336_s009", "hippocampus_142_s022", "hippocampus_326_s014", "hippocampus_337_s019", "hippocampus_077_s021", "hippocampus_142_s014", "hippocampus_316_s006", "hippocampus_138_s007", "hippocampus_294_s024", "hippocampus_224_s012", "hippocampus_008_s006", "hippocampus_067_s024", "hippocampus_020_s009", "hippocampus_106_s016", "hippocampus_114_s010", "hippocampus_074_s009", "hippocampus_376_s012", "hippocampus_251_s018", "hippocampus_368_s019", "hippocampus_188_s012", "hippocampus_141_s024", "hippocampus_141_s010", "hippocampus_160_s011", "hippocampus_017_s016", "hippocampus_133_s006", "hippocampus_294_s012", "hippocampus_077_s008", "hippocampus_385_s009"], "selected_scores": [0.007628363091498613, 0.008600138127803802, 0.008121363818645477, 0.007116354536265135, 0.00905227568000555, 0.009131662547588348, 0.007722953800112009, 0.007190320640802383, 0.012824979610741138, 0.010577111504971981, 0.008446015417575836, 0.007637692149728537, 0.007779769599437714, 0.008664860390126705, 0.009638745337724686, 0.00742087559774518, 0.008808468468487263, 0.007834088988602161, 0.007624618709087372, 0.0101295942440629, 0.00842222012579441, 0.007533743977546692, 0.008433790877461433, 0.008348376490175724, 0.008941393345594406, 0.007423995994031429, 0.0075207920745015144, 0.007475848775357008, 0.007823171094059944, 0.007820948958396912, 0.007690489757806063, 0.008703031577169895, 0.015429776161909103, 0.007268514484167099, 0.007611236069351435, 0.009436815045773983, 0.009582002647221088, 0.01172760222107172, 0.007156042847782373], "selected_pred_fg_ratio": [0.04364776611328125, 0.1005706787109375, 0.11236572265625, 0.08971786499023438, 0.11637496948242188, 0.09619522094726562, 0.08736038208007812, 0.042255401611328125, 0.08811187744140625, 0.09942245483398438, 0.06522369384765625, 0.0741729736328125, 0.07735443115234375, 0.108856201171875, 0.09481430053710938, 0.0526275634765625, 0.10956954956054688, 0.053844451904296875, 0.07154464721679688, 0.0824432373046875, 0.11025238037109375, 0.0760955810546875, 0.06613922119140625, 0.09679031372070312, 0.0689849853515625, 0.03430938720703125, 0.059650421142578125, 0.08243942260742188, 0.052165985107421875, 0.0891265869140625, 0.07453536987304688, 0.0566558837890625, 0.13718414306640625, 0.06669235229492188, 0.061420440673828125, 0.09478378295898438, 0.12752151489257812, 0.1237030029296875, 0.09327316284179688], "selected_pred_class_dist": [[0.9563522338867188, 0.011295318603515625, 0.032352447509765625], [0.8994293212890625, 0.056407928466796875, 0.044162750244140625], [0.88763427734375, 0.05550384521484375, 0.05686187744140625], [0.9102821350097656, 0.031093597412109375, 0.058624267578125], [0.8836250305175781, 0.0628509521484375, 0.053524017333984375], [0.9038047790527344, 0.04583740234375, 0.050357818603515625], [0.9126396179199219, 0.023715972900390625, 0.0636444091796875], [0.9577445983886719, 0.023685455322265625, 0.0185699462890625], [0.9118881225585938, 0.042934417724609375, 0.045177459716796875], [0.9005775451660156, 0.06610488891601562, 0.03331756591796875], [0.9347763061523438, 0.028491973876953125, 0.036731719970703125], [0.9258270263671875, 0.031276702880859375, 0.042896270751953125], [0.9226455688476562, 0.0441436767578125, 0.03321075439453125], [0.891143798828125, 0.059192657470703125, 0.049663543701171875], [0.9051856994628906, 0.051605224609375, 0.043209075927734375], [0.9473724365234375, 0.0340728759765625, 0.0185546875], [0.8904304504394531, 0.06618118286132812, 0.04338836669921875], [0.9461555480957031, 0.029743194580078125, 0.02410125732421875], [0.9284553527832031, 0.036174774169921875, 0.035369873046875], [0.9175567626953125, 0.044139862060546875, 0.038303375244140625], [0.8897476196289062, 0.050678253173828125, 0.059574127197265625], [0.9239044189453125, 0.05291748046875, 0.0231781005859375], [0.9338607788085938, 0.041721343994140625, 0.024417877197265625], [0.9032096862792969, 0.051544189453125, 0.045246124267578125], [0.9310150146484375, 0.0406036376953125, 0.02838134765625], [0.9656906127929688, 0.016551971435546875, 0.017757415771484375], [0.9403495788574219, 0.033740997314453125, 0.025909423828125], [0.9175605773925781, 0.0350799560546875, 0.047359466552734375], [0.9478340148925781, 0.034801483154296875, 0.017364501953125], [0.9108734130859375, 0.053379058837890625, 0.035747528076171875], [0.9254646301269531, 0.017791748046875, 0.056743621826171875], [0.9433441162109375, 0.040798187255859375, 0.015857696533203125], [0.8628158569335938, 0.055164337158203125, 0.08201980590820312], [0.9333076477050781, 0.039569854736328125, 0.02712249755859375], [0.9385795593261719, 0.034145355224609375, 0.02727508544921875], [0.9052162170410156, 0.039005279541015625, 0.05577850341796875], [0.8724784851074219, 0.06783676147460938, 0.05968475341796875], [0.8762969970703125, 0.06937026977539062, 0.054332733154296875], [0.9067268371582031, 0.038143157958984375, 0.0551300048828125]], "candidate_count": 3850, "candidate_scores_path": "/groups/echambe2/gmeng/MedAL-Agent/repo/code/runs/frozen_v5/candidate_scores/msd_task04_hippocampus__P5__s2000__r0.json", "predictions_path": "", "initial_labeled_path": "/groups/echambe2/gmeng/MedAL-Agent/repo/code/runs/frozen_v5/init_sets/msd_task04_hippocampus__s2000__n39.json", "initial_labeled_ids": ["hippocampus_001_s024", "hippocampus_025_s004", "hippocampus_035_s019", "hippocampus_042_s020", "hippocampus_046_s020", "hippocampus_091_s007", "hippocampus_091_s015", "hippocampus_109_s026", "hippocampus_127_s010", "hippocampus_127_s023", "hippocampus_133_s010", "hippocampus_143_s020", "hippocampus_150_s021", "hippocampus_157_s007", "hippocampus_161_s008", "hippocampus_162_s017", "hippocampus_173_s015", "hippocampus_177_s023", "hippocampus_181_s027", "hippocampus_190_s023", "hippocampus_194_s024", "hippocampus_220_s015", "hippocampus_220_s016", "hippocampus_229_s021", "hippocampus_265_s014", "hippocampus_287_s013", "hippocampus_292_s006", "hippocampus_295_s013", "hippocampus_296_s019", "hippocampus_298_s021", "hippocampus_335_s017", "hippocampus_340_s027", "hippocampus_349_s022", "hippocampus_350_s025", "hippocampus_352_s013", "hippocampus_359_s010", "hippocampus_374_s015", "hippocampus_374_s031", "hippocampus_390_s029"], "selection_diagnostics": {}, "training": {"num_iters": 1000, "batch_size": 12, "lr": 0.001, "image_size": 512, "aspect_preserve": true, "resolution_policy": "longside_pad32", "preproc_cache": {"pool": "hit", "val": "hit"}, "train_runtime_sec": 911.4160299301147, "query_runtime_sec": 72.68531227111816, "iters": 2300, "stop_iter": 2300, "mean_loss": 0.1354219970092906, "last_loss": 0.006567015312612057, "stop_reason": "plateau", "hit_max_iters": false, "final_smooth_loss": 0.009359424677677452, "best_smooth_loss": 0.009161000237800181, "diverged": false, "loss_curve": [[1000, 0.04154890798032284], [1100, 0.03278180621564388], [1200, 0.02929908087477088], [1300, 0.020583962853997946], [1400, 0.01750228405930102], [1500, 0.01474543391726911], [1600, 0.011639995397999883], [1700, 0.010606527789495885], [1800, 0.009161000237800181], [1900, 0.007784900953993201], [2000, 0.05355131159536541], [2100, 0.08253739039413631], [2200, 0.012825464699417352], [2300, 0.009359424677677452]]}, "ckpt_id": "msd_task04_hippocampus__P5__s2000__r0", "ckpt_path": "", "ckpt_hash": "7e37f5a7026e5367f45f0f4e1d616d256d11d225fe99c0dc45d12c372739d7f4", "config_hash": "1fcfd428dee85330d47374410c0355f454cb2ead241715eb551a1ac516c5caf8", "feature_cache_keys": {"task_unet": "task_unet_bottleneck@7e37f5a7026e"}, "sam_model_type": "", "sam_checkpoint": "", "metrics": {"primary_metric": "mean_dsc_fg_case_macro", "metric_version": "v3_case_macro", "eval_scope": "case_retained_slices", "mean_dsc_fg_case_macro": 0.6528987277275513, "mean_dsc_fg": 0.6528987277275513, "mean_dsc_fg_pooled_diagnostic": 0.6613844703776348, "dsc_per_class_pooled": [0.9851598394521848, 0.6408841522605231, 0.6818847884947467], "dsc_per_class": [0.9851598394521848, 0.6408841522605231, 0.6818847884947467], "n_cases": 22, "n_eval": 480, "structure_detection_rate": 1.0, "missed_structure_rate": 0.0}, "runtime_sec": {"train": 911.4160299301147, "eval": 6.825974464416504, "select": 72.68531227111816}, "gpu_mem_mb": 9368.62208, "gpu_name": "NVIDIA A40", "gpu_total_mem_mb": 47960.489984, "foundation": {}, "notes": ""}
{"schema_version": "v3", "run_id": "msd_task04_hippocampus__P5__s2000", "round": 1, "dataset": "msd_task04_hippocampus", "modality": "mri", "target": "hippocampus_anterior", "dim": "3d", "query_unit": "slice", "seed": 2000, "round_seed": 2001, "component_seeds": {"model_init_seed": 4092542587, "loader_seed": 4022314598, "query_seed": 1275594993, "dropout_seed": 1443935428}, "total_rounds": 7, "budget_denominator": {"full_train_N": 3889, "requested_pool_cap": 5000, "actual_AL_pool_N": 3889, "budget_plan": [39, 78, 156, 273, 389, 584, 778], "fraction_of_AL_pool": 0.2000514271020828, "fraction_of_full_train": 0.2000514271020828}, "policy_id": "P5", "policy_name": "EntropyCoreSet", "method_version": "1.0", "is_ablation": false, "policy_config": {}, "cumulative_budget": 78, "incremental_query_count": 78, "labeled_count": 78, "labeled_ratio": 0.020056569812291078, "selected_ids": ["hippocampus_243_s009", "hippocampus_328_s017", "hippocampus_243_s008", "hippocampus_243_s019", "hippocampus_353_s009", "hippocampus_328_s011", "hippocampus_251_s009", "hippocampus_088_s010", "hippocampus_366_s009", "hippocampus_166_s008", "hippocampus_199_s019", "hippocampus_330_s006", "hippocampus_261_s022", "hippocampus_033_s010", "hippocampus_171_s021", "hippocampus_227_s020", "hippocampus_310_s009", "hippocampus_320_s007", "hippocampus_325_s014", "hippocampus_067_s018", "hippocampus_011_s008", "hippocampus_331_s018", "hippocampus_173_s019", "hippocampus_225_s017", "hippocampus_360_s019", "hippocampus_319_s017", "hippocampus_251_s008", "hippocampus_150_s008", "hippocampus_268_s007", "hippocampus_133_s014", "hippocampus_243_s016", "hippocampus_175_s020", "hippocampus_301_s014", "hippocampus_087_s010", "hippocampus_243_s014", "hippocampus_033_s008", "hippocampus_352_s010", "hippocampus_390_s023", "hippocampus_025_s018", "hippocampus_224_s009", "hippocampus_243_s011", "hippocampus_381_s016", "hippocampus_181_s018", "hippocampus_352_s009", "hippocampus_067_s020", "hippocampus_171_s017", "hippocampus_011_s020", "hippocampus_294_s015", "hippocampus_075_s012", "hippocampus_337_s015", "hippocampus_166_s012", "hippocampus_001_s008", "hippocampus_337_s017", "hippocampus_308_s009", "hippocampus_050_s021", "hippocampus_017_s010", "hippocampus_298_s005", "hippocampus_127_s014", "hippocampus_060_s016", "hippocampus_383_s009", "hippocampus_133_s018", "hippocampus_335_s006", "hippocampus_292_s013", "hippocampus_114_s017", "hippocampus_261_s009", "hippocampus_067_s009", "hippocampus_017_s022", "hippocampus_096_s010", "hippocampus_280_s014", "hippocampus_381_s017", "hippocampus_276_s009", "hippocampus_174_s014", "hippocampus_337_s008", "hippocampus_235_s010", "hippocampus_225_s010", "hippocampus_114_s013", "hippocampus_077_s014", "hippocampus_165_s020"], "selected_scores": [0.010021266527473927, 0.007670219521969557, 0.007592301815748215, 0.006550464779138565, 0.005061828065663576, 0.007662291172891855, 0.005807887297123671, 0.005080046132206917, 0.006804425735026598, 0.005844585597515106, 0.006177600473165512, 0.005465306341648102, 0.0052668084390461445, 0.00526344683021307, 0.0052159917540848255, 0.0050404793582856655, 0.00551948044449091, 0.0070600188337266445, 0.005406809039413929, 0.005627533886581659, 0.005718278232961893, 0.005997763480991125, 0.0054194387048482895, 0.005029128398746252, 0.005078466609120369, 0.0052276733331382275, 0.007433904334902763, 0.005121852271258831, 0.005538530647754669, 0.0055577694438397884, 0.0068506780080497265, 0.005170920398086309, 0.0058304378762841225, 0.006154482252895832, 0.005801815539598465, 0.006954407785087824, 0.005673645064234734, 0.005210337229073048, 0.005882743746042252, 0.005106322467327118, 0.006570643745362759, 0.005981351714581251, 0.005354276858270168, 0.005366832949221134, 0.005346197169274092, 0.005675570107996464, 0.005614419002085924, 0.005257345736026764, 0.005596788600087166, 0.00607270747423172, 0.005178207065910101, 0.0050853826105594635, 0.006780717521905899, 0.005217474419623613, 0.005223114509135485, 0.0050507765263319016, 0.005292715970426798, 0.005465551279485226, 0.006343472748994827, 0.005294743925333023, 0.005853922571986914, 0.005224163178354502, 0.006156426388770342, 0.005206757690757513, 0.0050403643399477005, 0.005271115805953741, 0.005028556101024151, 0.0069782729260623455, 0.005795680917799473, 0.006270976737141609, 0.005059653427451849, 0.005330514628440142, 0.005173794459551573, 0.006740488111972809, 0.005816393066197634, 0.005135408136993647, 0.006031455937772989, 0.006080604624003172], "selected_pred_fg_ratio": [0.05008697509765625, 0.07286453247070312, 0.047290802001953125, 0.042781829833984375, 0.07211685180664062, 0.07248687744140625, 0.02519989013671875, 0.0642852783203125, 0.08104705810546875, 0.057826995849609375, 0.05844879150390625, 0.0225677490234375, 0.0266571044921875, 0.10689926147460938, 0.022006988525390625, 0.045131683349609375, 0.08049774169921875, 0.01836395263671875, 0.10094070434570312, 0.09964370727539062, 0.04522705078125, 0.06687545776367188, 0.086334228515625, 0.051837921142578125, 0.06599807739257812, 0.047672271728515625, 0.023387908935546875, 0.042026519775390625, 0.05083465576171875, 0.10735321044921875, 0.06740951538085938, 0.0380706787109375, 0.097381591796875, 0.06439208984375, 0.06937026977539062, 0.08120346069335938, 0.04238128662109375, 0.04535675048828125, 0.08425140380859375, 0.08512496948242188, 0.06768035888671875, 0.09243392944335938, 0.09359359741210938, 0.03301239013671875, 0.09047317504882812, 0.07743072509765625, 0.057559967041015625, 0.10113525390625, 0.1028289794921875, 0.09032440185546875, 0.0843353271484375, 0.030818939208984375, 0.07574081420898438, 0.06800079345703125, 0.067962646484375, 0.09357070922851562, 0.01828765869140625, 0.09174728393554688, 0.07405853271484375, 0.06418991088867188, 0.08811569213867188, 0.030345916748046875, 0.0880126953125, 0.10341644287109375, 0.058013916015625, 0.024623870849609375, 0.025753021240234375, 0.08267593383789062, 0.07809829711914062, 0.07808303833007812, 0.07961654663085938, 0.0951080322265625, 0.035549163818359375, 0.03759002685546875, 0.05989837646484375, 0.08678436279296875, 0.09438323974609375, 0.045948028564453125], "selected_pred_class_dist": [[0.9499130249023438, 0.02020263671875, 0.02988433837890625], [0.9271354675292969, 0.036663055419921875, 0.03620147705078125], [0.9527091979980469, 0.01775360107421875, 0.029537200927734375], [0.9572181701660156, 0.02616119384765625, 0.016620635986328125], [0.9278831481933594, 0.0332183837890625, 0.038898468017578125], [0.9275131225585938, 0.02466583251953125, 0.047821044921875], [0.9748001098632812, 0.008380889892578125, 0.016819000244140625], [0.9357147216796875, 0.0183868408203125, 0.0458984375], [0.9189529418945312, 0.03636932373046875, 0.044677734375], [0.9421730041503906, 0.01458740234375, 0.043239593505859375], [0.9415512084960938, 0.026668548583984375, 0.031780242919921875], [0.9774322509765625, 0.006755828857421875, 0.015811920166015625], [0.9733428955078125, 0.0174102783203125, 0.009246826171875], [0.8931007385253906, 0.055393218994140625, 0.05150604248046875], [0.9779930114746094, 0.008777618408203125, 0.0132293701171875], [0.9548683166503906, 0.02074432373046875, 0.024387359619140625], [0.9195022583007812, 0.0493621826171875, 0.03113555908203125], [0.9816360473632812, 0.005889892578125, 0.01247406005859375], [0.8990592956542969, 0.048046112060546875, 0.05289459228515625], [0.9003562927246094, 0.041248321533203125, 0.0583953857421875], [0.95477294921875, 0.0143585205078125, 0.0308685302734375], [0.9331245422363281, 0.03515625, 0.031719207763671875], [0.913665771484375, 0.04555511474609375, 0.04077911376953125], [0.9481620788574219, 0.025768280029296875, 0.02606964111328125], [0.9340019226074219, 0.036449432373046875, 0.02954864501953125], [0.9523277282714844, 0.030132293701171875, 0.01753997802734375], [0.9766120910644531, 0.01558685302734375, 0.007801055908203125], [0.9579734802246094, 0.02973175048828125, 0.012294769287109375], [0.9491653442382812, 0.021514892578125, 0.02931976318359375], [0.8926467895507812, 0.033390045166015625, 0.07396316528320312], [0.9325904846191406, 0.0336151123046875, 0.033794403076171875], [0.9619293212890625, 0.020687103271484375, 0.017383575439453125], [0.902618408203125, 0.05094146728515625, 0.04644012451171875], [0.93560791015625, 0.0261688232421875, 0.0382232666015625], [0.9306297302246094, 0.027618408203125, 0.041751861572265625], [0.9187965393066406, 0.06073760986328125, 0.020465850830078125], [0.9576187133789062, 0.0318450927734375, 0.01053619384765625], [0.9546432495117188, 0.027400970458984375, 0.017955780029296875], [0.9157485961914062, 0.0500946044921875, 0.03415679931640625], [0.9148750305175781, 0.03672027587890625, 0.048404693603515625], [0.9323196411132812, 0.027912139892578125, 0.039768218994140625], [0.9075660705566406, 0.048534393310546875, 0.0438995361328125], [0.9064064025878906, 0.04541778564453125, 0.048175811767578125], [0.9669876098632812, 0.027423858642578125, 0.005588531494140625], [0.9095268249511719, 0.040927886962890625, 0.0495452880859375], [0.9225692749023438, 0.038799285888671875, 0.038631439208984375], [0.9424400329589844, 0.0286712646484375, 0.028888702392578125], [0.89886474609375, 0.042171478271484375, 0.058963775634765625], [0.8971710205078125, 0.04360198974609375, 0.05922698974609375], [0.9096755981445312, 0.0449676513671875, 0.04535675048828125], [0.9156646728515625, 0.0318145751953125, 0.052520751953125], [0.9691810607910156, 0.027553558349609375, 0.003265380859375], [0.9242591857910156, 0.031536102294921875, 0.0442047119140625], [0.9319992065429688, 0.02791595458984375, 0.0400848388671875], [0.932037353515625, 0.037433624267578125, 0.030529022216796875], [0.9064292907714844, 0.0422821044921875, 0.051288604736328125], [0.9817123413085938, 0.011962890625, 0.00632476806640625], [0.9082527160644531, 0.046783447265625, 0.044963836669921875], [0.9259414672851562, 0.034008026123046875, 0.040050506591796875], [0.9358100891113281, 0.024646759033203125, 0.03954315185546875], [0.9118843078613281, 0.041736602783203125, 0.04637908935546875], [0.9696540832519531, 0.0206146240234375, 0.009731292724609375], [0.9119873046875, 0.039943695068359375, 0.048069000244140625], [0.8965835571289062, 0.06477737426757812, 0.038639068603515625], [0.941986083984375, 0.029476165771484375, 0.028537750244140625], [0.9753761291503906, 0.017208099365234375, 0.007415771484375], [0.9742469787597656, 0.018218994140625, 0.007534027099609375], [0.9173240661621094, 0.0470428466796875, 0.035633087158203125], [0.9219017028808594, 0.03981781005859375, 0.038280487060546875], [0.9219169616699219, 0.04736328125, 0.030719757080078125], [0.9203834533691406, 0.0352020263671875, 0.044414520263671875], [0.9048919677734375, 0.055591583251953125, 0.039516448974609375], [0.9644508361816406, 0.014469146728515625, 0.02108001708984375], [0.9624099731445312, 0.00988006591796875, 0.0277099609375], [0.9401016235351562, 0.018497467041015625, 0.041400909423828125], [0.9132156372070312, 0.06444168090820312, 0.022342681884765625], [0.9056167602539062, 0.044586181640625, 0.04979705810546875], [0.9540519714355469, 0.021671295166015625, 0.0242767333984375]], "candidate_count": 3811, "candidate_scores_path": "/groups/echambe2/gmeng/MedAL-Agent/repo/code/runs/frozen_v5/candidate_scores/msd_task04_hippocampus__P5__s2000__r1.json", "predictions_path": "", "initial_labeled_path": "/groups/echambe2/gmeng/MedAL-Agent/repo/code/runs/frozen_v5/init_sets/msd_task04_hippocampus__s2000__n39.json", "initial_labeled_ids": [], "selection_diagnostics": {}, "training": {"num_iters": 1000, "batch_size": 12, "lr": 0.001, "image_size": 512, "aspect_preserve": true, "resolution_policy": "longside_pad32", "preproc_cache": {"pool": "hit", "val": "hit"}, "train_runtime_sec": 1463.759855747223, "query_runtime_sec": 92.17756128311157, "iters": 3700, "stop_iter": 3700, "mean_loss": 0.14932670191207245, "last_loss": 0.008750821463763714, "stop_reason": "plateau", "hit_max_iters": false, "final_smooth_loss": 0.010149046904407441, "best_smooth_loss": 0.01164139094762504, "diverged": false, "loss_curve": [[1000, 0.11439490593969821], [1100, 0.1011164952069521], [1200, 0.08477600000798702], [1300, 0.07388080663979053], [1400, 0.06591381881386042], [1500, 0.05809343960136175], [1600, 0.0535629453510046], [1700, 0.04758474804461002], [1800, 0.04451676331460476], [1900, 0.052396239265799525], [2000, 0.03735053168609739], [2100, 0.03093573994934559], [2200, 0.027024862281978132], [2300, 0.025568405613303185], [2400, 0.033613615613430736], [2500, 0.04246844626963139], [2600, 0.021082426849752665], [2700, 0.017315195687115193], [2800, 0.01567994914017618], [2900, 0.014798700464889408], [3000, 0.01538363984785974], [3100, 0.014426146345213055], [3200, 0.01164139094762504], [3300, 0.009823545641265809], [3400, 0.023139990903437137], [3500, 0.08992033245041967], [3600, 0.014094962617382406], [3700, 0.010149046904407441]]}, "ckpt_id": "msd_task04_hippocampus__P5__s2000__r1", "ckpt_path": "", "ckpt_hash": "8e940fe4bb86b799c6c75796d29b0603d424bc8a324b8010c8d67cd6a3f74dc0", "config_hash": "1fcfd428dee85330d47374410c0355f454cb2ead241715eb551a1ac516c5caf8", "feature_cache_keys": {"task_unet": "task_unet_bottleneck@8e940fe4bb86"}, "sam_model_type": "", "sam_checkpoint": "", "metrics": {"primary_metric": "mean_dsc_fg_case_macro", "metric_version": "v3_case_macro", "eval_scope": "case_retained_slices", "mean_dsc_fg_case_macro": 0.7256729488620886, "mean_dsc_fg": 0.7256729488620886, "mean_dsc_fg_pooled_diagnostic": 0.7365272830313732, "dsc_per_class_pooled": [0.9887521156203226, 0.7163320288991176, 0.7567225371636288], "dsc_per_class": [0.9887521156203226, 0.7163320288991176, 0.7567225371636288], "n_cases": 22, "n_eval": 480, "structure_detection_rate": 1.0, "missed_structure_rate": 0.0}, "runtime_sec": {"train": 1463.759855747223, "eval": 7.9985291957855225, "select": 92.17756128311157}, "gpu_mem_mb": 9417.150464, "gpu_name": "NVIDIA A40", "gpu_total_mem_mb": 47960.489984, "foundation": {}, "notes": ""}
