{"schema_version": "v3", "run_id": "msd_task03_liver__P6__s1000", "round": 0, "dataset": "msd_task03_liver", "modality": "ct", "target": "liver", "dim": "3d", "query_unit": "slice", "seed": 1000, "round_seed": 1000, "component_seeds": {"model_init_seed": 2989689681, "loader_seed": 4191542321, "query_seed": 2529548519, "dropout_seed": 3619692248}, "total_rounds": 7, "budget_denominator": {"full_train_N": 15643, "requested_pool_cap": 5000, "actual_AL_pool_N": 2500, "budget_plan": [25, 50, 100, 176, 250, 375, 500], "fraction_of_AL_pool": 0.2, "fraction_of_full_train": 0.031963178418461934}, "policy_id": "P6", "policy_name": "SelectiveUncertaintyAL", "method_version": "1.0", "is_ablation": false, "policy_config": {}, "cumulative_budget": 25, "incremental_query_count": 25, "labeled_count": 25, "labeled_ratio": 0.01, "selected_ids": ["liver_33_s216", "liver_117_s490", "liver_44_s168", "liver_117_s473", "liver_80_s136", "liver_117_s432", "liver_44_s167", "liver_117_s448", "liver_13_s299", "liver_117_s478", "liver_91_s218", "liver_117_s428", "liver_16_s281", "liver_117_s449", "liver_130_s358", "liver_117_s476", "liver_16_s296", "liver_40_s377", "liver_8_s334", "liver_117_s475", "liver_109_s288", "liver_117_s434", "liver_93_s265", "liver_30_s223", "liver_21_s266"], "selected_scores": [0.5777906179428101, 0.3509712815284729, 0.569736123085022, 0.35121873021125793, 0.5550996661186218, 0.350826621055603, 0.5559695363044739, 0.34959426522254944, 0.5481122732162476, 0.35156989097595215, 0.5446593165397644, 0.3496759533882141, 0.5455086827278137, 0.3486415147781372, 0.5429761409759521, 0.35064423084259033, 0.5408167839050293, 0.35102540254592896, 0.5403003096580505, 0.3487512171268463, 0.5376517176628113, 0.34461522102355957, 0.5311067700386047, 0.43222740292549133, 0.5266126394271851], "selected_pred_fg_ratio": [5.7220458984375e-05, 0.13187408447265625, 9.918212890625e-05, 0.14541244506835938, 0.0001068115234375, 0.12457656860351562, 7.62939453125e-06, 0.13974761962890625, 0.0001220703125, 0.14369964599609375, 1.9073486328125e-05, 0.11705780029296875, 0.0001983642578125, 0.14056777954101562, 0.000225067138671875, 0.14589309692382812, 0.000164031982421875, 0.029895782470703125, 1.1444091796875e-05, 0.14499664306640625, 0.00045013427734375, 0.1260833740234375, 6.103515625e-05, 0.0027618408203125, 0.000244140625], "selected_pred_class_dist": [[0.9999427795410156, 5.7220458984375e-05, 0.0], [0.8681259155273438, 0.12364959716796875, 0.0082244873046875], [0.9999008178710938, 9.918212890625e-05, 0.0], [0.8545875549316406, 0.13045501708984375, 0.014957427978515625], [0.9998931884765625, 0.0001068115234375, 0.0], [0.8754234313964844, 0.10448074340820312, 0.0200958251953125], [0.9999923706054688, 7.62939453125e-06, 0.0], [0.8602523803710938, 0.11795806884765625, 0.02178955078125], [0.9998779296875, 0.0001220703125, 0.0], [0.8563003540039062, 0.12969207763671875, 0.014007568359375], [0.9999809265136719, 1.9073486328125e-05, 0.0], [0.8829421997070312, 0.09985733032226562, 0.017200469970703125], [0.9998016357421875, 0.0001983642578125, 0.0], [0.8594322204589844, 0.11936187744140625, 0.021205902099609375], [0.9997749328613281, 0.000225067138671875, 0.0], [0.8541069030761719, 0.1309967041015625, 0.014896392822265625], [0.9998359680175781, 0.000164031982421875, 0.0], [0.9701042175292969, 0.029743194580078125, 0.000152587890625], [0.9999885559082031, 1.1444091796875e-05, 0.0], [0.8550033569335938, 0.13004302978515625, 0.01495361328125], [0.9995498657226562, 0.00045013427734375, 0.0], [0.8739166259765625, 0.10253143310546875, 0.02355194091796875], [0.99993896484375, 6.103515625e-05, 0.0], [0.9972381591796875, 0.001712799072265625, 0.001049041748046875], [0.999755859375, 0.000244140625, 0.0]], "candidate_count": 2475, "candidate_scores_path": "/groups/echambe2/gmeng/MedAL-Agent/repo/code/runs/frozen_v5/candidate_scores/msd_task03_liver__P6__s1000__r0.json", "predictions_path": "", "initial_labeled_path": "/groups/echambe2/gmeng/MedAL-Agent/repo/code/runs/frozen_v5/init_sets/msd_task03_liver__s1000__n25.json", "initial_labeled_ids": ["liver_101_s364", "liver_107_s460", "liver_109_s311", "liver_110_s521", "liver_111_s295", "liver_117_s440", "liver_119_s278", "liver_122_s250", "liver_127_s422", "liver_13_s400", "liver_14_s280", "liver_15_s281", "liver_21_s343", "liver_28_s458", "liver_30_s288", "liver_30_s405", "liver_30_s413", "liver_31_s255", "liver_31_s404", "liver_44_s203", "liver_47_s427", "liver_71_s084", "liver_93_s268", "liver_93_s493", "liver_98_s257"], "selection_diagnostics": {"selu_valid_intersected": true, "selu_target_frac": 0.04987224563956261, "selu_boundary_frac": 0.0004749567888211459, "selu_score_target_mean": 0.06571894139051437, "selu_score_boundary_mean": 0.6249251365661621}, "training": {"num_iters": 1000, "batch_size": 12, "lr": 0.001, "image_size": 512, "aspect_preserve": true, "resolution_policy": "longside_pad32", "preproc_cache": {"pool": "hit", "val": "hit"}, "train_runtime_sec": 1480.0357916355133, "query_runtime_sec": 74.94217419624329, "iters": 3800, "stop_iter": 3800, "mean_loss": 0.20769850580560925, "last_loss": 0.03689436987042427, "stop_reason": "plateau", "hit_max_iters": false, "final_smooth_loss": 0.058763496093451974, "best_smooth_loss": 0.05304753081873059, "diverged": false, "loss_curve": [[1000, 0.17997159175574778], [1100, 0.16610030584037305], [1200, 0.1723717464506626], [1300, 0.176796999797225], [1400, 0.16157849721610545], [1500, 0.15840756826102734], [1600, 0.18219376172870397], [1700, 0.1512213299050927], [1800, 0.15700546834617854], [1900, 0.15723616566509008], [2000, 0.14861077524721622], [2100, 0.13598191630095244], [2200, 0.19519212998449803], [2300, 0.14833508722484112], [2400, 0.16580487303435804], [2500, 0.13583810701966287], [2600, 0.10698373895138502], [2700, 0.12164376605302095], [2800, 0.08228980995714665], [2900, 0.06610577328130603], [3000, 0.08108313594013453], [3100, 0.07191512059420348], [3200, 0.05942306539043784], [3300, 0.05304753081873059], [3400, 0.05154827918857336], [3500, 0.06766387775540351], [3600, 0.07123266346752644], [3700, 0.08541765868663788], [3800, 0.058763496093451974]]}, "ckpt_id": "msd_task03_liver__P6__s1000__r0", "ckpt_path": "", "ckpt_hash": "bffd2b036b0efc6bafd328f68d15bff4842b472950377a2e18b5ff4a567cc511", "config_hash": "e4fae46d1c013eb7c36e2eeecfd787bd198e1e60b7f9bf7f044c146e0d2a9270", "feature_cache_keys": {}, "sam_model_type": "", "sam_checkpoint": "", "metrics": {"primary_metric": "mean_dsc_fg_case_macro", "metric_version": "v3_case_macro", "eval_scope": "case_retained_slices", "mean_dsc_fg_case_macro": 0.4082293377176942, "mean_dsc_fg": 0.4082293377176942, "mean_dsc_fg_pooled_diagnostic": 0.4373732835692584, "dsc_per_class_pooled": [0.990207943502773, 0.7557540897486089, 0.11899247738990787], "dsc_per_class": [0.990207943502773, 0.7557540897486089, 0.11899247738990787], "n_cases": 11, "n_eval": 500, "structure_detection_rate": 1.0, "missed_structure_rate": 0.0}, "runtime_sec": {"train": 1480.0357916355133, "eval": 7.963277578353882, "select": 74.94217419624329}, "gpu_mem_mb": 9368.62208, "gpu_name": "NVIDIA A40", "gpu_total_mem_mb": 47960.489984, "foundation": {}, "notes": ""}
{"schema_version": "v3", "run_id": "msd_task03_liver__P6__s1000", "round": 1, "dataset": "msd_task03_liver", "modality": "ct", "target": "liver", "dim": "3d", "query_unit": "slice", "seed": 1000, "round_seed": 1001, "component_seeds": {"model_init_seed": 1028625171, "loader_seed": 316625031, "query_seed": 253434028, "dropout_seed": 3317428529}, "total_rounds": 7, "budget_denominator": {"full_train_N": 15643, "requested_pool_cap": 5000, "actual_AL_pool_N": 2500, "budget_plan": [25, 50, 100, 176, 250, 375, 500], "fraction_of_AL_pool": 0.2, "fraction_of_full_train": 0.031963178418461934}, "policy_id": "P6", "policy_name": "SelectiveUncertaintyAL", "method_version": "1.0", "is_ablation": false, "policy_config": {}, "cumulative_budget": 50, "incremental_query_count": 50, "labeled_count": 50, "labeled_ratio": 0.02, "selected_ids": ["liver_65_s300", "liver_44_s285", "liver_106_s330", "liver_44_s187", "liver_47_s435", "liver_100_s439", "liver_26_s170", "liver_51_s144", "liver_100_s391", "liver_44_s192", "liver_45_s136", "liver_44_s289", "liver_107_s296", "liver_108_s533", "liver_32_s430", "liver_15_s372", "liver_45_s135", "liver_65_s459", "liver_44_s430", "liver_90_s319", "liver_47_s433", "liver_90_s339", "liver_107_s315", "liver_90_s438", "liver_107_s509", "liver_44_s406", "liver_45_s144", "liver_11_s405", "liver_45_s131", "liver_90_s329", "liver_36_s210", "liver_90_s331", "liver_36_s207", "liver_44_s200", "liver_107_s304", "liver_44_s198", "liver_45_s139", "liver_86_s404", "liver_32_s428", "liver_108_s531", "liver_45_s140", "liver_117_s489", "liver_91_s204", "liver_33_s437", "liver_127_s248", "liver_90_s439", "liver_4_s430", "liver_109_s449", "liver_45_s431", "liver_40_s291"], "selected_scores": [0.5740543007850647, 0.37227725982666016, 0.570167064666748, 0.4140150845050812, 0.5704362392425537, 0.3627392053604126, 0.5658284425735474, 0.35762226581573486, 0.5629880428314209, 0.39176034927368164, 0.5546547174453735, 0.3657563328742981, 0.5491666197776794, 0.3605878949165344, 0.5492095351219177, 0.40063661336898804, 0.5482292771339417, 0.3483685553073883, 0.5399150252342224, 0.3827592730522156, 0.5370588302612305, 0.3654751777648926, 0.5343391299247742, 0.35114535689353943, 0.5341770648956299, 0.349446177482605, 0.5308813452720642, 0.36513689160346985, 0.5195289254188538, 0.38651564717292786, 0.5165790915489197, 0.3796422481536865, 0.5141123533248901, 0.3653442859649658, 0.5152884721755981, 0.36934223771095276, 0.5156906843185425, 0.35254478454589844, 0.5136251449584961, 0.3566626310348511, 0.5084588527679443, 0.3433152437210083, 0.19129443168640137, 0.3527800738811493, 0.5031607151031494, 0.34855008125305176, 0.5018259286880493, 0.3487185835838318, 0.4979148209095001, 0.35355857014656067], "selected_pred_fg_ratio": [7.62939453125e-05, 0.028820037841796875, 3.0517578125e-05, 0.00408172607421875, 1.9073486328125e-05, 0.038875579833984375, 4.57763671875e-05, 0.052886962890625, 0.000141143798828125, 0.00592803955078125, 0.00023651123046875, 0.030406951904296875, 0.000102996826171875, 0.14150619506835938, 0.00030517578125, 0.004795074462890625, 0.000179290771484375, 0.07939529418945312, 4.9591064453125e-05, 0.02329254150390625, 6.866455078125e-05, 0.043979644775390625, 4.1961669921875e-05, 0.13647079467773438, 0.0001373291015625, 0.040058135986328125, 0.00034332275390625, 0.18385696411132812, 1.1444091796875e-05, 0.022754669189453125, 0.00034332275390625, 0.02469635009765625, 0.000148773193359375, 0.008518218994140625, 0.00019073486328125, 0.00786590576171875, 0.0004119873046875, 0.0539093017578125, 0.000438690185546875, 0.14610671997070312, 0.000453948974609375, 0.14352798461914062, 0.0, 0.027698516845703125, 0.000148773193359375, 0.13907623291015625, 0.00011444091796875, 0.10391616821289062, 0.000347137451171875, 0.022686004638671875], "selected_pred_class_dist": [[0.9999237060546875, 7.62939453125e-05, 0.0], [0.9711799621582031, 0.02873992919921875, 8.0108642578125e-05], [0.999969482421875, 3.0517578125e-05, 0.0], [0.9959182739257812, 0.004070281982421875, 1.1444091796875e-05], [0.9999809265136719, 1.9073486328125e-05, 0.0], [0.9611244201660156, 0.03629302978515625, 0.002582550048828125], [0.9999542236328125, 4.57763671875e-05, 0.0], [0.947113037109375, 0.0518035888671875, 0.0010833740234375], [0.9998588562011719, 0.000141143798828125, 0.0], [0.9940719604492188, 0.00482940673828125, 0.0010986328125], [0.9997634887695312, 0.00023651123046875, 0.0], [0.9695930480957031, 0.030170440673828125, 0.00023651123046875], [0.9998970031738281, 0.000102996826171875, 0.0], [0.8584938049316406, 0.10343170166015625, 0.038074493408203125], [0.99969482421875, 0.00030517578125, 0.0], [0.9952049255371094, 0.003917694091796875, 0.00087738037109375], [0.9998207092285156, 0.000179290771484375, 0.0], [0.9206047058105469, 0.07921218872070312, 0.00018310546875], [0.9999504089355469, 4.9591064453125e-05, 0.0], [0.9767074584960938, 0.018585205078125, 0.00470733642578125], [0.9999313354492188, 6.866455078125e-05, 0.0], [0.9560203552246094, 0.032848358154296875, 0.01113128662109375], [0.9999580383300781, 4.1961669921875e-05, 0.0], [0.8635292053222656, 0.118011474609375, 0.018459320068359375], [0.9998626708984375, 0.0001373291015625, 0.0], [0.9599418640136719, 0.040058135986328125, 0.0], [0.9996566772460938, 0.00034332275390625, 0.0], [0.8161430358886719, 0.09853363037109375, 0.08532333374023438], [0.9999885559082031, 1.1444091796875e-05, 0.0], [0.9772453308105469, 0.017780303955078125, 0.004974365234375], [0.9996566772460938, 0.00034332275390625, 0.0], [0.9753036499023438, 0.02010345458984375, 0.0045928955078125], [0.9998512268066406, 0.000148773193359375, 0.0], [0.9914817810058594, 0.006404876708984375, 0.00211334228515625], [0.9998092651367188, 0.00019073486328125, 0.0], [0.9921340942382812, 0.006031036376953125, 0.001834869384765625], [0.9995880126953125, 0.0004119873046875, 0.0], [0.9460906982421875, 0.0520782470703125, 0.0018310546875], [0.9995613098144531, 0.000438690185546875, 0.0], [0.8538932800292969, 0.106689453125, 0.039417266845703125], [0.9995460510253906, 0.000453948974609375, 0.0], [0.8564720153808594, 0.1097869873046875, 0.033740997314453125], [1.0, 0.0, 0.0], [0.9723014831542969, 0.02606964111328125, 0.001628875732421875], [0.9998512268066406, 0.000148773193359375, 0.0], [0.8609237670898438, 0.12007522583007812, 0.019001007080078125], [0.9998855590820312, 0.00011444091796875, 0.0], [0.8960838317871094, 0.091949462890625, 0.011966705322265625], [0.9996528625488281, 0.000347137451171875, 0.0], [0.9773139953613281, 0.022251129150390625, 0.00043487548828125]], "candidate_count": 2450, "candidate_scores_path": "/groups/echambe2/gmeng/MedAL-Agent/repo/code/runs/frozen_v5/candidate_scores/msd_task03_liver__P6__s1000__r1.json", "predictions_path": "", "initial_labeled_path": "/groups/echambe2/gmeng/MedAL-Agent/repo/code/runs/frozen_v5/init_sets/msd_task03_liver__s1000__n25.json", "initial_labeled_ids": [], "selection_diagnostics": {"selu_valid_intersected": true, "selu_target_frac": 0.05135170370340347, "selu_boundary_frac": 0.00042400904931128025, "selu_score_target_mean": 0.05277590453624725, "selu_score_boundary_mean": 0.6307185292243958}, "training": {"num_iters": 1000, "batch_size": 12, "lr": 0.001, "image_size": 512, "aspect_preserve": true, "resolution_policy": "longside_pad32", "preproc_cache": {"pool": "hit", "val": "hit"}, "train_runtime_sec": 987.1613054275513, "query_runtime_sec": 74.67038822174072, "iters": 2500, "stop_iter": 2500, "mean_loss": 0.14005603059902788, "last_loss": 0.03070659004151821, "stop_reason": "plateau", "hit_max_iters": false, "final_smooth_loss": 0.03964944459497929, "best_smooth_loss": 0.04021653288975358, "diverged": false, "loss_curve": [[1000, 0.09208425171673298], [1100, 0.07909363266080618], [1200, 0.06525944128632545], [1300, 0.058023915626108646], [1400, 0.060847920030355454], [1500, 0.052526003867387774], [1600, 0.047155552301555874], [1700, 0.08190764285624028], [1800, 0.061185689195990565], [1900, 0.05126082422211766], [2000, 0.04021653288975358], [2100, 0.04188816091045737], [2200, 0.07497825780883431], [2300, 0.05374830801039934], [2400, 0.044808054752647875], [2500, 0.03964944459497929]]}, "ckpt_id": "msd_task03_liver__P6__s1000__r1", "ckpt_path": "", "ckpt_hash": "28ce63a4a7befe307f6987d4e9b3f96edb6e7dfc358ed4b2d0618100d5a43368", "config_hash": "e4fae46d1c013eb7c36e2eeecfd787bd198e1e60b7f9bf7f044c146e0d2a9270", "feature_cache_keys": {}, "sam_model_type": "", "sam_checkpoint": "", "metrics": {"primary_metric": "mean_dsc_fg_case_macro", "metric_version": "v3_case_macro", "eval_scope": "case_retained_slices", "mean_dsc_fg_case_macro": 0.4663932106931858, "mean_dsc_fg": 0.4663932106931858, "mean_dsc_fg_pooled_diagnostic": 0.5426794096182384, "dsc_per_class_pooled": [0.991300103259659, 0.7773572331205243, 0.30800158611595246], "dsc_per_class": [0.991300103259659, 0.7773572331205243, 0.30800158611595246], "n_cases": 11, "n_eval": 500, "structure_detection_rate": 1.0, "missed_structure_rate": 0.0}, "runtime_sec": {"train": 987.1613054275513, "eval": 7.015407085418701, "select": 74.67038822174072}, "gpu_mem_mb": 9417.150464, "gpu_name": "NVIDIA A40", "gpu_total_mem_mb": 47960.489984, "foundation": {}, "notes": ""}
{"schema_version": "v3", "run_id": "msd_task03_liver__P6__s1000", "round": 2, "dataset": "msd_task03_liver", "modality": "ct", "target": "liver", "dim": "3d", "query_unit": "slice", "seed": 1000, "round_seed": 1002, "component_seeds": {"model_init_seed": 265999627, "loader_seed": 1465654863, "query_seed": 2544461518, "dropout_seed": 3552612840}, "total_rounds": 7, "budget_denominator": {"full_train_N": 15643, "requested_pool_cap": 5000, "actual_AL_pool_N": 2500, "budget_plan": [25, 50, 100, 176, 250, 375, 500], "fraction_of_AL_pool": 0.2, "fraction_of_full_train": 0.031963178418461934}, "policy_id": "P6", "policy_name": "SelectiveUncertaintyAL", "method_version": "1.0", "is_ablation": false, "policy_config": {}, "cumulative_budget": 100, "incremental_query_count": 76, "labeled_count": 100, "labeled_ratio": 0.04, "selected_ids": ["liver_110_s360", "liver_32_s426", "liver_119_s202", "liver_39_s437", "liver_117_s292", "liver_107_s271", "liver_107_s268", "liver_45_s280", "liver_93_s275", "liver_33_s454", "liver_18_s256", "liver_45_s165", "liver_26_s238", "liver_40_s468", "liver_107_s266", "liver_45_s251", "liver_130_s336", "liver_47_s422", "liver_18_s402", "liver_29_s193", "liver_124_s165", "liver_31_s432", "liver_10_s313", "liver_40_s454", "liver_40_s471", "liver_28_s437", "liver_107_s283", "liver_38_s183", "liver_26_s160", "liver_29_s188", "liver_32_s431", "liver_36_s429", "liver_26_s239", "liver_45_s276", "liver_33_s215", "liver_45_s195", "liver_44_s158", "liver_98_s432", "liver_109_s295", "liver_45_s274", "liver_117_s306", "liver_33_s264", "liver_91_s255", "liver_28_s179", "liver_44_s160", "liver_49_s103", "liver_117_s307", "liver_130_s353", "liver_110_s355", "liver_32_s248", "liver_94_s231", "liver_44_s180", "liver_92_s355", "liver_44_s235", "liver_11_s293", "liver_28_s175", "liver_106_s336", "liver_29_s181", "liver_13_s275", "liver_44_s239", "liver_31_s277", "liver_14_s274", "liver_45_s263", "liver_117_s319", "liver_107_s269", "liver_91_s261", "liver_40_s180", "liver_110_s357", "liver_45_s275", "liver_33_s229", "liver_28_s436", "liver_33_s228", "liver_40_s185", "liver_31_s198", "liver_45_s244", "liver_31_s275"], "selected_scores": [0.5640074014663696, 0.46152645349502563, 0.5615769624710083, 0.4305943250656128, 0.5496624112129211, 0.49865052103996277, 0.2263643741607666, 0.4339723587036133, 0.21985730528831482, 0.4097989797592163, 0.5328243970870972, 0.49481576681137085, 0.5248880982398987, 0.49516767263412476, 0.20914103090763092, 0.434295117855072, 0.5201902389526367, 0.4571666419506073, 0.5330814719200134, 0.4286082088947296, 0.5115984082221985, 0.43626731634140015, 0.5102819204330444, 0.3844476342201233, 0.5084870457649231, 0.37875157594680786, 0.5005481243133545, 0.4745387136936188, 0.18783974647521973, 0.43725794553756714, 0.509085476398468, 0.39822161197662354, 0.49673837423324585, 0.4206785559654236, 0.5249770283699036, 0.4415346384048462, 0.4983590245246887, 0.4709973931312561, 0.49516361951828003, 0.4210009276866913, 0.49234503507614136, 0.4694228768348694, 0.4984150528907776, 0.4027308225631714, 0.5065450668334961, 0.5162689685821533, 0.4871712923049927, 0.4007139503955841, 0.4858991503715515, 0.4079165756702423, 0.4981401562690735, 0.4217529892921448, 0.17120228707790375, 0.41684436798095703, 0.4956100881099701, 0.40961790084838867, 0.48078396916389465, 0.4235255718231201, 0.47832006216049194, 0.40170472860336304, 0.38445717096328735, 0.4767538607120514, 0.4484359622001648, 0.4773326516151428, 0.49719756841659546, 0.4911184310913086, 0.4312107264995575, 0.1580205261707306, 0.41748684644699097, 0.46919363737106323, 0.36650601029396057, 0.4700911343097687, 0.4258551001548767, 0.4696626365184784, 0.4281405806541443, 0.3850463032722473], "selected_pred_fg_ratio": [0.000286102294921875, 0.004833221435546875, 0.0001220703125, 0.006256103515625, 0.0001678466796875, 0.000827789306640625, 0.0, 0.010158538818359375, 0.0, 0.014514923095703125, 0.000415802001953125, 0.0025787353515625, 0.00063323974609375, 0.006435394287109375, 0.0, 0.010807037353515625, 0.000141143798828125, 0.004665374755859375, 0.000102996826171875, 0.014678955078125, 0.000263214111328125, 0.01055145263671875, 0.000362396240234375, 0.02541351318359375, 0.00130462646484375, 0.03179168701171875, 0.000232696533203125, 0.008266448974609375, 0.0, 0.012237548828125, 0.000720977783203125, 0.017650604248046875, 0.001422882080078125, 0.012012481689453125, 0.00079345703125, 0.010082244873046875, 0.001018524169921875, 0.003528594970703125, 0.000728607177734375, 0.0109710693359375, 0.000354766845703125, 0.002910614013671875, 0.002277374267578125, 0.018611907958984375, 0.0013275146484375, 0.000720977783203125, 0.000453948974609375, 0.010379791259765625, 0.000888824462890625, 0.024135589599609375, 0.0031280517578125, 0.0052032470703125, 0.0, 0.019260406494140625, 0.002227783203125, 0.014892578125, 0.001201629638671875, 0.0124053955078125, 0.000823974609375, 0.016132354736328125, 0.0182342529296875, 0.00180816650390625, 0.0094451904296875, 0.00051116943359375, 0.000659942626953125, 0.000499725341796875, 0.013362884521484375, 0.0, 0.010868072509765625, 0.003116607666015625, 0.032444000244140625, 0.00278472900390625, 0.016845703125, 0.00319671630859375, 0.0090484619140625, 0.018459320068359375], "selected_pred_class_dist": [[0.9997138977050781, 0.000286102294921875, 0.0], [0.9951667785644531, 0.00409698486328125, 0.000736236572265625], [0.9998779296875, 0.0001220703125, 0.0], [0.993743896484375, 0.001567840576171875, 0.004688262939453125], [0.9998321533203125, 0.0001678466796875, 0.0], [0.9991722106933594, 0.0005645751953125, 0.000263214111328125], [1.0, 0.0, 0.0], [0.9898414611816406, 0.00439453125, 0.005764007568359375], [1.0, 0.0, 0.0], [0.9854850769042969, 0.007480621337890625, 0.0070343017578125], [0.9995841979980469, 0.000415802001953125, 0.0], [0.9974212646484375, 0.00153350830078125, 0.00104522705078125], [0.9993667602539062, 0.00063323974609375, 0.0], [0.9935646057128906, 0.00341796875, 0.003017425537109375], [1.0, 0.0, 0.0], [0.9891929626464844, 0.005718231201171875, 0.00508880615234375], [0.9998588562011719, 0.000141143798828125, 0.0], [0.9953346252441406, 0.0026397705078125, 0.002025604248046875], [0.9998970031738281, 0.000102996826171875, 0.0], [0.985321044921875, 0.01287841796875, 0.001800537109375], [0.9997367858886719, 0.000263214111328125, 0.0], [0.9894485473632812, 0.007961273193359375, 0.002590179443359375], [0.9996376037597656, 0.000362396240234375, 0.0], [0.9745864868164062, 0.022762298583984375, 0.002651214599609375], [0.9986953735351562, 0.00130462646484375, 0.0], [0.9682083129882812, 0.029514312744140625, 0.002277374267578125], [0.9997673034667969, 0.000232696533203125, 0.0], [0.9917335510253906, 0.0052490234375, 0.003017425537109375], [1.0, 0.0, 0.0], [0.987762451171875, 0.01184844970703125, 0.00038909912109375], [0.9992790222167969, 0.00061798095703125, 0.000102996826171875], [0.9823493957519531, 0.015155792236328125, 0.00249481201171875], [0.9985771179199219, 0.001422882080078125, 0.0], [0.9879875183105469, 0.007602691650390625, 0.0044097900390625], [0.99920654296875, 0.000713348388671875, 8.0108642578125e-05], [0.9899177551269531, 0.006717681884765625, 0.00336456298828125], [0.9989814758300781, 0.001018524169921875, 0.0], [0.9964714050292969, 0.001880645751953125, 0.00164794921875], [0.9992713928222656, 0.000728607177734375, 0.0], [0.9890289306640625, 0.005916595458984375, 0.005054473876953125], [0.9996452331542969, 0.000354766845703125, 0.0], [0.9970893859863281, 0.00244903564453125, 0.000461578369140625], [0.9977226257324219, 0.00226593017578125, 1.1444091796875e-05], [0.9813880920410156, 0.012088775634765625, 0.00652313232421875], [0.9986724853515625, 0.001316070556640625, 1.1444091796875e-05], [0.9992790222167969, 0.00049591064453125, 0.000225067138671875], [0.9995460510253906, 0.000453948974609375, 0.0], [0.9896202087402344, 0.0101165771484375, 0.000263214111328125], [0.9991111755371094, 0.000888824462890625, 0.0], [0.9758644104003906, 0.018939971923828125, 0.00519561767578125], [0.9968719482421875, 0.00272369384765625, 0.00040435791015625], [0.9947967529296875, 0.0032196044921875, 0.001983642578125], [1.0, 0.0, 0.0], [0.9807395935058594, 0.012451171875, 0.006809234619140625], [0.997772216796875, 0.00147247314453125, 0.00075531005859375], [0.985107421875, 0.0105438232421875, 0.0043487548828125], [0.9987983703613281, 0.001201629638671875, 0.0], [0.9875946044921875, 0.0100860595703125, 0.0023193359375], [0.999176025390625, 0.000823974609375, 0.0], [0.9838676452636719, 0.011020660400390625, 0.0051116943359375], [0.9817657470703125, 0.01618194580078125, 0.00205230712890625], [0.9981918334960938, 0.00180816650390625, 0.0], [0.9905548095703125, 0.00540924072265625, 0.00403594970703125], [0.9994888305664062, 0.00051116943359375, 0.0], [0.9993400573730469, 0.000415802001953125, 0.000244140625], [0.9995002746582031, 0.000408172607421875, 9.1552734375e-05], [0.9866371154785156, 0.008235931396484375, 0.005126953125], [1.0, 0.0, 0.0], [0.9891319274902344, 0.005954742431640625, 0.004913330078125], [0.9968833923339844, 0.00299835205078125, 0.000118255615234375], [0.9675559997558594, 0.030513763427734375, 0.00193023681640625], [0.9972152709960938, 0.00257110595703125, 0.000213623046875], [0.983154296875, 0.010761260986328125, 0.006084442138671875], [0.9968032836914062, 0.00283050537109375, 0.0003662109375], [0.9909515380859375, 0.006122589111328125, 0.002925872802734375], [0.9815406799316406, 0.01647186279296875, 0.001987457275390625]], "candidate_count": 2400, "candidate_scores_path": "/groups/echambe2/gmeng/MedAL-Agent/repo/code/runs/frozen_v5/candidate_scores/msd_task03_liver__P6__s1000__r2.json", "predictions_path": "", "initial_labeled_path": "/groups/echambe2/gmeng/MedAL-Agent/repo/code/runs/frozen_v5/init_sets/msd_task03_liver__s1000__n25.json", "initial_labeled_ids": [], "selection_diagnostics": {"selu_valid_intersected": true, "selu_target_frac": 0.051922161132097244, "selu_boundary_frac": 0.0005905214929953218, "selu_score_target_mean": 0.06864199042320251, "selu_score_boundary_mean": 0.6373292207717896}, "training": {"num_iters": 1000, "batch_size": 12, "lr": 0.001, "image_size": 512, "aspect_preserve": true, "resolution_policy": "longside_pad32", "preproc_cache": {"pool": "hit", "val": "hit"}, "train_runtime_sec": 1244.741940498352, "query_runtime_sec": 56.052201986312866, "iters": 3200, "stop_iter": 3200, "mean_loss": 0.18773068599810358, "last_loss": 0.0428289920091629, "stop_reason": "plateau", "hit_max_iters": false, "final_smooth_loss": 0.056170644722878936, "best_smooth_loss": 0.04877394020557404, "diverged": false, "loss_curve": [[1000, 0.14512884683907032], [1100, 0.13078395172953605], [1200, 0.17285131301730872], [1300, 0.14083321556448936], [1400, 0.11326923239976168], [1500, 0.09326279602944851], [1600, 0.109793915823102], [1700, 0.1121929021179676], [1800, 0.08992568783462047], [1900, 0.08266283471137285], [2000, 0.07149709593504668], [2100, 0.07276094485074282], [2200, 0.14254506163299083], [2300, 0.0788056618347764], [2400, 0.059305515065789224], [2500, 0.058130157701671126], [2600, 0.057635841593146324], [2700, 0.04877394020557404], [2800, 0.051842193715274335], [2900, 0.04585926335304975], [3000, 0.04539221810176969], [3100, 0.07138618696480989], [3200, 0.056170644722878936]]}, "ckpt_id": "msd_task03_liver__P6__s1000__r2", "ckpt_path": "", "ckpt_hash": "3a34936b74aae17c498a83af85a06aee67c45487d00e06f4f9bd14975b01313a", "config_hash": "e4fae46d1c013eb7c36e2eeecfd787bd198e1e60b7f9bf7f044c146e0d2a9270", "feature_cache_keys": {}, "sam_model_type": "", "sam_checkpoint": "", "metrics": {"primary_metric": "mean_dsc_fg_case_macro", "metric_version": "v3_case_macro", "eval_scope": "case_retained_slices", "mean_dsc_fg_case_macro": 0.45564517421111855, "mean_dsc_fg": 0.45564517421111855, "mean_dsc_fg_pooled_diagnostic": 0.4969995434700466, "dsc_per_class_pooled": [0.9901673971051899, 0.7406799254850714, 0.2533191614550217], "dsc_per_class": [0.9901673971051899, 0.7406799254850714, 0.2533191614550217], "n_cases": 11, "n_eval": 500, "structure_detection_rate": 1.0, "missed_structure_rate": 0.0}, "runtime_sec": {"train": 1244.741940498352, "eval": 6.617110252380371, "select": 56.052201986312866}, "gpu_mem_mb": 9418.0352, "gpu_name": "NVIDIA A40", "gpu_total_mem_mb": 47960.489984, "foundation": {}, "notes": ""}
