{"schema_version": "v3", "run_id": "msd_task03_liver__P6__s3000", "round": 0, "dataset": "msd_task03_liver", "modality": "ct", "target": "liver", "dim": "3d", "query_unit": "slice", "seed": 3000, "round_seed": 3000, "component_seeds": {"model_init_seed": 4268717614, "loader_seed": 3761024140, "query_seed": 1653928250, "dropout_seed": 3551934248}, "total_rounds": 7, "budget_denominator": {"full_train_N": 16493, "requested_pool_cap": 5000, "actual_AL_pool_N": 2500, "budget_plan": [25, 50, 100, 176, 250, 375, 500], "fraction_of_AL_pool": 0.2, "fraction_of_full_train": 0.030315891590371673}, "policy_id": "P6", "policy_name": "SelectiveUncertaintyAL", "method_version": "1.0", "is_ablation": false, "policy_config": {}, "cumulative_budget": 25, "incremental_query_count": 25, "labeled_count": 25, "labeled_ratio": 0.01, "selected_ids": ["liver_42_s185", "liver_71_s077", "liver_28_s129", "liver_117_s488", "liver_83_s268", "liver_117_s467", "liver_32_s431", "liver_66_s060", "liver_42_s197", "liver_117_s494", "liver_83_s190", "liver_93_s421", "liver_8_s334", "liver_123_s256", "liver_44_s159", "liver_75_s066", "liver_83_s410", "liver_123_s255", "liver_41_s168", "liver_90_s340", "liver_44_s160", "liver_80_s187", "liver_39_s432", "liver_117_s460", "liver_26_s196"], "selected_scores": [0.5946062803268433, 0.3769327402114868, 0.5746234655380249, 0.3670889139175415, 0.5656372308731079, 0.36799776554107666, 0.5657932758331299, 0.3696930408477783, 0.560766339302063, 0.36531153321266174, 0.5591527223587036, 0.3677326440811157, 0.5487970113754272, 0.36740344762802124, 0.5474146604537964, 0.3664086163043976, 0.5417404174804688, 0.36632561683654785, 0.5429767370223999, 0.3761761486530304, 0.5413169860839844, 0.35994380712509155, 0.5423070192337036, 0.3604820668697357, 0.5378155708312988], "selected_pred_fg_ratio": [0.000164031982421875, 0.23645401000976562, 0.000255584716796875, 0.14760208129882812, 2.288818359375e-05, 0.15754318237304688, 8.392333984375e-05, 0.052337646484375, 0.000484466552734375, 0.13953399658203125, 9.918212890625e-05, 0.13924407958984375, 0.000148773193359375, 0.19597625732421875, 1.52587890625e-05, 0.08905792236328125, 1.1444091796875e-05, 0.19752883911132812, 0.000759124755859375, 0.041568756103515625, 6.103515625e-05, 0.12628173828125, 0.000354766845703125, 0.15344619750976562, 9.5367431640625e-05], "selected_pred_class_dist": [[0.9998359680175781, 0.000164031982421875, 0.0], [0.7635459899902344, 0.20989608764648438, 0.02655792236328125], [0.9997444152832031, 0.000255584716796875, 0.0], [0.8523979187011719, 0.11243820190429688, 0.03516387939453125], [0.9999771118164062, 2.288818359375e-05, 0.0], [0.8424568176269531, 0.11328887939453125, 0.044254302978515625], [0.9999160766601562, 8.392333984375e-05, 0.0], [0.947662353515625, 0.04947662353515625, 0.00286102294921875], [0.9995155334472656, 0.000484466552734375, 0.0], [0.8604660034179688, 0.10848236083984375, 0.0310516357421875], [0.9999008178710938, 9.918212890625e-05, 0.0], [0.8607559204101562, 0.11378860473632812, 0.025455474853515625], [0.9998512268066406, 0.000148773193359375, 0.0], [0.8040237426757812, 0.15713119506835938, 0.038845062255859375], [0.9999847412109375, 1.52587890625e-05, 0.0], [0.9109420776367188, 0.07950592041015625, 0.009552001953125], [0.9999885559082031, 1.1444091796875e-05, 0.0], [0.8024711608886719, 0.15893936157226562, 0.0385894775390625], [0.9992408752441406, 0.000759124755859375, 0.0], [0.9584312438964844, 0.030986785888671875, 0.01058197021484375], [0.99993896484375, 6.103515625e-05, 0.0], [0.87371826171875, 0.11132431030273438, 0.014957427978515625], [0.9996452331542969, 0.000354766845703125, 0.0], [0.8465538024902344, 0.11100006103515625, 0.042446136474609375], [0.9999046325683594, 9.5367431640625e-05, 0.0]], "candidate_count": 2475, "candidate_scores_path": "/groups/echambe2/gmeng/MedAL-Agent/repo/code/runs/frozen_v5/candidate_scores/msd_task03_liver__P6__s3000__r0.json", "predictions_path": "", "initial_labeled_path": "/groups/echambe2/gmeng/MedAL-Agent/repo/code/runs/frozen_v5/init_sets/msd_task03_liver__s3000__n25.json", "initial_labeled_ids": ["liver_102_s392", "liver_102_s458", "liver_105_s270", "liver_105_s430", "liver_113_s420", "liver_117_s321", "liver_117_s476", "liver_119_s243", "liver_119_s276", "liver_11_s408", "liver_122_s162", "liver_127_s225", "liver_21_s378", "liver_25_s310", "liver_30_s404", "liver_32_s264", "liver_34_s156", "liver_39_s196", "liver_44_s184", "liver_44_s365", "liver_52_s125", "liver_58_s177", "liver_7_s397", "liver_89_s367", "liver_96_s360"], "selection_diagnostics": {"selu_valid_intersected": true, "selu_target_frac": 0.04707968235015869, "selu_boundary_frac": 0.0005039161187596619, "selu_score_target_mean": 0.07811310887336731, "selu_score_boundary_mean": 0.6290236711502075}, "training": {"num_iters": 1000, "batch_size": 12, "lr": 0.001, "image_size": 512, "aspect_preserve": true, "resolution_policy": "longside_pad32", "preproc_cache": {"pool": "hit", "val": "hit"}, "train_runtime_sec": 945.0373842716217, "query_runtime_sec": 77.81249666213989, "iters": 2400, "stop_iter": 2400, "mean_loss": 0.1876579104200937, "last_loss": 0.03288686275482178, "stop_reason": "plateau", "hit_max_iters": false, "final_smooth_loss": 0.055000085365027186, "best_smooth_loss": 0.055762993805110454, "diverged": false, "loss_curve": [[1000, 0.09395742483437061], [1100, 0.0979656831920147], [1200, 0.07872997179627418], [1300, 0.09199953712522983], [1400, 0.11626821383833885], [1500, 0.07892001874744892], [1600, 0.06086012590676546], [1700, 0.0670278987288475], [1800, 0.06630918664857745], [1900, 0.055762993805110454], [2000, 0.06737047050148248], [2100, 0.055959983095526696], [2200, 0.05811429813504219], [2300, 0.061309015806764365], [2400, 0.055000085365027186]]}, "ckpt_id": "msd_task03_liver__P6__s3000__r0", "ckpt_path": "", "ckpt_hash": "f3cb14827d4bcf9a5e076bcea0b188a1498a0322b5ea80e4c75eba58c845fdff", "config_hash": "e4fae46d1c013eb7c36e2eeecfd787bd198e1e60b7f9bf7f044c146e0d2a9270", "feature_cache_keys": {}, "sam_model_type": "", "sam_checkpoint": "", "metrics": {"primary_metric": "mean_dsc_fg_case_macro", "metric_version": "v3_case_macro", "eval_scope": "case_retained_slices", "mean_dsc_fg_case_macro": 0.4819549085553431, "mean_dsc_fg": 0.4819549085553431, "mean_dsc_fg_pooled_diagnostic": 0.6456068440515146, "dsc_per_class_pooled": [0.9915004634460427, 0.8006934393543563, 0.49052024874867284], "dsc_per_class": [0.9915004634460427, 0.8006934393543563, 0.49052024874867284], "n_cases": 11, "n_eval": 500, "structure_detection_rate": 0.9545454545454546, "missed_structure_rate": 0.045454545454545414}, "runtime_sec": {"train": 945.0373842716217, "eval": 8.552761793136597, "select": 77.81249666213989}, "gpu_mem_mb": 9368.62208, "gpu_name": "NVIDIA A40", "gpu_total_mem_mb": 47960.489984, "foundation": {}, "notes": ""}
{"schema_version": "v3", "run_id": "msd_task03_liver__P6__s3000", "round": 1, "dataset": "msd_task03_liver", "modality": "ct", "target": "liver", "dim": "3d", "query_unit": "slice", "seed": 3000, "round_seed": 3001, "component_seeds": {"model_init_seed": 1368497401, "loader_seed": 724338150, "query_seed": 2939650167, "dropout_seed": 1283938365}, "total_rounds": 7, "budget_denominator": {"full_train_N": 16493, "requested_pool_cap": 5000, "actual_AL_pool_N": 2500, "budget_plan": [25, 50, 100, 176, 250, 375, 500], "fraction_of_AL_pool": 0.2, "fraction_of_full_train": 0.030315891590371673}, "policy_id": "P6", "policy_name": "SelectiveUncertaintyAL", "method_version": "1.0", "is_ablation": false, "policy_config": {}, "cumulative_budget": 50, "incremental_query_count": 50, "labeled_count": 50, "labeled_ratio": 0.02, "selected_ids": ["liver_107_s289", "liver_31_s266", "liver_45_s161", "liver_31_s382", "liver_33_s218", "liver_28_s448", "liver_30_s219", "liver_31_s381", "liver_83_s142", "liver_45_s357", "liver_34_s110", "liver_31_s333", "liver_10_s295", "liver_44_s413", "liver_83_s146", "liver_33_s367", "liver_41_s157", "liver_45_s358", "liver_83_s175", "liver_31_s413", "liver_107_s293", "liver_31_s353", "liver_33_s213", "liver_31_s400", "liver_40_s467", "liver_34_s163", "liver_94_s239", "liver_45_s359", "liver_38_s180", "liver_45_s373", "liver_105_s226", "liver_31_s280", "liver_116_s223", "liver_33_s349", "liver_28_s460", "liver_41_s335", "liver_79_s084", "liver_52_s151", "liver_45_s160", "liver_31_s279", "liver_13_s295", "liver_41_s422", "liver_45_s153", "liver_31_s278", "liver_31_s201", "liver_33_s254", "liver_4_s429", "liver_38_s427", "liver_4_s425", "liver_44_s341"], "selected_scores": [0.5905595421791077, 0.4566948413848877, 0.5713438987731934, 0.41105005145072937, 0.5706477165222168, 0.4278235137462616, 0.5673760771751404, 0.40544041991233826, 0.5654431581497192, 0.47070086002349854, 0.5715576410293579, 0.42041394114494324, 0.5634146332740784, 0.3966768980026245, 0.5609004497528076, 0.40759968757629395, 0.5640762448310852, 0.4610844850540161, 0.5611685514450073, 0.41024577617645264, 0.5597307682037354, 0.38491445779800415, 0.5562946200370789, 0.3881685733795166, 0.5579462647438049, 0.4246199131011963, 0.5574588179588318, 0.45632681250572205, 0.5575230717658997, 0.4576007127761841, 0.5566760301589966, 0.3972170352935791, 0.554358184337616, 0.4139585494995117, 0.5543527603149414, 0.3950022757053375, 0.5493965744972229, 0.40093445777893066, 0.5498676300048828, 0.39609700441360474, 0.5485161542892456, 0.42044293880462646, 0.5509796738624573, 0.40004420280456543, 0.5476582646369934, 0.41002047061920166, 0.5465640425682068, 0.38962262868881226, 0.5437504649162292, 0.3731999397277832], "selected_pred_fg_ratio": [3.814697265625e-06, 0.005512237548828125, 7.2479248046875e-05, 0.02626800537109375, 6.103515625e-05, 0.012508392333984375, 0.00020599365234375, 0.026805877685546875, 6.103515625e-05, 0.006038665771484375, 6.866455078125e-05, 0.01204681396484375, 7.62939453125e-05, 0.0290985107421875, 0.00052642822265625, 0.0295257568359375, 9.1552734375e-05, 0.0059814453125, 4.9591064453125e-05, 0.02005767822265625, 0.00028228759765625, 0.02663421630859375, 0.0, 0.024471282958984375, 7.62939453125e-06, 0.01267242431640625, 0.000438690185546875, 0.00615692138671875, 0.00025177001953125, 0.0117034912109375, 0.00029754638671875, 0.011837005615234375, 0.000255584716796875, 0.0222015380859375, 0.000743865966796875, 0.0231475830078125, 0.0001220703125, 0.025646209716796875, 0.000179290771484375, 0.011749267578125, 0.000274658203125, 0.0106201171875, 7.62939453125e-05, 0.011203765869140625, 8.392333984375e-05, 0.007869720458984375, 9.1552734375e-05, 0.01226806640625, 0.0, 0.0413360595703125], "selected_pred_class_dist": [[0.9999961853027344, 0.0, 3.814697265625e-06], [0.9944877624511719, 0.005218505859375, 0.000293731689453125], [0.9999275207519531, 7.2479248046875e-05, 0.0], [0.9737319946289062, 0.025726318359375, 0.00054168701171875], [0.99993896484375, 6.103515625e-05, 0.0], [0.9874916076660156, 0.012241363525390625, 0.00026702880859375], [0.9997940063476562, 0.00020599365234375, 0.0], [0.9731941223144531, 0.02620697021484375, 0.000598907470703125], [0.99993896484375, 6.103515625e-05, 0.0], [0.9939613342285156, 0.00382232666015625, 0.002216339111328125], [0.9999313354492188, 6.866455078125e-05, 0.0], [0.9879531860351562, 0.01143646240234375, 0.0006103515625], [0.9999237060546875, 7.62939453125e-05, 0.0], [0.9709014892578125, 0.0256805419921875, 0.00341796875], [0.9994735717773438, 0.00052642822265625, 0.0], [0.9704742431640625, 0.02812957763671875, 0.00139617919921875], [0.999908447265625, 9.1552734375e-05, 0.0], [0.9940185546875, 0.00385284423828125, 0.00212860107421875], [0.9999504089355469, 4.9591064453125e-05, 0.0], [0.9799423217773438, 0.018863677978515625, 0.001194000244140625], [0.9997177124023438, 0.00028228759765625, 0.0], [0.9733657836914062, 0.026485443115234375, 0.000148773193359375], [1.0, 0.0, 0.0], [0.9755287170410156, 0.023540496826171875, 0.0009307861328125], [0.9999923706054688, 7.62939453125e-06, 0.0], [0.9873275756835938, 0.01250457763671875, 0.0001678466796875], [0.9995613098144531, 0.000438690185546875, 0.0], [0.9938430786132812, 0.004070281982421875, 0.002086639404296875], [0.9997482299804688, 0.00025177001953125, 0.0], [0.9882965087890625, 0.01019287109375, 0.0015106201171875], [0.9997024536132812, 0.00029754638671875, 0.0], [0.9881629943847656, 0.011531829833984375, 0.00030517578125], [0.9997444152832031, 0.000255584716796875, 0.0], [0.9777984619140625, 0.021297454833984375, 0.000904083251953125], [0.9992561340332031, 0.000743865966796875, 0.0], [0.9768524169921875, 0.022411346435546875, 0.000736236572265625], [0.9998779296875, 0.0001220703125, 0.0], [0.9743537902832031, 0.025470733642578125, 0.00017547607421875], [0.9998207092285156, 0.000179290771484375, 0.0], [0.988250732421875, 0.011493682861328125, 0.000255584716796875], [0.999725341796875, 0.000274658203125, 0.0], [0.9893798828125, 0.009967803955078125, 0.000652313232421875], [0.9999237060546875, 7.62939453125e-05, 0.0], [0.9887962341308594, 0.010894775390625, 0.000308990478515625], [0.9999160766601562, 8.392333984375e-05, 0.0], [0.9921302795410156, 0.00768280029296875, 0.000186920166015625], [0.999908447265625, 9.1552734375e-05, 0.0], [0.98773193359375, 0.011646270751953125, 0.000621795654296875], [1.0, 0.0, 0.0], [0.9586639404296875, 0.04038238525390625, 0.00095367431640625]], "candidate_count": 2450, "candidate_scores_path": "/groups/echambe2/gmeng/MedAL-Agent/repo/code/runs/frozen_v5/candidate_scores/msd_task03_liver__P6__s3000__r1.json", "predictions_path": "", "initial_labeled_path": "/groups/echambe2/gmeng/MedAL-Agent/repo/code/runs/frozen_v5/init_sets/msd_task03_liver__s3000__n25.json", "initial_labeled_ids": [], "selection_diagnostics": {"selu_valid_intersected": true, "selu_target_frac": 0.05019664391875267, "selu_boundary_frac": 0.0007118115900084376, "selu_score_target_mean": 0.09392239898443222, "selu_score_boundary_mean": 0.6261063814163208}, "training": {"num_iters": 1000, "batch_size": 12, "lr": 0.001, "image_size": 512, "aspect_preserve": true, "resolution_policy": "longside_pad32", "preproc_cache": {"pool": "hit", "val": "hit"}, "train_runtime_sec": 910.7553992271423, "query_runtime_sec": 70.13986802101135, "iters": 2300, "stop_iter": 2300, "mean_loss": 0.18361719420341693, "last_loss": 0.03908860683441162, "stop_reason": "plateau", "hit_max_iters": false, "final_smooth_loss": 0.05283435156568885, "best_smooth_loss": 0.051576426550745964, "diverged": false, "loss_curve": [[1000, 0.09932491429150105], [1100, 0.08170305121690034], [1200, 0.07636579670011998], [1300, 0.1640023461729288], [1400, 0.09450622770935296], [1500, 0.07142681472003459], [1600, 0.07201696299016476], [1700, 0.05699227560311556], [1800, 0.051576426550745964], [1900, 0.05123817551881075], [2000, 0.05931729642674327], [2100, 0.061098482366651295], [2200, 0.04806223470717669], [2300, 0.05283435156568885]]}, "ckpt_id": "msd_task03_liver__P6__s3000__r1", "ckpt_path": "", "ckpt_hash": "4c90a67c79366e3b5c32ae26294d50fd3665de01fe3fbbeaeb2f5e4fe50db9cc", "config_hash": "e4fae46d1c013eb7c36e2eeecfd787bd198e1e60b7f9bf7f044c146e0d2a9270", "feature_cache_keys": {}, "sam_model_type": "", "sam_checkpoint": "", "metrics": {"primary_metric": "mean_dsc_fg_case_macro", "metric_version": "v3_case_macro", "eval_scope": "case_retained_slices", "mean_dsc_fg_case_macro": 0.48823507351505296, "mean_dsc_fg": 0.48823507351505296, "mean_dsc_fg_pooled_diagnostic": 0.6824730551891869, "dsc_per_class_pooled": [0.9923550689232558, 0.8274945410872996, 0.5374515692910742], "dsc_per_class": [0.9923550689232558, 0.8274945410872996, 0.5374515692910742], "n_cases": 11, "n_eval": 500, "structure_detection_rate": 0.9545454545454546, "missed_structure_rate": 0.045454545454545414}, "runtime_sec": {"train": 910.7553992271423, "eval": 7.129079580307007, "select": 70.13986802101135}, "gpu_mem_mb": 9417.150464, "gpu_name": "NVIDIA A40", "gpu_total_mem_mb": 47960.489984, "foundation": {}, "notes": ""}
{"schema_version": "v3", "run_id": "msd_task03_liver__P6__s3000", "round": 2, "dataset": "msd_task03_liver", "modality": "ct", "target": "liver", "dim": "3d", "query_unit": "slice", "seed": 3000, "round_seed": 3002, "component_seeds": {"model_init_seed": 3745551808, "loader_seed": 2465835433, "query_seed": 2701088630, "dropout_seed": 1393056386}, "total_rounds": 7, "budget_denominator": {"full_train_N": 16493, "requested_pool_cap": 5000, "actual_AL_pool_N": 2500, "budget_plan": [25, 50, 100, 176, 250, 375, 500], "fraction_of_AL_pool": 0.2, "fraction_of_full_train": 0.030315891590371673}, "policy_id": "P6", "policy_name": "SelectiveUncertaintyAL", "method_version": "1.0", "is_ablation": false, "policy_config": {}, "cumulative_budget": 100, "incremental_query_count": 76, "labeled_count": 100, "labeled_ratio": 0.04, "selected_ids": ["liver_83_s125", "liver_44_s179", "liver_117_s288", "liver_71_s073", "liver_13_s273", "liver_33_s364", "liver_31_s196", "liver_98_s226", "liver_122_s156", "liver_33_s361", "liver_45_s132", "liver_38_s198", "liver_127_s211", "liver_33_s353", "liver_33_s210", "liver_117_s456", "liver_45_s131", "liver_102_s160", "liver_45_s130", "liver_117_s439", "liver_123_s188", "liver_96_s236", "liver_13_s272", "liver_117_s423", "liver_83_s136", "liver_90_s428", "liver_83_s405", "liver_33_s343", "liver_33_s223", "liver_100_s611", "liver_41_s151", "liver_117_s425", "liver_117_s290", "liver_42_s297", "liver_117_s284", "liver_33_s354", "liver_32_s427", "liver_28_s334", "liver_41_s149", "liver_100_s594", "liver_34_s108", "liver_100_s587", "liver_127_s214", "liver_93_s438", "liver_31_s202", "liver_100_s612", "liver_32_s426", "liver_26_s247", "liver_113_s416", "liver_40_s334", "liver_83_s128", "liver_100_s574", "liver_3_s307", "liver_102_s247", "liver_6_s310", "liver_71_s070", "liver_42_s181", "liver_99_s217", "liver_103_s289", "liver_30_s284", "liver_41_s442", "liver_44_s376", "liver_33_s214", "liver_117_s445", "liver_13_s281", "liver_29_s196", "liver_42_s200", "liver_30_s303", "liver_33_s217", "liver_44_s194", "liver_38_s441", "liver_98_s374", "liver_102_s474", "liver_101_s218", "liver_42_s188", "liver_20_s344"], "selected_scores": [0.5666824579238892, 0.41891202330589294, 0.5675216317176819, 0.35757264494895935, 0.563114583492279, 0.36079904437065125, 0.5595859289169312, 0.4059222340583801, 0.5599659085273743, 0.35896995663642883, 0.5602298974990845, 0.45111358165740967, 0.5583608746528625, 0.35811930894851685, 0.5525414943695068, 0.3561069667339325, 0.552557647228241, 0.3912328779697418, 0.5501599311828613, 0.3550896644592285, 0.5507564544677734, 0.36605387926101685, 0.5462548732757568, 0.3526467978954315, 0.544885516166687, 0.3535868525505066, 0.5443155765533447, 0.3531319797039032, 0.5412708520889282, 0.35387346148490906, 0.5387858748435974, 0.3519941568374634, 0.5364768505096436, 0.3624899089336395, 0.5366532802581787, 0.35019823908805847, 0.5351908206939697, 0.3564777970314026, 0.5331697463989258, 0.3506757318973541, 0.5306561589241028, 0.3638254404067993, 0.5250941514968872, 0.34791871905326843, 0.5223283171653748, 0.3516901135444641, 0.5225458145141602, 0.36007294058799744, 0.5186204314231873, 0.3531620502471924, 0.20570135116577148, 0.3543410003185272, 0.5146613121032715, 0.3751938045024872, 0.5074130296707153, 0.35148343443870544, 0.5026165246963501, 0.39565542340278625, 0.5027499198913574, 0.3947125971317291, 0.18867698311805725, 0.34251201152801514, 0.18672430515289307, 0.35298243165016174, 0.4983707666397095, 0.3940103054046631, 0.4982968866825104, 0.37746381759643555, 0.4976697564125061, 0.39859890937805176, 0.49580007791519165, 0.3465348482131958, 0.4890388250350952, 0.3848516643047333, 0.4872080087661743, 0.34545162320137024], "selected_pred_fg_ratio": [0.00029754638671875, 0.004032135009765625, 0.0001373291015625, 0.201995849609375, 4.57763671875e-05, 0.04558563232421875, 3.4332275390625e-05, 0.022308349609375, 0.00030517578125, 0.0445556640625, 2.288818359375e-05, 0.002422332763671875, 0.000316619873046875, 0.04128265380859375, 9.1552734375e-05, 0.149200439453125, 3.4332275390625e-05, 0.023525238037109375, 5.7220458984375e-05, 0.12406539916992188, 0.000385284423828125, 0.043582916259765625, 0.00022125244140625, 0.11252975463867188, 0.00038909912109375, 0.13856124877929688, 0.000244140625, 0.036418914794921875, 0.000232696533203125, 0.1165313720703125, 0.000194549560546875, 0.11367034912109375, 0.0, 0.021625518798828125, 0.000308990478515625, 0.041889190673828125, 6.4849853515625e-05, 0.056629180908203125, 0.000423431396484375, 0.135833740234375, 0.0003509521484375, 0.14611434936523438, 0.00022125244140625, 0.11299896240234375, 0.000179290771484375, 0.11537551879882812, 0.000690460205078125, 0.01338958740234375, 0.0013580322265625, 0.03113555908203125, 0.0, 0.14307022094726562, 0.00101470947265625, 0.043651580810546875, 0.00028228759765625, 0.15076065063476562, 0.000209808349609375, 0.023014068603515625, 0.002666473388671875, 0.0106353759765625, 0.0, 0.0550689697265625, 0.0, 0.1281890869140625, 0.0009765625, 0.0106353759765625, 0.000396728515625, 0.00527191162109375, 0.0009765625, 0.00811767578125, 0.00070953369140625, 0.08343505859375, 0.00098419189453125, 0.0448760986328125, 0.0007171630859375, 0.08748245239257812], "selected_pred_class_dist": [[0.9997024536132812, 0.00029754638671875, 0.0], [0.9959678649902344, 0.001827239990234375, 0.00220489501953125], [0.9998626708984375, 0.0001373291015625, 0.0], [0.798004150390625, 0.17139053344726562, 0.030605316162109375], [0.9999542236328125, 4.57763671875e-05, 0.0], [0.9544143676757812, 0.0326995849609375, 0.01288604736328125], [0.9999656677246094, 3.4332275390625e-05, 0.0], [0.977691650390625, 0.018890380859375, 0.00341796875], [0.99969482421875, 0.00030517578125, 0.0], [0.9554443359375, 0.033740997314453125, 0.010814666748046875], [0.9999771118164062, 2.288818359375e-05, 0.0], [0.9975776672363281, 0.00189971923828125, 0.000522613525390625], [0.9996833801269531, 0.000316619873046875, 0.0], [0.9587173461914062, 0.03388214111328125, 0.0074005126953125], [0.999908447265625, 9.1552734375e-05, 0.0], [0.850799560546875, 0.11003494262695312, 0.039165496826171875], [0.9999656677246094, 3.4332275390625e-05, 0.0], [0.9764747619628906, 0.02077484130859375, 0.002750396728515625], [0.9999427795410156, 5.7220458984375e-05, 0.0], [0.8759346008300781, 0.09865951538085938, 0.0254058837890625], [0.9996147155761719, 0.000385284423828125, 0.0], [0.9564170837402344, 0.04199981689453125, 0.001583099365234375], [0.9997787475585938, 0.00022125244140625, 0.0], [0.8874702453613281, 0.09157943725585938, 0.0209503173828125], [0.9996109008789062, 0.00038909912109375, 0.0], [0.8614387512207031, 0.1320953369140625, 0.006465911865234375], [0.999755859375, 0.000244140625, 0.0], [0.9635810852050781, 0.03139495849609375, 0.005023956298828125], [0.9997673034667969, 0.000232696533203125, 0.0], [0.8834686279296875, 0.09545516967773438, 0.021076202392578125], [0.9998054504394531, 0.000194549560546875, 0.0], [0.8863296508789062, 0.0945587158203125, 0.01911163330078125], [1.0, 0.0, 0.0], [0.9783744812011719, 0.021030426025390625, 0.0005950927734375], [0.9996910095214844, 0.000308990478515625, 0.0], [0.9581108093261719, 0.034515380859375, 0.007373809814453125], [0.9999351501464844, 6.4849853515625e-05, 0.0], [0.9433708190917969, 0.051853179931640625, 0.0047760009765625], [0.9995765686035156, 0.000423431396484375, 0.0], [0.864166259765625, 0.10943984985351562, 0.026393890380859375], [0.9996490478515625, 0.0003509521484375, 0.0], [0.8538856506347656, 0.13005447387695312, 0.01605987548828125], [0.9997787475585938, 0.00022125244140625, 0.0], [0.8870010375976562, 0.0979461669921875, 0.01505279541015625], [0.9998207092285156, 0.000179290771484375, 0.0], [0.8846244812011719, 0.09495925903320312, 0.020416259765625], [0.9993095397949219, 0.000690460205078125, 0.0], [0.9866104125976562, 0.011264801025390625, 0.002124786376953125], [0.9986419677734375, 0.001003265380859375, 0.000354766845703125], [0.9688644409179688, 0.02854156494140625, 0.002593994140625], [1.0, 0.0, 0.0], [0.8569297790527344, 0.122344970703125, 0.020725250244140625], [0.9989852905273438, 0.00101470947265625, 0.0], [0.9563484191894531, 0.035511016845703125, 0.00814056396484375], [0.9997177124023438, 0.00028228759765625, 0.0], [0.8492393493652344, 0.13620758056640625, 0.014553070068359375], [0.9997901916503906, 0.000209808349609375, 0.0], [0.9769859313964844, 0.021381378173828125, 0.0016326904296875], [0.9973335266113281, 0.002666473388671875, 0.0], [0.9893646240234375, 0.009979248046875, 0.0006561279296875], [1.0, 0.0, 0.0], [0.9449310302734375, 0.050678253173828125, 0.004390716552734375], [1.0, 0.0, 0.0], [0.8718109130859375, 0.10591506958007812, 0.022274017333984375], [0.9990234375, 0.0009765625, 0.0], [0.9893646240234375, 0.0098724365234375, 0.000762939453125], [0.999603271484375, 0.000396728515625, 0.0], [0.9947280883789062, 0.004062652587890625, 0.001209259033203125], [0.9990234375, 0.0009765625, 0.0], [0.99188232421875, 0.006076812744140625, 0.002040863037109375], [0.9992904663085938, 0.00070953369140625, 0.0], [0.91656494140625, 0.08099365234375, 0.00244140625], [0.9990158081054688, 0.00098419189453125, 0.0], [0.9551239013671875, 0.040653228759765625, 0.004222869873046875], [0.9992828369140625, 0.0007171630859375, 0.0], [0.9125175476074219, 0.08390045166015625, 0.003582000732421875]], "candidate_count": 2400, "candidate_scores_path": "/groups/echambe2/gmeng/MedAL-Agent/repo/code/runs/frozen_v5/candidate_scores/msd_task03_liver__P6__s3000__r2.json", "predictions_path": "", "initial_labeled_path": "/groups/echambe2/gmeng/MedAL-Agent/repo/code/runs/frozen_v5/init_sets/msd_task03_liver__s3000__n25.json", "initial_labeled_ids": [], "selection_diagnostics": {"selu_valid_intersected": true, "selu_target_frac": 0.05322682112455368, "selu_boundary_frac": 0.0007643810822628438, "selu_score_target_mean": 0.08357153832912445, "selu_score_boundary_mean": 0.6272227764129639}, "training": {"num_iters": 1000, "batch_size": 12, "lr": 0.001, "image_size": 512, "aspect_preserve": true, "resolution_policy": "longside_pad32", "preproc_cache": {"pool": "hit", "val": "hit"}, "train_runtime_sec": 1130.3934390544891, "query_runtime_sec": 52.13166570663452, "iters": 2900, "stop_iter": 2900, "mean_loss": 0.2657201593497704, "last_loss": 0.38019007444381714, "stop_reason": "plateau", "hit_max_iters": false, "final_smooth_loss": 0.18017429783940314, "best_smooth_loss": 0.10364077210426331, "diverged": true, "loss_curve": [[1000, 0.27674024246633055], [1100, 0.2146846679598093], [1200, 0.23279959037899972], [1300, 0.2152802637964487], [1400, 0.18015919804573058], [1500, 0.2069660610705614], [1600, 0.21290657319128514], [1700, 0.16103768572211266], [1800, 0.15289612740278244], [1900, 0.16935787290334703], [2000, 0.1378006926178932], [2100, 0.1214906070381403], [2200, 0.14131822980940342], [2300, 0.13736512154340744], [2400, 0.10364077210426331], [2500, 0.10383229158818721], [2600, 0.11214817192405463], [2700, 0.10700075030326843], [2800, 0.10177534308284521], [2900, 0.18017429783940314]]}, "ckpt_id": "msd_task03_liver__P6__s3000__r2", "ckpt_path": "", "ckpt_hash": "11a252046366ecbe7961134658aaa6b5a8931ffcd19050f5c1d88dc0e07a3da5", "config_hash": "e4fae46d1c013eb7c36e2eeecfd787bd198e1e60b7f9bf7f044c146e0d2a9270", "feature_cache_keys": {}, "sam_model_type": "", "sam_checkpoint": "", "metrics": {"primary_metric": "mean_dsc_fg_case_macro", "metric_version": "v3_case_macro", "eval_scope": "case_retained_slices", "mean_dsc_fg_case_macro": 0.4916474838085284, "mean_dsc_fg": 0.4916474838085284, "mean_dsc_fg_pooled_diagnostic": 0.6322054759344066, "dsc_per_class_pooled": [0.9924434178425334, 0.8325346842875643, 0.43187626758124886], "dsc_per_class": [0.9924434178425334, 0.8325346842875643, 0.43187626758124886], "n_cases": 11, "n_eval": 500, "structure_detection_rate": 1.0, "missed_structure_rate": 0.0}, "runtime_sec": {"train": 1130.3934390544891, "eval": 6.64001202583313, "select": 52.13166570663452}, "gpu_mem_mb": 9418.0352, "gpu_name": "NVIDIA A40", "gpu_total_mem_mb": 47960.489984, "foundation": {}, "notes": ""}
{"schema_version": "v3", "run_id": "msd_task03_liver__P6__s3000", "round": 3, "dataset": "msd_task03_liver", "modality": "ct", "target": "liver", "dim": "3d", "query_unit": "slice", "seed": 3000, "round_seed": 3003, "component_seeds": {"model_init_seed": 3579842532, "loader_seed": 3462212509, "query_seed": 3091667733, "dropout_seed": 1977868587}, "total_rounds": 7, "budget_denominator": {"full_train_N": 16493, "requested_pool_cap": 5000, "actual_AL_pool_N": 2500, "budget_plan": [25, 50, 100, 176, 250, 375, 500], "fraction_of_AL_pool": 0.2, "fraction_of_full_train": 0.030315891590371673}, "policy_id": "P6", "policy_name": "SelectiveUncertaintyAL", "method_version": "1.0", "is_ablation": false, "policy_config": {}, "cumulative_budget": 176, "incremental_query_count": 74, "labeled_count": 176, "labeled_ratio": 0.0704, "selected_ids": ["liver_76_s083", "liver_89_s378", "liver_10_s304", "liver_89_s382", "liver_33_s212", "liver_6_s359", "liver_20_s181", "liver_6_s360", "liver_21_s260", "liver_90_s329", "liver_52_s103", "liver_34_s280", "liver_110_s364", "liver_94_s368", "liver_29_s172", "liver_44_s221", "liver_34_s105", "liver_89_s381", "liver_127_s449", "liver_100_s473", "liver_107_s268", "liver_94_s395", "liver_111_s258", "liver_69_s212", "liver_126_s177", "liver_86_s414", "liver_20_s167", "liver_33_s403", "liver_107_s267", "liver_76_s113", "liver_110_s363", "liver_94_s397", "liver_38_s210", "liver_15_s285", "liver_69_s137", "liver_69_s173", "liver_38_s209", "liver_90_s361", "liver_99_s168", "liver_92_s412", "liver_90_s307", "liver_86_s358", "liver_107_s277", "liver_28_s323", "liver_32_s177", "liver_101_s242", "liver_68_s154", "liver_94_s389", "liver_102_s150", "liver_95_s553", "liver_95_s555", "liver_34_s243", "liver_20_s179", "liver_96_s349", "liver_94_s398", "liver_11_s283", "liver_94_s411", "liver_127_s450", "liver_100_s463", "liver_94_s210", "liver_15_s256", "liver_62_s092", "liver_101_s336", "liver_111_s264", "liver_28_s332", "liver_99_s169", "liver_3_s457", "liver_99_s167", "liver_58_s119", "liver_28_s389", "liver_98_s170", "liver_111_s245", "liver_11_s285", "liver_98_s354"], "selected_scores": [0.5557479858398438, 0.48298197984695435, 0.5518050789833069, 0.48390039801597595, 0.5516806244850159, 0.38316529989242554, 0.5508856773376465, 0.3795452415943146, 0.5450336337089539, 0.3963758945465088, 0.541806161403656, 0.4184523820877075, 0.5406984090805054, 0.4064534902572632, 0.5354357957839966, 0.4012962877750397, 0.5175890922546387, 0.4746582508087158, 0.5151373744010925, 0.37548306584358215, 0.1990538239479065, 0.3892640471458435, 0.5146242380142212, 0.35237252712249756, 0.5098385214805603, 0.35386791825294495, 0.5093002319335938, 0.35755375027656555, 0.19682052731513977, 0.3525753617286682, 0.5079818964004517, 0.3940311670303345, 0.5066879987716675, 0.39733919501304626, 0.5049103498458862, 0.35820770263671875, 0.5036218166351318, 0.3679210841655731, 0.49613919854164124, 0.37525418400764465, 0.50072181224823, 0.4244900345802307, 0.4951411485671997, 0.356343150138855, 0.49456191062927246, 0.36409154534339905, 0.17245975136756897, 0.37549474835395813, 0.4844070374965668, 0.5056359171867371, 0.48295140266418457, 0.41265779733657837, 0.48109471797943115, 0.351902037858963, 0.3882063031196594, 0.47913163900375366, 0.40346625447273254, 0.47445380687713623, 0.36927762627601624, 0.4716569185256958, 0.4476553797721863, 0.47155672311782837, 0.3526926636695862, 0.4935815930366516, 0.35162144899368286, 0.4680829644203186, 0.3576571047306061, 0.4679027497768402, 0.466782808303833, 0.34773558378219604, 0.4659745693206787, 0.4868575930595398, 0.4656519889831543, 0.3535098731517792], "selected_pred_fg_ratio": [0.00034332275390625, 0.002063751220703125, 0.000797271728515625, 0.00511932373046875, 0.0, 0.0363616943359375, 0.000476837158203125, 0.037982940673828125, 0.000217437744140625, 0.015651702880859375, 0.000835418701171875, 0.012432098388671875, 0.000446319580078125, 0.036224365234375, 0.000148773193359375, 0.01576995849609375, 0.00016021728515625, 0.0045623779296875, 0.000408172607421875, 0.08037185668945312, 0.0, 0.03562164306640625, 0.00255584716796875, 0.127471923828125, 0.001834869384765625, 0.05608367919921875, 0.001861572265625, 0.051692962646484375, 0.0, 0.06287002563476562, 0.000743865966796875, 0.032459259033203125, 0.000423431396484375, 0.08982086181640625, 0.00041961669921875, 0.058971405029296875, 0.000934600830078125, 0.062168121337890625, 0.000675201416015625, 0.04796600341796875, 0.00278472900390625, 0.014888763427734375, 0.00156402587890625, 0.05590057373046875, 0.00301361083984375, 0.030651092529296875, 0.0, 0.034637451171875, 0.000438690185546875, 0.005809783935546875, 0.002460479736328125, 0.013072967529296875, 0.00138092041015625, 0.06287002563476562, 0.0302734375, 0.0042877197265625, 0.025485992431640625, 0.000469207763671875, 0.07059860229492188, 0.00301361083984375, 0.016071319580078125, 0.002185821533203125, 0.061473846435546875, 0.00821685791015625, 0.0589447021484375, 0.000820159912109375, 0.09930038452148438, 0.0007781982421875, 0.000431060791015625, 0.06621551513671875, 0.002681732177734375, 0.0039215087890625, 0.00568389892578125, 0.075927734375], "selected_pred_class_dist": [[0.9996566772460938, 0.00034332275390625, 0.0], [0.9979362487792969, 0.00193023681640625, 0.000133514404296875], [0.9992027282714844, 0.000797271728515625, 0.0], [0.9948806762695312, 0.0050048828125, 0.00011444091796875], [1.0, 0.0, 0.0], [0.9636383056640625, 0.035770416259765625, 0.000591278076171875], [0.9995231628417969, 0.000476837158203125, 0.0], [0.9620170593261719, 0.037014007568359375, 0.00096893310546875], [0.9997825622558594, 0.000217437744140625, 0.0], [0.9843482971191406, 0.0146026611328125, 0.001049041748046875], [0.9991645812988281, 0.000835418701171875, 0.0], [0.9875679016113281, 0.011280059814453125, 0.00115203857421875], [0.9995536804199219, 0.000446319580078125, 0.0], [0.963775634765625, 0.03173828125, 0.004486083984375], [0.9998512268066406, 0.000148773193359375, 0.0], [0.9842300415039062, 0.01519775390625, 0.00057220458984375], [0.9998397827148438, 0.00016021728515625, 0.0], [0.9954376220703125, 0.004550933837890625, 1.1444091796875e-05], [0.9995918273925781, 0.000408172607421875, 0.0], [0.9196281433105469, 0.06753158569335938, 0.01284027099609375], [1.0, 0.0, 0.0], [0.9643783569335938, 0.02919769287109375, 0.0064239501953125], [0.9974441528320312, 0.00255584716796875, 0.0], [0.872528076171875, 0.12479019165039062, 0.002681732177734375], [0.9981651306152344, 0.001834869384765625, 0.0], [0.9439163208007812, 0.05461883544921875, 0.00146484375], [0.998138427734375, 0.001861572265625, 0.0], [0.9483070373535156, 0.04998016357421875, 0.001712799072265625], [1.0, 0.0, 0.0], [0.9371299743652344, 0.05944061279296875, 0.003429412841796875], [0.9992561340332031, 0.000743865966796875, 0.0], [0.9675407409667969, 0.026432037353515625, 0.0060272216796875], [0.9995765686035156, 0.000423431396484375, 0.0], [0.9101791381835938, 0.0826568603515625, 0.00716400146484375], [0.9995803833007812, 0.00041961669921875, 0.0], [0.9410285949707031, 0.05251312255859375, 0.006458282470703125], [0.9990653991699219, 0.000934600830078125, 0.0], [0.9378318786621094, 0.050418853759765625, 0.011749267578125], [0.9993247985839844, 0.000675201416015625, 0.0], [0.9520339965820312, 0.0457611083984375, 0.00220489501953125], [0.9972152709960938, 0.00278472900390625, 0.0], [0.9851112365722656, 0.013065338134765625, 0.00182342529296875], [0.9984359741210938, 0.00156402587890625, 0.0], [0.9440994262695312, 0.046764373779296875, 0.009136199951171875], [0.9969863891601562, 0.00301361083984375, 0.0], [0.9693489074707031, 0.028934478759765625, 0.00171661376953125], [1.0, 0.0, 0.0], [0.965362548828125, 0.0272064208984375, 0.0074310302734375], [0.9995613098144531, 0.000438690185546875, 0.0], [0.9941902160644531, 0.005031585693359375, 0.0007781982421875], [0.9975395202636719, 0.002460479736328125, 0.0], [0.9869270324707031, 0.012035369873046875, 0.00103759765625], [0.9986190795898438, 0.00138092041015625, 0.0], [0.9371299743652344, 0.0623931884765625, 0.000476837158203125], [0.9697265625, 0.025783538818359375, 0.004489898681640625], [0.9957122802734375, 0.0042877197265625, 0.0], [0.9745140075683594, 0.02155303955078125, 0.003932952880859375], [0.9995307922363281, 0.000469207763671875, 0.0], [0.9294013977050781, 0.058349609375, 0.012248992919921875], [0.9969863891601562, 0.00301361083984375, 0.0], [0.9839286804199219, 0.013507843017578125, 0.0025634765625], [0.9978141784667969, 0.002185821533203125, 0.0], [0.9385261535644531, 0.060150146484375, 0.001323699951171875], [0.9917831420898438, 0.00659942626953125, 0.001617431640625], [0.9410552978515625, 0.049007415771484375, 0.009937286376953125], [0.9991798400878906, 0.000820159912109375, 0.0], [0.9006996154785156, 0.09279632568359375, 0.006504058837890625], [0.9992218017578125, 0.0007781982421875, 0.0], [0.9995689392089844, 0.000431060791015625, 0.0], [0.9337844848632812, 0.0633087158203125, 0.00290679931640625], [0.9973182678222656, 0.002681732177734375, 0.0], [0.9960784912109375, 0.0038299560546875, 9.1552734375e-05], [0.9943161010742188, 0.00568389892578125, 0.0], [0.924072265625, 0.0601654052734375, 0.0157623291015625]], "candidate_count": 2324, "candidate_scores_path": "/groups/echambe2/gmeng/MedAL-Agent/repo/code/runs/frozen_v5/candidate_scores/msd_task03_liver__P6__s3000__r3.json", "predictions_path": "", "initial_labeled_path": "/groups/echambe2/gmeng/MedAL-Agent/repo/code/runs/frozen_v5/init_sets/msd_task03_liver__s3000__n25.json", "initial_labeled_ids": [], "selection_diagnostics": {"selu_valid_intersected": true, "selu_target_frac": 0.053039584308862686, "selu_boundary_frac": 0.0007041087374091148, "selu_score_target_mean": 0.07459060847759247, "selu_score_boundary_mean": 0.629475474357605}, "training": {"num_iters": 1000, "batch_size": 12, "lr": 0.001, "image_size": 512, "aspect_preserve": true, "resolution_policy": "longside_pad32", "preproc_cache": {"pool": "hit", "val": "hit"}, "train_runtime_sec": 1149.3076627254486, "query_runtime_sec": 49.85810732841492, "iters": 2900, "stop_iter": 2900, "mean_loss": 0.2641497575761429, "last_loss": 0.06534187495708466, "stop_reason": "plateau", "hit_max_iters": false, "final_smooth_loss": 0.10187358576804399, "best_smooth_loss": 0.09603413458913565, "diverged": false, "loss_curve": [[1000, 0.2215810252726078], [1100, 0.17999461479485035], [1200, 0.1888806003332138], [1300, 0.20178421571850777], [1400, 0.1883044845610857], [1500, 0.18151623107492923], [1600, 0.16401420317590237], [1700, 0.14101771458983423], [1800, 0.12066427558660507], [1900, 0.13486053325235844], [2000, 0.13032212045043706], [2100, 0.1488256861269474], [2200, 0.11440471768379211], [2300, 0.10310513120144606], [2400, 0.09603413458913565], [2500, 0.11381376404315233], [2600, 0.10018602680414915], [2700, 0.1752122063562274], [2800, 0.1400558376312256], [2900, 0.10187358576804399]]}, "ckpt_id": "msd_task03_liver__P6__s3000__r3", "ckpt_path": "", "ckpt_hash": "2a953418ae8446829a921ffdd67e51fd65240c1dc8ce36abb38775685775436f", "config_hash": "e4fae46d1c013eb7c36e2eeecfd787bd198e1e60b7f9bf7f044c146e0d2a9270", "feature_cache_keys": {}, "sam_model_type": "", "sam_checkpoint": "", "metrics": {"primary_metric": "mean_dsc_fg_case_macro", "metric_version": "v3_case_macro", "eval_scope": "case_retained_slices", "mean_dsc_fg_case_macro": 0.5147986050961212, "mean_dsc_fg": 0.5147986050961212, "mean_dsc_fg_pooled_diagnostic": 0.6957166483940453, "dsc_per_class_pooled": [0.9933452210018552, 0.8537208061865056, 0.537712490601585], "dsc_per_class": [0.9933452210018552, 0.8537208061865056, 0.537712490601585], "n_cases": 11, "n_eval": 500, "structure_detection_rate": 0.9090909090909091, "missed_structure_rate": 0.09090909090909094}, "runtime_sec": {"train": 1149.3076627254486, "eval": 7.099296569824219, "select": 49.85810732841492}, "gpu_mem_mb": 9418.051584, "gpu_name": "NVIDIA A40", "gpu_total_mem_mb": 47960.489984, "foundation": {}, "notes": ""}
