{"schema_version": "v3", "run_id": "msd_task03_liver__P9__s1000", "round": 0, "dataset": "msd_task03_liver", "modality": "ct", "target": "liver", "dim": "3d", "query_unit": "slice", "seed": 1000, "round_seed": 1000, "component_seeds": {"model_init_seed": 2989689681, "loader_seed": 4191542321, "query_seed": 2529548519, "dropout_seed": 3619692248}, "total_rounds": 7, "budget_denominator": {"full_train_N": 15643, "requested_pool_cap": 5000, "actual_AL_pool_N": 2500, "budget_plan": [25, 50, 100, 176, 250, 375, 500], "fraction_of_AL_pool": 0.2, "fraction_of_full_train": 0.031963178418461934}, "policy_id": "P9", "policy_name": "PAAL", "method_version": "1.0", "is_ablation": false, "policy_config": {}, "cumulative_budget": 25, "incremental_query_count": 25, "labeled_count": 25, "labeled_ratio": 0.01, "selected_ids": ["liver_26_s271", "liver_79_s092", "liver_36_s221", "liver_31_s405", "liver_83_s316", "liver_101_s205", "liver_68_s107", "liver_26_s220", "liver_5_s212", "liver_44_s348", "liver_31_s403", "liver_39_s219", "liver_101_s217", "liver_65_s380", "liver_25_s414", "liver_109_s309", "liver_39_s432", "liver_31_s413", "liver_83_s339", "liver_101_s204", "liver_16_s445", "liver_127_s322", "liver_121_s231", "liver_44_s326", "liver_31_s401"], "selected_scores": [1.4443848133087158, 2.8062920570373535, 1.2780346870422363, 2.5299072265625, 2.446287155151367, 2.653027057647705, 3.0386905670166016, 1.2712126970291138, 2.205594539642334, 0.9276437759399414, 2.2789907455444336, 1.5679467916488647, 2.1602256298065186, 3.013089656829834, 1.1060782670974731, 2.195802688598633, 0.7117351293563843, 1.5537660121917725, 1.1379272937774658, 2.1595726013183594, 2.075007915496826, 1.0680501461029053, 2.002776622772217, 0.5472629070281982, 1.530441164970398], "selected_pred_fg_ratio": [0.00689697265625, 0.015056610107421875, 0.00655364990234375, 0.031543731689453125, 0.02028656005859375, 0.031768798828125, 0.04387664794921875, 0.0037994384765625, 0.01303863525390625, 0.0366363525390625, 0.0320281982421875, 0.023777008056640625, 0.030536651611328125, 0.030384063720703125, 0.024272918701171875, 0.012897491455078125, 0.0102691650390625, 0.027263641357421875, 0.030223846435546875, 0.029758453369140625, 0.05914306640625, 0.01879119873046875, 0.042083740234375, 0.03679656982421875, 0.032459259033203125], "selected_pred_class_dist": [[0.99310302734375, 0.00689697265625, 0.0], [0.9849433898925781, 0.015056610107421875, 0.0], [0.9934463500976562, 0.00655364990234375, 0.0], [0.9684562683105469, 0.031543731689453125, 0.0], [0.9797134399414062, 0.02028656005859375, 0.0], [0.968231201171875, 0.031768798828125, 0.0], [0.9561233520507812, 0.04354095458984375, 0.000335693359375], [0.9962005615234375, 0.0037994384765625, 0.0], [0.9869613647460938, 0.01303863525390625, 0.0], [0.9633636474609375, 0.0366363525390625, 0.0], [0.9679718017578125, 0.0320281982421875, 0.0], [0.9762229919433594, 0.023777008056640625, 0.0], [0.9694633483886719, 0.030536651611328125, 0.0], [0.9696159362792969, 0.030384063720703125, 0.0], [0.9757270812988281, 0.024272918701171875, 0.0], [0.9871025085449219, 0.012897491455078125, 0.0], [0.9897308349609375, 0.0102691650390625, 0.0], [0.9727363586425781, 0.027263641357421875, 0.0], [0.9697761535644531, 0.030223846435546875, 0.0], [0.9702415466308594, 0.029758453369140625, 0.0], [0.94085693359375, 0.05914306640625, 0.0], [0.9812088012695312, 0.01879119873046875, 0.0], [0.957916259765625, 0.04184722900390625, 0.00023651123046875], [0.9632034301757812, 0.03679656982421875, 0.0], [0.9675407409667969, 0.032459259033203125, 0.0]], "candidate_count": 2475, "candidate_scores_path": "/groups/echambe2/gmeng/MedAL-Agent/repo/code/runs/frozen_v5/candidate_scores/msd_task03_liver__P9__s1000__r0.json", "predictions_path": "", "initial_labeled_path": "/groups/echambe2/gmeng/MedAL-Agent/repo/code/runs/frozen_v5/init_sets/msd_task03_liver__s1000__n25.json", "initial_labeled_ids": ["liver_101_s364", "liver_107_s460", "liver_109_s311", "liver_110_s521", "liver_111_s295", "liver_117_s440", "liver_119_s278", "liver_122_s250", "liver_127_s422", "liver_13_s400", "liver_14_s280", "liver_15_s281", "liver_21_s343", "liver_28_s458", "liver_30_s288", "liver_30_s405", "liver_30_s413", "liver_31_s255", "liver_31_s404", "liver_44_s203", "liver_47_s427", "liver_71_s084", "liver_93_s268", "liver_93_s493", "liver_98_s257"], "selection_diagnostics": {"paal_ap_epochs": 200, "paal_ap_loss_mean": 0.008510692161169712, "paal_ap_loss_last": 0.00022203636225363564, "paal_ap_val_corr": -0.08562356249025947, "paal_ap_n_train": 23, "paal_ap_n_val": 2, "paal_pred_acc_mean": 0.9519181251525879, "paal_pred_acc_std": 0.1546768993139267, "paal_score_mean": 0.09992122650146484, "paal_score_std": 0.2852514684200287, "paal_n_clusters": 7, "paal_cluster_sizes": [296, 661, 286, 176, 216, 167, 673], "paal_selected_clusters": [0, 1, 2, 3, 4, 5, 6, 0, 1, 2, 3, 4, 5, 6, 0, 1, 2, 3, 4, 5, 6, 0, 1, 2, 3]}, "training": {"num_iters": 1000, "batch_size": 12, "lr": 0.001, "image_size": 512, "aspect_preserve": true, "resolution_policy": "longside_pad32", "preproc_cache": {"pool": "hit", "val": "hit"}, "train_runtime_sec": 1492.8571479320526, "query_runtime_sec": 119.40418100357056, "iters": 3800, "stop_iter": 3800, "mean_loss": 0.20769850580560925, "last_loss": 0.03689436987042427, "stop_reason": "plateau", "hit_max_iters": false, "final_smooth_loss": 0.058763496093451974, "best_smooth_loss": 0.05304753081873059, "diverged": false, "loss_curve": [[1000, 0.17997159175574778], [1100, 0.16610030584037305], [1200, 0.1723717464506626], [1300, 0.176796999797225], [1400, 0.16157849721610545], [1500, 0.15840756826102734], [1600, 0.18219376172870397], [1700, 0.1512213299050927], [1800, 0.15700546834617854], [1900, 0.15723616566509008], [2000, 0.14861077524721622], [2100, 0.13598191630095244], [2200, 0.19519212998449803], [2300, 0.14833508722484112], [2400, 0.16580487303435804], [2500, 0.13583810701966287], [2600, 0.10698373895138502], [2700, 0.12164376605302095], [2800, 0.08228980995714665], [2900, 0.06610577328130603], [3000, 0.08108313594013453], [3100, 0.07191512059420348], [3200, 0.05942306539043784], [3300, 0.05304753081873059], [3400, 0.05154827918857336], [3500, 0.06766387775540351], [3600, 0.07123266346752644], [3700, 0.08541765868663788], [3800, 0.058763496093451974]]}, "ckpt_id": "msd_task03_liver__P9__s1000__r0", "ckpt_path": "", "ckpt_hash": "bffd2b036b0efc6bafd328f68d15bff4842b472950377a2e18b5ff4a567cc511", "config_hash": "e4fae46d1c013eb7c36e2eeecfd787bd198e1e60b7f9bf7f044c146e0d2a9270", "feature_cache_keys": {"task_unet": "task_unet_bottleneck@bffd2b036b0e"}, "sam_model_type": "", "sam_checkpoint": "", "metrics": {"primary_metric": "mean_dsc_fg_case_macro", "metric_version": "v3_case_macro", "eval_scope": "case_retained_slices", "mean_dsc_fg_case_macro": 0.4082293377176942, "mean_dsc_fg": 0.4082293377176942, "mean_dsc_fg_pooled_diagnostic": 0.4373732835692584, "dsc_per_class_pooled": [0.990207943502773, 0.7557540897486089, 0.11899247738990787], "dsc_per_class": [0.990207943502773, 0.7557540897486089, 0.11899247738990787], "n_cases": 11, "n_eval": 500, "structure_detection_rate": 1.0, "missed_structure_rate": 0.0}, "runtime_sec": {"train": 1492.8571479320526, "eval": 8.276631116867065, "select": 119.40418100357056}, "gpu_mem_mb": 9368.62208, "gpu_name": "NVIDIA A40", "gpu_total_mem_mb": 47960.489984, "foundation": {}, "notes": ""}
{"schema_version": "v3", "run_id": "msd_task03_liver__P9__s1000", "round": 1, "dataset": "msd_task03_liver", "modality": "ct", "target": "liver", "dim": "3d", "query_unit": "slice", "seed": 1000, "round_seed": 1001, "component_seeds": {"model_init_seed": 1028625171, "loader_seed": 316625031, "query_seed": 253434028, "dropout_seed": 3317428529}, "total_rounds": 7, "budget_denominator": {"full_train_N": 15643, "requested_pool_cap": 5000, "actual_AL_pool_N": 2500, "budget_plan": [25, 50, 100, 176, 250, 375, 500], "fraction_of_AL_pool": 0.2, "fraction_of_full_train": 0.031963178418461934}, "policy_id": "P9", "policy_name": "PAAL", "method_version": "1.0", "is_ablation": false, "policy_config": {}, "cumulative_budget": 50, "incremental_query_count": 50, "labeled_count": 50, "labeled_ratio": 0.02, "selected_ids": ["liver_21_s317", "liver_18_s387", "liver_31_s382", "liver_44_s337", "liver_106_s453", "liver_110_s410", "liver_116_s418", "liver_11_s394", "liver_90_s315", "liver_39_s360", "liver_31_s384", "liver_44_s402", "liver_106_s454", "liver_110_s377", "liver_105_s259", "liver_86_s404", "liver_90_s391", "liver_18_s381", "liver_31_s376", "liver_33_s380", "liver_122_s251", "liver_110_s378", "liver_83_s171", "liver_67_s124", "liver_6_s386", "liver_22_s114", "liver_38_s409", "liver_44_s338", "liver_106_s449", "liver_110_s360", "liver_105_s327", "liver_7_s461", "liver_112_s308", "liver_127_s452", "liver_45_s335", "liver_32_s380", "liver_106_s452", "liver_16_s284", "liver_83_s199", "liver_69_s197", "liver_112_s307", "liver_18_s383", "liver_45_s419", "liver_32_s327", "liver_65_s284", "liver_110_s366", "liver_83_s207", "liver_93_s265", "liver_10_s304", "liver_127_s451"], "selected_scores": [1.8396210670471191, 1.8471920490264893, 1.6940326690673828, 1.3438352346420288, 2.8678786754608154, 0.9147558212280273, 1.3604037761688232, 4.605171203613281, 1.2661902904510498, 1.3864134550094604, 1.205801248550415, 1.0610737800598145, 2.713195323944092, 0.8182862997055054, 0.5995159149169922, 2.4743492603302, 0.9471856951713562, 1.124563217163086, 1.1290264129638672, 0.7648405432701111, 1.618823766708374, 0.8172191977500916, 0.48312491178512573, 1.77298104763031, 0.9405474662780762, 1.0519603490829468, 0.7860177755355835, 0.7198273539543152, 1.271073818206787, 0.7664920687675476, 0.4303475618362427, 1.6575603485107422, 0.8747140765190125, 0.8104695081710815, 0.5860953330993652, 0.688753604888916, 1.2523373365402222, 0.7449340224266052, 0.36641472578048706, 1.4236211776733398, 0.8585898280143738, 0.7554433345794678, 0.5533841848373413, 0.5388550758361816, 1.244630217552185, 0.7173231840133667, 0.36307889223098755, 1.4035319089889526, 0.7647404074668884, 0.7331158518791199], "selected_pred_fg_ratio": [0.048038482666015625, 0.017963409423828125, 0.033901214599609375, 0.045063018798828125, 0.09035491943359375, 0.04274749755859375, 0.027164459228515625, 0.16659927368164062, 0.00786590576171875, 0.06776809692382812, 0.03348541259765625, 0.042369842529296875, 0.0886688232421875, 0.0, 0.010509490966796875, 0.046527862548828125, 0.09734725952148438, 0.021648406982421875, 0.033779144287109375, 0.04308319091796875, 0.07717514038085938, 0.0, 0.00025177001953125, 0.07405853271484375, 0.06725311279296875, 0.022808074951171875, 0.041767120361328125, 0.044826507568359375, 0.09541702270507812, 0.0, 0.01657867431640625, 0.11090087890625, 0.0, 0.0020294189453125, 0.020702362060546875, 0.053211212158203125, 0.0914154052734375, 0.003997802734375, 0.001415252685546875, 0.11640548706054688, 1.1444091796875e-05, 0.020046234130859375, 0.01544952392578125, 0.0449676513671875, 0.0135955810546875, 0.0, 0.001667022705078125, 2.288818359375e-05, 0.0, 0.00278472900390625], "selected_pred_class_dist": [[0.9519615173339844, 0.048038482666015625, 0.0], [0.9820365905761719, 0.017963409423828125, 0.0], [0.9660987854003906, 0.033901214599609375, 0.0], [0.9549369812011719, 0.045055389404296875, 7.62939453125e-06], [0.9096450805664062, 0.09026336669921875, 9.1552734375e-05], [0.9572525024414062, 0.04254913330078125, 0.0001983642578125], [0.9728355407714844, 0.027164459228515625, 0.0], [0.8334007263183594, 0.15699386596679688, 0.00960540771484375], [0.9921340942382812, 0.00786590576171875, 0.0], [0.9322319030761719, 0.06768035888671875, 8.7738037109375e-05], [0.9665145874023438, 0.03348541259765625, 0.0], [0.9576301574707031, 0.041713714599609375, 0.0006561279296875], [0.9113311767578125, 0.08832550048828125, 0.00034332275390625], [1.0, 0.0, 0.0], [0.9894905090332031, 0.010509490966796875, 0.0], [0.9534721374511719, 0.046527862548828125, 0.0], [0.9026527404785156, 0.09334182739257812, 0.00400543212890625], [0.9783515930175781, 0.021648406982421875, 0.0], [0.9662208557128906, 0.033779144287109375, 0.0], [0.9569168090820312, 0.03903961181640625, 0.0040435791015625], [0.9228248596191406, 0.07668685913085938, 0.00048828125], [1.0, 0.0, 0.0], [0.9997482299804688, 0.00025177001953125, 0.0], [0.9259414672851562, 0.07394790649414062, 0.000110626220703125], [0.9327468872070312, 0.06608963012695312, 0.001163482666015625], [0.9771919250488281, 0.022808074951171875, 0.0], [0.9582328796386719, 0.041767120361328125, 0.0], [0.9551734924316406, 0.044178009033203125, 0.00064849853515625], [0.9045829772949219, 0.09394073486328125, 0.001476287841796875], [1.0, 0.0, 0.0], [0.9834213256835938, 0.01657867431640625, 0.0], [0.88909912109375, 0.11065292358398438, 0.000247955322265625], [1.0, 0.0, 0.0], [0.9979705810546875, 0.0020294189453125, 0.0], [0.9792976379394531, 0.020702362060546875, 0.0], [0.9467887878417969, 0.053211212158203125, 0.0], [0.9085845947265625, 0.0914154052734375, 0.0], [0.996002197265625, 0.003997802734375, 0.0], [0.9985847473144531, 0.001415252685546875, 0.0], [0.8835945129394531, 0.11602020263671875, 0.000385284423828125], [0.9999885559082031, 1.1444091796875e-05, 0.0], [0.9799537658691406, 0.020046234130859375, 0.0], [0.9845504760742188, 0.01544952392578125, 0.0], [0.9550323486328125, 0.044849395751953125, 0.000118255615234375], [0.9864044189453125, 0.0135955810546875, 0.0], [1.0, 0.0, 0.0], [0.9983329772949219, 0.001667022705078125, 0.0], [0.9999771118164062, 2.288818359375e-05, 0.0], [1.0, 0.0, 0.0], [0.9972152709960938, 0.00278472900390625, 0.0]], "candidate_count": 2450, "candidate_scores_path": "/groups/echambe2/gmeng/MedAL-Agent/repo/code/runs/frozen_v5/candidate_scores/msd_task03_liver__P9__s1000__r1.json", "predictions_path": "", "initial_labeled_path": "/groups/echambe2/gmeng/MedAL-Agent/repo/code/runs/frozen_v5/init_sets/msd_task03_liver__s1000__n25.json", "initial_labeled_ids": [], "selection_diagnostics": {"paal_ap_epochs": 200, "paal_ap_loss_mean": 0.0050704999876804565, "paal_ap_loss_last": 0.0005376455155783333, "paal_ap_val_corr": -0.08300018970143466, "paal_ap_n_train": 45, "paal_ap_n_val": 5, "paal_pred_acc_mean": 0.956632673740387, "paal_pred_acc_std": 0.14468716084957123, "paal_score_mean": 0.08161334693431854, "paal_score_std": 0.2405516803264618, "paal_n_clusters": 8, "paal_cluster_sizes": [461, 239, 134, 308, 268, 216, 280, 544], "paal_selected_clusters": [0, 1, 2, 3, 4, 5, 6, 7, 0, 1, 2, 3, 4, 5, 6, 7, 0, 1, 2, 3, 4, 5, 6, 7, 0, 1, 2, 3, 4, 5, 6, 7, 0, 1, 2, 3, 4, 5, 6, 7, 0, 1, 2, 3, 4, 5, 6, 7, 0, 1]}, "training": {"num_iters": 1000, "batch_size": 12, "lr": 0.001, "image_size": 512, "aspect_preserve": true, "resolution_policy": "longside_pad32", "preproc_cache": {"pool": "hit", "val": "hit"}, "train_runtime_sec": 1295.5437915325165, "query_runtime_sec": 181.08004999160767, "iters": 3300, "stop_iter": 3300, "mean_loss": 0.20725790376803188, "last_loss": 0.053544484078884125, "stop_reason": "plateau", "hit_max_iters": false, "final_smooth_loss": 0.07596954088658095, "best_smooth_loss": 0.056818705275654795, "diverged": false, "loss_curve": [[1000, 0.15310040403157474], [1100, 0.15999474190175533], [1200, 0.12360595468431711], [1300, 0.15219228077679872], [1400, 0.13038338858634232], [1500, 0.11031246714293957], [1600, 0.1540680657327175], [1700, 0.16202247209846973], [1800, 0.1120122392475605], [1900, 0.09787322483956813], [2000, 0.10654537186026573], [2100, 0.08025484524667263], [2200, 0.08517943996936082], [2300, 0.08536722414195537], [2400, 0.0743094414845109], [2500, 0.08009263038635255], [2600, 0.0973282402381301], [2700, 0.07031299911439419], [2800, 0.056818705275654795], [2900, 0.0730841863155365], [3000, 0.05317774925380945], [3100, 0.06706451706588268], [3200, 0.0729511895030737], [3300, 0.07596954088658095]]}, "ckpt_id": "msd_task03_liver__P9__s1000__r1", "ckpt_path": "", "ckpt_hash": "56a3699eeba879f4f817e234f69c2baa0a6957d53a5fbaf7234c4e208e391b03", "config_hash": "e4fae46d1c013eb7c36e2eeecfd787bd198e1e60b7f9bf7f044c146e0d2a9270", "feature_cache_keys": {"task_unet": "task_unet_bottleneck@56a3699eeba8"}, "sam_model_type": "", "sam_checkpoint": "", "metrics": {"primary_metric": "mean_dsc_fg_case_macro", "metric_version": "v3_case_macro", "eval_scope": "case_retained_slices", "mean_dsc_fg_case_macro": 0.48155865605362413, "mean_dsc_fg": 0.48155865605362413, "mean_dsc_fg_pooled_diagnostic": 0.5266285119546189, "dsc_per_class_pooled": [0.9919120949661758, 0.7953185774021543, 0.25793844650708353], "dsc_per_class": [0.9919120949661758, 0.7953185774021543, 0.25793844650708353], "n_cases": 11, "n_eval": 500, "structure_detection_rate": 1.0, "missed_structure_rate": 0.0}, "runtime_sec": {"train": 1295.5437915325165, "eval": 8.399790525436401, "select": 181.08004999160767}, "gpu_mem_mb": 9577.35424, "gpu_name": "NVIDIA A40", "gpu_total_mem_mb": 47960.489984, "foundation": {}, "notes": ""}
{"schema_version": "v3", "run_id": "msd_task03_liver__P9__s1000", "round": 2, "dataset": "msd_task03_liver", "modality": "ct", "target": "liver", "dim": "3d", "query_unit": "slice", "seed": 1000, "round_seed": 1002, "component_seeds": {"model_init_seed": 265999627, "loader_seed": 1465654863, "query_seed": 2544461518, "dropout_seed": 3552612840}, "total_rounds": 7, "budget_denominator": {"full_train_N": 15643, "requested_pool_cap": 5000, "actual_AL_pool_N": 2500, "budget_plan": [25, 50, 100, 176, 250, 375, 500], "fraction_of_AL_pool": 0.2, "fraction_of_full_train": 0.031963178418461934}, "policy_id": "P9", "policy_name": "PAAL", "method_version": "1.0", "is_ablation": false, "policy_config": {}, "cumulative_budget": 100, "incremental_query_count": 76, "labeled_count": 100, "labeled_ratio": 0.04, "selected_ids": ["liver_83_s320", "liver_31_s337", "liver_130_s550", "liver_119_s276", "liver_28_s139", "liver_98_s163", "liver_83_s117", "liver_44_s325", "liver_11_s390", "liver_26_s353", "liver_45_s274", "liver_122_s253", "liver_82_s454", "liver_29_s397", "liver_26_s329", "liver_30_s382", "liver_31_s349", "liver_90_s426", "liver_26_s354", "liver_31_s275", "liver_93_s492", "liver_119_s275", "liver_36_s285", "liver_98_s251", "liver_83_s118", "liver_28_s396", "liver_90_s427", "liver_26_s367", "liver_31_s314", "liver_80_s170", "liver_12_s403", "liver_44_s187", "liver_98_s250", "liver_116_s410", "liver_33_s398", "liver_93_s351", "liver_130_s349", "liver_45_s275", "liver_122_s272", "liver_117_s434", "liver_38_s202", "liver_25_s248", "liver_18_s379", "liver_40_s436", "liver_77_s073", "liver_130_s348", "liver_31_s333", "liver_122_s248", "liver_117_s432", "liver_47_s433", "liver_25_s294", "liver_127_s377", "liver_44_s392", "liver_12_s374", "liver_4_s190", "liver_31_s334", "liver_124_s218", "liver_112_s415", "liver_47_s431", "liver_25_s296", "liver_127_s372", "liver_33_s422", "liver_90_s428", "liver_130_s336", "liver_45_s276", "liver_14_s378", "liver_112_s417", "liver_36_s284", "liver_68_s092", "liver_127_s373", "liver_33_s420", "liver_12_s389", "liver_49_s158", "liver_31_s207", "liver_117_s478", "liver_109_s442"], "selected_scores": [1.4297034740447998, 0.4812093675136566, 1.4879684448242188, 1.833775281906128, 1.1390774250030518, 1.0216633081436157, 0.6743054389953613, 2.092717170715332, 1.741117238998413, 1.1030179262161255, 0.4786580502986908, 1.4727448225021362, 1.6141637563705444, 0.5682039856910706, 0.9298549890518188, 0.6061334013938904, 0.8855223655700684, 1.2830564975738525, 0.9389212131500244, 0.47609400749206543, 1.1778278350830078, 1.5700677633285522, 0.46447283029556274, 0.7109894156455994, 0.5555926561355591, 0.6450713872909546, 1.2303375005722046, 0.770829439163208, 0.45200392603874207, 0.8765594959259033, 1.54171884059906, 0.3598628640174866, 0.7072676420211792, 0.5277252197265625, 0.540152907371521, 1.1854394674301147, 0.4878327548503876, 0.38267987966537476, 0.8707358241081238, 1.3833674192428589, 0.32027286291122437, 0.6933764219284058, 0.510168731212616, 0.528340756893158, 1.179388165473938, 0.4834604263305664, 0.3820851445198059, 0.8696573972702026, 1.3192375898361206, 0.3005681037902832, 0.6425865888595581, 0.5055378675460815, 0.4464857578277588, 1.0870907306671143, 0.46323010325431824, 0.3487793207168579, 0.8422437906265259, 1.2285109758377075, 0.29553958773612976, 0.5745310187339783, 0.4253450632095337, 0.44338569045066833, 1.0336878299713135, 0.4539903998374939, 0.3362835645675659, 0.6884377002716064, 1.1172610521316528, 0.2935209274291992, 0.5191304683685303, 0.3983277976512909, 0.36363062262535095, 1.0012781620025635, 0.44241392612457275, 0.3350350856781006, 0.6871308088302612, 1.0269168615341187], "selected_pred_fg_ratio": [0.02849578857421875, 0.033447265625, 0.09325790405273438, 0.1085357666015625, 0.0218353271484375, 0.0115203857421875, 0.00881195068359375, 0.047210693359375, 0.16603851318359375, 0.049266815185546875, 0.021697998046875, 0.07535171508789062, 0.15568161010742188, 0.027515411376953125, 0.049434661865234375, 0.06795883178710938, 0.0376434326171875, 0.13131332397460938, 0.048877716064453125, 0.024616241455078125, 0.030071258544921875, 0.1120147705078125, 0.0200042724609375, 0.0319366455078125, 0.00841522216796875, 0.06287384033203125, 0.13103866577148438, 0.040378570556640625, 0.02602386474609375, 0.14707565307617188, 0.17888641357421875, 0.0125732421875, 0.03195953369140625, 0.029651641845703125, 0.053539276123046875, 0.08467864990234375, 0.008815765380859375, 0.02124786376953125, 0.06469345092773438, 0.09900283813476562, 0.02873992919921875, 0.0382232666015625, 0.026031494140625, 0.045032501220703125, 0.09176254272460938, 0.009868621826171875, 0.0323638916015625, 0.09647750854492188, 0.1050567626953125, 0.002414703369140625, 0.051029205322265625, 0.03211212158203125, 0.056453704833984375, 0.1528778076171875, 0.01851654052734375, 0.0322723388671875, 0.07558822631835938, 0.15290451049804688, 0.001316070556640625, 0.046001434326171875, 0.031494140625, 0.045917510986328125, 0.13074874877929688, 0.00559234619140625, 0.02056121826171875, 0.11988449096679688, 0.15556716918945312, 0.0203094482421875, 0.034938812255859375, 0.03179168701171875, 0.04596710205078125, 0.17656707763671875, 0.07696914672851562, 0.009281158447265625, 0.1205291748046875, 0.10631942749023438], "selected_pred_class_dist": [[0.9715042114257812, 0.02832794189453125, 0.0001678466796875], [0.966552734375, 0.033447265625, 0.0], [0.9067420959472656, 0.09325790405273438, 0.0], [0.8914642333984375, 0.10710906982421875, 0.00142669677734375], [0.9781646728515625, 0.0218353271484375, 0.0], [0.9884796142578125, 0.0115203857421875, 0.0], [0.9911880493164062, 0.00881195068359375, 0.0], [0.952789306640625, 0.04694366455078125, 0.00026702880859375], [0.8339614868164062, 0.16603851318359375, 0.0], [0.9507331848144531, 0.049266815185546875, 0.0], [0.978302001953125, 0.021453857421875, 0.000244140625], [0.9246482849121094, 0.07535171508789062, 0.0], [0.8443183898925781, 0.15491867065429688, 0.000762939453125], [0.9724845886230469, 0.027515411376953125, 0.0], [0.9505653381347656, 0.049434661865234375, 0.0], [0.9320411682128906, 0.06697845458984375, 0.000980377197265625], [0.9623565673828125, 0.0376434326171875, 0.0], [0.8686866760253906, 0.13089752197265625, 0.000415802001953125], [0.9511222839355469, 0.048877716064453125, 0.0], [0.9753837585449219, 0.024616241455078125, 0.0], [0.9699287414550781, 0.029972076416015625, 9.918212890625e-05], [0.8879852294921875, 0.11139678955078125, 0.00061798095703125], [0.9799957275390625, 0.0200042724609375, 0.0], [0.9680633544921875, 0.030292510986328125, 0.001644134521484375], [0.9915847778320312, 0.00841522216796875, 0.0], [0.9371261596679688, 0.062465667724609375, 0.000408172607421875], [0.8689613342285156, 0.13100051879882812, 3.814697265625e-05], [0.9596214294433594, 0.040378570556640625, 0.0], [0.9739761352539062, 0.02602386474609375, 0.0], [0.8529243469238281, 0.14534378051757812, 0.00173187255859375], [0.8211135864257812, 0.17888641357421875, 0.0], [0.9874267578125, 0.0106201171875, 0.001953125], [0.9680404663085938, 0.03009796142578125, 0.001861572265625], [0.9703483581542969, 0.029651641845703125, 0.0], [0.9464607238769531, 0.051715850830078125, 0.00182342529296875], [0.9153213500976562, 0.08423614501953125, 0.0004425048828125], [0.9911842346191406, 0.008815765380859375, 0.0], [0.9787521362304688, 0.021053314208984375, 0.000194549560546875], [0.9353065490722656, 0.06414031982421875, 0.000553131103515625], [0.9009971618652344, 0.09532546997070312, 0.0036773681640625], [0.9712600708007812, 0.02873992919921875, 0.0], [0.9617767333984375, 0.0382232666015625, 0.0], [0.973968505859375, 0.026031494140625, 0.0], [0.9549674987792969, 0.04378509521484375, 0.001247406005859375], [0.9082374572753906, 0.09176254272460938, 0.0], [0.9901313781738281, 0.009868621826171875, 0.0], [0.9676361083984375, 0.0323638916015625, 0.0], [0.9035224914550781, 0.09647750854492188, 0.0], [0.8949432373046875, 0.10239028930664062, 0.002666473388671875], [0.9975852966308594, 0.002414703369140625, 0.0], [0.9489707946777344, 0.051029205322265625, 0.0], [0.9678878784179688, 0.03211212158203125, 0.0], [0.9435462951660156, 0.051494598388671875, 0.0049591064453125], [0.8471221923828125, 0.1528778076171875, 0.0], [0.9814834594726562, 0.01851654052734375, 0.0], [0.9677276611328125, 0.0322723388671875, 0.0], [0.9244117736816406, 0.07558822631835938, 0.0], [0.8470954895019531, 0.15239715576171875, 0.000507354736328125], [0.9986839294433594, 0.001316070556640625, 0.0], [0.9539985656738281, 0.046001434326171875, 0.0], [0.968505859375, 0.031494140625, 0.0], [0.9540824890136719, 0.039478302001953125, 0.006439208984375], [0.8692512512207031, 0.1304931640625, 0.000255584716796875], [0.9944076538085938, 0.00559234619140625, 0.0], [0.9794387817382812, 0.02040863037109375, 0.000152587890625], [0.8801155090332031, 0.1191864013671875, 0.000698089599609375], [0.8444328308105469, 0.1549224853515625, 0.000644683837890625], [0.9796905517578125, 0.0203094482421875, 0.0], [0.9650611877441406, 0.034938812255859375, 0.0], [0.9682083129882812, 0.03179168701171875, 0.0], [0.9540328979492188, 0.04000091552734375, 0.0059661865234375], [0.8234329223632812, 0.17615890502929688, 0.000408172607421875], [0.9230308532714844, 0.07696914672851562, 0.0], [0.9907188415527344, 0.009281158447265625, 0.0], [0.8794708251953125, 0.11790847778320312, 0.002620697021484375], [0.8936805725097656, 0.10576629638671875, 0.000553131103515625]], "candidate_count": 2400, "candidate_scores_path": "/groups/echambe2/gmeng/MedAL-Agent/repo/code/runs/frozen_v5/candidate_scores/msd_task03_liver__P9__s1000__r2.json", "predictions_path": "", "initial_labeled_path": "/groups/echambe2/gmeng/MedAL-Agent/repo/code/runs/frozen_v5/init_sets/msd_task03_liver__s1000__n25.json", "initial_labeled_ids": [], "selection_diagnostics": {"paal_ap_epochs": 200, "paal_ap_loss_mean": 0.009163018844501493, "paal_ap_loss_last": 0.002985752647003645, "paal_ap_val_corr": 0.1761318510435282, "paal_ap_n_train": 92, "paal_ap_n_val": 8, "paal_pred_acc_mean": 0.9070080518722534, "paal_pred_acc_std": 0.17496192455291748, "paal_score_mean": 0.13897059857845306, "paal_score_std": 0.19988667964935303, "paal_n_clusters": 9, "paal_cluster_sizes": [305, 98, 347, 377, 230, 247, 163, 101, 532], "paal_selected_clusters": [0, 1, 2, 3, 4, 5, 6, 7, 8, 0, 1, 2, 3, 4, 5, 6, 7, 8, 0, 1, 2, 3, 4, 5, 6, 7, 8, 0, 1, 2, 3, 4, 5, 6, 7, 8, 0, 1, 2, 3, 4, 5, 6, 7, 8, 0, 1, 2, 3, 4, 5, 6, 7, 8, 0, 1, 2, 3, 4, 5, 6, 7, 8, 0, 1, 2, 3, 4, 5, 6, 7, 8, 0, 1, 2, 3]}, "training": {"num_iters": 1000, "batch_size": 12, "lr": 0.001, "image_size": 512, "aspect_preserve": true, "resolution_policy": "longside_pad32", "preproc_cache": {"pool": "hit", "val": "hit"}, "train_runtime_sec": 745.1192116737366, "query_runtime_sec": 315.2389225959778, "iters": 1900, "stop_iter": 1900, "mean_loss": 0.37344571947071115, "last_loss": 0.19345808029174805, "stop_reason": "plateau", "hit_max_iters": false, "final_smooth_loss": 0.20969716772437097, "best_smooth_loss": 0.1443916016072035, "diverged": false, "loss_curve": [[1000, 0.19497803740203382], [1100, 0.18457428604364395], [1200, 0.1702339258044958], [1300, 0.16024875797331334], [1400, 0.1443916016072035], [1500, 0.15375242620706558], [1600, 0.1567340986803174], [1700, 0.18260220490396023], [1800, 0.14910370603203774], [1900, 0.20969716772437097]]}, "ckpt_id": "msd_task03_liver__P9__s1000__r2", "ckpt_path": "", "ckpt_hash": "b5fb60b1684ab2cd38bd69c5ceb8797ba5d1738caeccbb5d0f30faf2987dd895", "config_hash": "e4fae46d1c013eb7c36e2eeecfd787bd198e1e60b7f9bf7f044c146e0d2a9270", "feature_cache_keys": {"task_unet": "task_unet_bottleneck@b5fb60b1684a"}, "sam_model_type": "", "sam_checkpoint": "", "metrics": {"primary_metric": "mean_dsc_fg_case_macro", "metric_version": "v3_case_macro", "eval_scope": "case_retained_slices", "mean_dsc_fg_case_macro": 0.39363596823276664, "mean_dsc_fg": 0.39363596823276664, "mean_dsc_fg_pooled_diagnostic": 0.3999639613211351, "dsc_per_class_pooled": [0.9900095221101021, 0.7664294992955725, 0.03349842334669776], "dsc_per_class": [0.9900095221101021, 0.7664294992955725, 0.03349842334669776], "n_cases": 11, "n_eval": 500, "structure_detection_rate": 1.0, "missed_structure_rate": 0.0}, "runtime_sec": {"train": 745.1192116737366, "eval": 6.701134204864502, "select": 315.2389225959778}, "gpu_mem_mb": 9578.91072, "gpu_name": "NVIDIA A40", "gpu_total_mem_mb": 47960.489984, "foundation": {}, "notes": ""}
