{"schema_version": "v3", "run_id": "msd_task04_hippocampus__P6__s3000", "round": 0, "dataset": "msd_task04_hippocampus", "modality": "mri", "target": "hippocampus_anterior", "dim": "3d", "query_unit": "slice", "seed": 3000, "round_seed": 3000, "component_seeds": {"model_init_seed": 4268717614, "loader_seed": 3761024140, "query_seed": 1653928250, "dropout_seed": 3551934248}, "total_rounds": 7, "budget_denominator": {"full_train_N": 3908, "requested_pool_cap": 5000, "actual_AL_pool_N": 3908, "budget_plan": [40, 79, 157, 274, 391, 587, 782], "fraction_of_AL_pool": 0.2001023541453429, "fraction_of_full_train": 0.2001023541453429}, "policy_id": "P6", "policy_name": "SelectiveUncertaintyAL", "method_version": "1.0", "is_ablation": false, "policy_config": {}, "cumulative_budget": 40, "incremental_query_count": 39, "labeled_count": 40, "labeled_ratio": 0.01023541453428864, "selected_ids": ["hippocampus_011_s026", "hippocampus_158_s028", "hippocampus_228_s029", "hippocampus_020_s010", "hippocampus_152_s026", "hippocampus_309_s009", "hippocampus_155_s026", "hippocampus_308_s016", "hippocampus_228_s027", "hippocampus_181_s013", "hippocampus_276_s028", "hippocampus_351_s009", "hippocampus_235_s028", "hippocampus_287_s015", "hippocampus_152_s027", "hippocampus_136_s019", "hippocampus_373_s028", "hippocampus_331_s011", "hippocampus_228_s030", "hippocampus_041_s016", "hippocampus_320_s023", "hippocampus_288_s016", "hippocampus_083_s026", "hippocampus_138_s008", "hippocampus_297_s026", "hippocampus_092_s007", "hippocampus_024_s031", "hippocampus_393_s011", "hippocampus_093_s026", "hippocampus_351_s010", "hippocampus_244_s028", "hippocampus_374_s022", "hippocampus_176_s024", "hippocampus_177_s008", "hippocampus_223_s027", "hippocampus_326_s009", "hippocampus_328_s031", "hippocampus_194_s014", "hippocampus_303_s028"], "selected_scores": [0.5533148646354675, 0.42667481303215027, 0.5463497042655945, 0.39996373653411865, 0.5419288873672485, 0.3765767812728882, 0.529598593711853, 0.37654367089271545, 0.20384752750396729, 0.376274049282074, 0.49313223361968994, 0.3738759458065033, 0.4913702607154846, 0.3712461590766907, 0.47969529032707214, 0.3740293085575104, 0.46954214572906494, 0.37451356649398804, 0.468446284532547, 0.3616183400154114, 0.4678286910057068, 0.3704456388950348, 0.47841665148735046, 0.3897404670715332, 0.4590737223625183, 0.369160532951355, 0.4585324823856354, 0.3694046437740326, 0.446816086769104, 0.36142393946647644, 0.44628703594207764, 0.3667781949043274, 0.4368877410888672, 0.3879089057445526, 0.43699532747268677, 0.376017689704895, 0.4332418143749237, 0.3644537329673767, 0.4366583824157715], "selected_pred_fg_ratio": [3.0517578125e-05, 0.00080108642578125, 3.4332275390625e-05, 0.08766937255859375, 4.9591064453125e-05, 0.08795166015625, 2.288818359375e-05, 0.1043243408203125, 0.0, 0.11001205444335938, 6.103515625e-05, 0.09508132934570312, 0.000244140625, 0.09690093994140625, 3.4332275390625e-05, 0.076629638671875, 9.5367431640625e-05, 0.09326171875, 0.000270843505859375, 0.09503936767578125, 0.000518798828125, 0.10037612915039062, 0.001049041748046875, 0.0674591064453125, 0.00066375732421875, 0.043514251708984375, 4.9591064453125e-05, 0.10407257080078125, 0.00023651123046875, 0.10889053344726562, 0.000957489013671875, 0.071258544921875, 0.001323699951171875, 0.058353424072265625, 0.000408172607421875, 0.06031036376953125, 0.00029754638671875, 0.09302902221679688, 0.002048492431640625], "selected_pred_class_dist": [[0.999969482421875, 3.0517578125e-05, 0.0], [0.9991989135742188, 0.000789642333984375, 1.1444091796875e-05], [0.9999656677246094, 3.4332275390625e-05, 0.0], [0.9123306274414062, 0.029781341552734375, 0.057888031005859375], [0.9999504089355469, 3.814697265625e-05, 1.1444091796875e-05], [0.91204833984375, 0.04674530029296875, 0.04120635986328125], [0.9999771118164062, 0.0, 2.288818359375e-05], [0.8956756591796875, 0.050914764404296875, 0.053409576416015625], [1.0, 0.0, 0.0], [0.8899879455566406, 0.06461715698242188, 0.0453948974609375], [0.99993896484375, 3.814697265625e-06, 5.7220458984375e-05], [0.9049186706542969, 0.04119873046875, 0.053882598876953125], [0.999755859375, 0.000244140625, 0.0], [0.9030990600585938, 0.033329010009765625, 0.06357192993164062], [0.9999656677246094, 0.0, 3.4332275390625e-05], [0.923370361328125, 0.045124053955078125, 0.031505584716796875], [0.9999046325683594, 9.5367431640625e-05, 0.0], [0.90673828125, 0.03948974609375, 0.05377197265625], [0.9997291564941406, 0.000270843505859375, 0.0], [0.9049606323242188, 0.051055908203125, 0.04398345947265625], [0.999481201171875, 0.000518798828125, 0.0], [0.8996238708496094, 0.049289703369140625, 0.05108642578125], [0.9989509582519531, 0.000823974609375, 0.000225067138671875], [0.9325408935546875, 0.042545318603515625, 0.024913787841796875], [0.9993362426757812, 0.000179290771484375, 0.000484466552734375], [0.9564857482910156, 0.0238189697265625, 0.019695281982421875], [0.9999504089355469, 4.9591064453125e-05, 0.0], [0.8959274291992188, 0.05066680908203125, 0.05340576171875], [0.9997634887695312, 0.000102996826171875, 0.000133514404296875], [0.8911094665527344, 0.042484283447265625, 0.06640625], [0.9990425109863281, 0.00091552734375, 4.1961669921875e-05], [0.928741455078125, 0.041835784912109375, 0.029422760009765625], [0.9986763000488281, 0.000720977783203125, 0.00060272216796875], [0.9416465759277344, 0.038013458251953125, 0.0203399658203125], [0.9995918273925781, 0.000408172607421875, 0.0], [0.9396896362304688, 0.046222686767578125, 0.014087677001953125], [0.9997024536132812, 0.0002899169921875, 7.62939453125e-06], [0.9069709777832031, 0.050769805908203125, 0.04225921630859375], [0.9979515075683594, 0.001102447509765625, 0.000946044921875]], "candidate_count": 3868, "candidate_scores_path": "/groups/echambe2/gmeng/MedAL-Agent/repo/code/runs/frozen_v5/candidate_scores/msd_task04_hippocampus__P6__s3000__r0.json", "predictions_path": "", "initial_labeled_path": "/groups/echambe2/gmeng/MedAL-Agent/repo/code/runs/frozen_v5/init_sets/msd_task04_hippocampus__s3000__n40.json", "initial_labeled_ids": ["hippocampus_011_s030", "hippocampus_023_s017", "hippocampus_025_s007", "hippocampus_025_s025", "hippocampus_036_s009", "hippocampus_046_s016", "hippocampus_053_s014", "hippocampus_074_s018", "hippocampus_096_s009", "hippocampus_135_s010", "hippocampus_146_s007", "hippocampus_152_s018", "hippocampus_155_s013", "hippocampus_155_s020", "hippocampus_158_s016", "hippocampus_160_s027", "hippocampus_162_s007", "hippocampus_171_s007", "hippocampus_188_s017", "hippocampus_189_s013", "hippocampus_190_s009", "hippocampus_193_s017", "hippocampus_219_s012", "hippocampus_220_s018", "hippocampus_221_s013", "hippocampus_224_s012", "hippocampus_265_s013", "hippocampus_292_s006", "hippocampus_300_s006", "hippocampus_302_s006", "hippocampus_302_s019", "hippocampus_311_s018", "hippocampus_317_s016", "hippocampus_320_s024", "hippocampus_330_s008", "hippocampus_332_s024", "hippocampus_338_s006", "hippocampus_351_s011", "hippocampus_378_s011", "hippocampus_385_s012"], "selection_diagnostics": {"selu_valid_intersected": true, "selu_target_frac": 0.05786459892988205, "selu_boundary_frac": 0.000590376672334969, "selu_score_target_mean": 0.04796435311436653, "selu_score_boundary_mean": 0.6489530205726624}, "training": {"num_iters": 1000, "batch_size": 12, "lr": 0.001, "image_size": 512, "aspect_preserve": true, "resolution_policy": "longside_pad32", "preproc_cache": {"pool": "hit", "val": "hit"}, "train_runtime_sec": 1067.8864874839783, "query_runtime_sec": 114.02638912200928, "iters": 2700, "stop_iter": 2700, "mean_loss": 0.10797720063883053, "last_loss": 0.0021517181303352118, "stop_reason": "plateau", "hit_max_iters": false, "final_smooth_loss": 0.00245892618666403, "best_smooth_loss": 0.004596742324065417, "diverged": false, "loss_curve": [[1000, 0.03414528775960207], [1100, 0.02619446091353893], [1200, 0.02181237880140543], [1300, 0.01691429582424462], [1400, 0.014613301167264581], [1500, 0.01207681430503726], [1600, 0.04162078415974975], [1700, 0.033364470042288305], [1800, 0.010325897140428425], [1900, 0.007582430294714868], [2000, 0.006455184035003185], [2100, 0.00562452670186758], [2200, 0.004596742324065417], [2300, 0.004177739538718015], [2400, 0.0035606958367861807], [2500, 0.0032286897115409376], [2600, 0.002891205680789426], [2700, 0.00245892618666403]]}, "ckpt_id": "msd_task04_hippocampus__P6__s3000__r0", "ckpt_path": "", "ckpt_hash": "6b3b01e252987c557c515436475749c2a7ea4e149259564188eb5869ea2811f7", "config_hash": "b481fadf8baa1c1160d1a1b91b828e7e4a8a5690d77ca8046e86a7fbe16ebcd0", "feature_cache_keys": {}, "sam_model_type": "", "sam_checkpoint": "", "metrics": {"primary_metric": "mean_dsc_fg_case_macro", "metric_version": "v3_case_macro", "eval_scope": "case_retained_slices", "mean_dsc_fg_case_macro": 0.6237652954097783, "mean_dsc_fg": 0.6237652954097783, "mean_dsc_fg_pooled_diagnostic": 0.6303324271527133, "dsc_per_class_pooled": [0.9832400408228976, 0.5711513140326875, 0.6895135402727393], "dsc_per_class": [0.9832400408228976, 0.5711513140326875, 0.6895135402727393], "n_cases": 22, "n_eval": 481, "structure_detection_rate": 1.0, "missed_structure_rate": 0.0}, "runtime_sec": {"train": 1067.8864874839783, "eval": 6.908905744552612, "select": 114.02638912200928}, "gpu_mem_mb": 9368.62208, "gpu_name": "NVIDIA A40", "gpu_total_mem_mb": 47960.489984, "foundation": {}, "notes": ""}
{"schema_version": "v3", "run_id": "msd_task04_hippocampus__P6__s3000", "round": 1, "dataset": "msd_task04_hippocampus", "modality": "mri", "target": "hippocampus_anterior", "dim": "3d", "query_unit": "slice", "seed": 3000, "round_seed": 3001, "component_seeds": {"model_init_seed": 1368497401, "loader_seed": 724338150, "query_seed": 2939650167, "dropout_seed": 1283938365}, "total_rounds": 7, "budget_denominator": {"full_train_N": 3908, "requested_pool_cap": 5000, "actual_AL_pool_N": 3908, "budget_plan": [40, 79, 157, 274, 391, 587, 782], "fraction_of_AL_pool": 0.2001023541453429, "fraction_of_full_train": 0.2001023541453429}, "policy_id": "P6", "policy_name": "SelectiveUncertaintyAL", "method_version": "1.0", "is_ablation": false, "policy_config": {}, "cumulative_budget": 79, "incremental_query_count": 78, "labeled_count": 79, "labeled_ratio": 0.020214943705220062, "selected_ids": ["hippocampus_300_s026", "hippocampus_049_s026", "hippocampus_235_s025", "hippocampus_037_s026", "hippocampus_235_s029", "hippocampus_087_s024", "hippocampus_326_s005", "hippocampus_286_s023", "hippocampus_039_s025", "hippocampus_292_s026", "hippocampus_243_s025", "hippocampus_205_s019", "hippocampus_084_s025", "hippocampus_084_s022", "hippocampus_326_s027", "hippocampus_331_s009", "hippocampus_288_s030", "hippocampus_353_s011", "hippocampus_188_s029", "hippocampus_244_s027", "hippocampus_238_s028", "hippocampus_170_s012", "hippocampus_361_s028", "hippocampus_142_s015", "hippocampus_373_s027", "hippocampus_039_s028", "hippocampus_083_s025", "hippocampus_358_s024", "hippocampus_298_s025", "hippocampus_127_s008", "hippocampus_387_s023", "hippocampus_044_s025", "hippocampus_373_s026", "hippocampus_389_s022", "hippocampus_133_s025", "hippocampus_092_s026", "hippocampus_126_s027", "hippocampus_229_s024", "hippocampus_383_s026", "hippocampus_205_s023", "hippocampus_387_s025", "hippocampus_310_s020", "hippocampus_084_s026", "hippocampus_331_s024", "hippocampus_175_s023", "hippocampus_321_s025", "hippocampus_318_s030", "hippocampus_178_s013", "hippocampus_025_s026", "hippocampus_386_s017", "hippocampus_039_s027", "hippocampus_229_s020", "hippocampus_326_s028", "hippocampus_025_s009", "hippocampus_173_s029", "hippocampus_090_s009", "hippocampus_219_s029", "hippocampus_175_s006", "hippocampus_227_s027", "hippocampus_133_s010", "hippocampus_023_s028", "hippocampus_124_s007", "hippocampus_226_s024", "hippocampus_235_s021", "hippocampus_089_s025", "hippocampus_294_s006", "hippocampus_178_s026", "hippocampus_004_s026", "hippocampus_049_s028", "hippocampus_279_s021", "hippocampus_330_s028", "hippocampus_193_s025", "hippocampus_039_s029", "hippocampus_387_s019", "hippocampus_178_s024", "hippocampus_244_s023", "hippocampus_295_s024", "hippocampus_235_s011"], "selected_scores": [0.5976654291152954, 0.4951533377170563, 0.5742236375808716, 0.4438555836677551, 0.5728243589401245, 0.4620874226093292, 0.5618207454681396, 0.4662039875984192, 0.5585381984710693, 0.4290291666984558, 0.5519354939460754, 0.3842504024505615, 0.5508434772491455, 0.4179215431213379, 0.5460542440414429, 0.36048823595046997, 0.5461384057998657, 0.35958749055862427, 0.5468719005584717, 0.40328091382980347, 0.5394603610038757, 0.3579241931438446, 0.22801874577999115, 0.374382883310318, 0.5439558029174805, 0.39409172534942627, 0.209123432636261, 0.3892340064048767, 0.5211572051048279, 0.3600293695926666, 0.522070050239563, 0.3891868591308594, 0.2062857300043106, 0.40398913621902466, 0.51444011926651, 0.3844427168369293, 0.510007917881012, 0.401752233505249, 0.5040227174758911, 0.3592088222503662, 0.5133199691772461, 0.3586423099040985, 0.1859435737133026, 0.41949400305747986, 0.5084707736968994, 0.4214024543762207, 0.5049772262573242, 0.3567451536655426, 0.4888498783111572, 0.3549923002719879, 0.4892369508743286, 0.3584800958633423, 0.48691755533218384, 0.35832664370536804, 0.17374929785728455, 0.35070934891700745, 0.48464328050613403, 0.36857807636260986, 0.4818210005760193, 0.38444462418556213, 0.48036107420921326, 0.3709597587585449, 0.4779975414276123, 0.38089653849601746, 0.47902023792266846, 0.389742910861969, 0.4743286371231079, 0.4119161367416382, 0.4711413085460663, 0.3746145963668823, 0.4841654300689697, 0.4455169141292572, 0.4736459255218506, 0.37268081307411194, 0.4692355990409851, 0.3970058560371399, 0.46712589263916016, 0.36077672243118286], "selected_pred_fg_ratio": [1.9073486328125e-05, 0.00201416015625, 7.62939453125e-06, 0.000957489013671875, 3.814697265625e-05, 0.003086090087890625, 2.6702880859375e-05, 0.005462646484375, 1.1444091796875e-05, 0.005828857421875, 2.6702880859375e-05, 0.02936553955078125, 4.57763671875e-05, 0.01187896728515625, 1.1444091796875e-05, 0.0795745849609375, 0.000148773193359375, 0.0828704833984375, 7.62939453125e-06, 0.00464630126953125, 1.1444091796875e-05, 0.11027908325195312, 0.0, 0.08672332763671875, 5.7220458984375e-05, 0.004291534423828125, 0.0, 0.009601593017578125, 0.00017547607421875, 0.039562225341796875, 0.000110626220703125, 0.005535125732421875, 0.0, 0.016407012939453125, 0.000110626220703125, 0.017425537109375, 0.000362396240234375, 0.00260162353515625, 0.000217437744140625, 0.012481689453125, 3.0517578125e-05, 0.0633544921875, 0.0, 0.0096893310546875, 0.000347137451171875, 0.005710601806640625, 8.392333984375e-05, 0.10137557983398438, 0.000270843505859375, 0.1005859375, 0.00016021728515625, 0.050022125244140625, 0.00051116943359375, 0.08102035522460938, 0.0, 0.08095932006835938, 0.000240325927734375, 0.053119659423828125, 0.00012969970703125, 0.04178619384765625, 0.0004730224609375, 0.03658294677734375, 0.000213623046875, 0.040447235107421875, 0.00063323974609375, 0.025852203369140625, 0.000438690185546875, 0.00397491455078125, 0.000179290771484375, 0.038997650146484375, 0.000392913818359375, 0.00164031982421875, 0.00018310546875, 0.041072845458984375, 0.001110076904296875, 0.008625030517578125, 0.00040435791015625, 0.07390213012695312], "selected_pred_class_dist": [[0.9999809265136719, 3.814697265625e-06, 1.52587890625e-05], [0.99798583984375, 0.00115966796875, 0.0008544921875], [0.9999923706054688, 7.62939453125e-06, 0.0], [0.9990425109863281, 4.57763671875e-05, 0.000911712646484375], [0.9999618530273438, 3.814697265625e-05, 0.0], [0.9969139099121094, 0.00213623046875, 0.000949859619140625], [0.9999732971191406, 1.9073486328125e-05, 7.62939453125e-06], [0.994537353515625, 0.005340576171875, 0.0001220703125], [0.9999885559082031, 1.1444091796875e-05, 0.0], [0.994171142578125, 0.004978179931640625, 0.000850677490234375], [0.9999732971191406, 7.62939453125e-06, 1.9073486328125e-05], [0.9706344604492188, 0.00942230224609375, 0.0199432373046875], [0.9999542236328125, 0.0, 4.57763671875e-05], [0.9881210327148438, 0.003482818603515625, 0.008396148681640625], [0.9999885559082031, 1.1444091796875e-05, 0.0], [0.9204254150390625, 0.03932952880859375, 0.04024505615234375], [0.9998512268066406, 0.000148773193359375, 0.0], [0.9171295166015625, 0.02555084228515625, 0.05731964111328125], [0.9999923706054688, 0.0, 7.62939453125e-06], [0.9953536987304688, 0.00238800048828125, 0.00225830078125], [0.9999885559082031, 1.1444091796875e-05, 0.0], [0.8897209167480469, 0.057910919189453125, 0.0523681640625], [1.0, 0.0, 0.0], [0.9132766723632812, 0.07296371459960938, 0.013759613037109375], [0.9999427795410156, 0.0, 5.7220458984375e-05], [0.9957084655761719, 0.000705718994140625, 0.0035858154296875], [1.0, 0.0, 0.0], [0.9903984069824219, 0.004180908203125, 0.005420684814453125], [0.9998245239257812, 0.00017547607421875, 0.0], [0.9604377746582031, 0.018829345703125, 0.020732879638671875], [0.9998893737792969, 2.6702880859375e-05, 8.392333984375e-05], [0.9944648742675781, 0.0025634765625, 0.002971649169921875], [1.0, 0.0, 0.0], [0.9835929870605469, 0.00832366943359375, 0.008083343505859375], [0.9998893737792969, 0.000110626220703125, 0.0], [0.982574462890625, 0.003204345703125, 0.01422119140625], [0.9996376037597656, 0.00020599365234375, 0.000156402587890625], [0.9973983764648438, 0.000598907470703125, 0.002002716064453125], [0.9997825622558594, 0.000217437744140625, 0.0], [0.987518310546875, 0.0002288818359375, 0.0122528076171875], [0.999969482421875, 0.0, 3.0517578125e-05], [0.9366455078125, 0.0428466796875, 0.0205078125], [1.0, 0.0, 0.0], [0.9903106689453125, 0.00716400146484375, 0.00252532958984375], [0.9996528625488281, 0.00032806396484375, 1.9073486328125e-05], [0.9942893981933594, 0.0012969970703125, 0.004413604736328125], [0.9999160766601562, 8.392333984375e-05, 0.0], [0.8986244201660156, 0.05306243896484375, 0.048313140869140625], [0.9997291564941406, 0.000270843505859375, 0.0], [0.8994140625, 0.059902191162109375, 0.040683746337890625], [0.9998397827148438, 0.0, 0.00016021728515625], [0.9499778747558594, 0.038600921630859375, 0.01142120361328125], [0.9994888305664062, 0.000415802001953125, 9.5367431640625e-05], [0.9189796447753906, 0.037685394287109375, 0.0433349609375], [1.0, 0.0, 0.0], [0.9190406799316406, 0.031879425048828125, 0.04907989501953125], [0.9997596740722656, 0.000240325927734375, 0.0], [0.9468803405761719, 0.019428253173828125, 0.03369140625], [0.9998703002929688, 0.00012969970703125, 0.0], [0.9582138061523438, 0.028621673583984375, 0.013164520263671875], [0.9995269775390625, 0.0004730224609375, 0.0], [0.9634170532226562, 0.009998321533203125, 0.026584625244140625], [0.999786376953125, 0.000156402587890625, 5.7220458984375e-05], [0.9595527648925781, 0.028003692626953125, 0.01244354248046875], [0.9993667602539062, 0.000370025634765625, 0.000263214111328125], [0.9741477966308594, 0.011821746826171875, 0.01403045654296875], [0.9995613098144531, 0.000438690185546875, 0.0], [0.9960250854492188, 0.000919342041015625, 0.003055572509765625], [0.9998207092285156, 0.000179290771484375, 0.0], [0.9610023498535156, 0.021327972412109375, 0.017669677734375], [0.9996070861816406, 0.00026702880859375, 0.000125885009765625], [0.9983596801757812, 0.0008697509765625, 0.00077056884765625], [0.99981689453125, 0.0, 0.00018310546875], [0.9589271545410156, 0.022457122802734375, 0.01861572265625], [0.9988899230957031, 0.001110076904296875, 0.0], [0.9913749694824219, 0.001941680908203125, 0.006683349609375], [0.9995956420898438, 0.00040435791015625, 0.0], [0.9260978698730469, 0.019138336181640625, 0.0547637939453125]], "candidate_count": 3829, "candidate_scores_path": "/groups/echambe2/gmeng/MedAL-Agent/repo/code/runs/frozen_v5/candidate_scores/msd_task04_hippocampus__P6__s3000__r1.json", "predictions_path": "", "initial_labeled_path": "/groups/echambe2/gmeng/MedAL-Agent/repo/code/runs/frozen_v5/init_sets/msd_task04_hippocampus__s3000__n40.json", "initial_labeled_ids": [], "selection_diagnostics": {"selu_valid_intersected": true, "selu_target_frac": 0.0562550313770771, "selu_boundary_frac": 0.0005481806583702564, "selu_score_target_mean": 0.05647902935743332, "selu_score_boundary_mean": 0.6420449018478394}, "training": {"num_iters": 1000, "batch_size": 12, "lr": 0.001, "image_size": 512, "aspect_preserve": true, "resolution_policy": "longside_pad32", "preproc_cache": {"pool": "hit", "val": "hit"}, "train_runtime_sec": 1262.9908578395844, "query_runtime_sec": 86.72739505767822, "iters": 3200, "stop_iter": 3200, "mean_loss": 0.12858021479914897, "last_loss": 0.005899012554436922, "stop_reason": "plateau", "hit_max_iters": false, "final_smooth_loss": 0.007359376782551408, "best_smooth_loss": 0.011276909513399005, "diverged": false, "loss_curve": [[1000, 0.09041309654712677], [1100, 0.07584963075816631], [1200, 0.06447930034250021], [1300, 0.05456872537732124], [1400, 0.04791190419346094], [1500, 0.04226553838700056], [1600, 0.03754549300298095], [1700, 0.032338249031454325], [1800, 0.028700461629778146], [1900, 0.02450182931497693], [2000, 0.0220784099586308], [2100, 0.022082881517708302], [2200, 0.05512373086065054], [2300, 0.03919477388262749], [2400, 0.016841856567189097], [2500, 0.014246239475905895], [2600, 0.012185692898929118], [2700, 0.011276909513399005], [2800, 0.010230948384851217], [2900, 0.009670063848607241], [3000, 0.009019221868366003], [3100, 0.008203567261807621], [3200, 0.007359376782551408]]}, "ckpt_id": "msd_task04_hippocampus__P6__s3000__r1", "ckpt_path": "", "ckpt_hash": "90659e627c86dcdeb8afc7534ba3bdc835214476e2b108bf81226e77fc332c8d", "config_hash": "b481fadf8baa1c1160d1a1b91b828e7e4a8a5690d77ca8046e86a7fbe16ebcd0", "feature_cache_keys": {}, "sam_model_type": "", "sam_checkpoint": "", "metrics": {"primary_metric": "mean_dsc_fg_case_macro", "metric_version": "v3_case_macro", "eval_scope": "case_retained_slices", "mean_dsc_fg_case_macro": 0.6610817218644717, "mean_dsc_fg": 0.6610817218644717, "mean_dsc_fg_pooled_diagnostic": 0.6712621817271986, "dsc_per_class_pooled": [0.985590058076801, 0.6156071626606937, 0.7269172007937037], "dsc_per_class": [0.985590058076801, 0.6156071626606937, 0.7269172007937037], "n_cases": 22, "n_eval": 481, "structure_detection_rate": 1.0, "missed_structure_rate": 0.0}, "runtime_sec": {"train": 1262.9908578395844, "eval": 6.727316856384277, "select": 86.72739505767822}, "gpu_mem_mb": 9417.150464, "gpu_name": "NVIDIA A40", "gpu_total_mem_mb": 47960.489984, "foundation": {}, "notes": ""}
