{"schema_version": "v3", "run_id": "msd_task04_hippocampus__P5__s3000", "round": 0, "dataset": "msd_task04_hippocampus", "modality": "mri", "target": "hippocampus_anterior", "dim": "3d", "query_unit": "slice", "seed": 3000, "round_seed": 3000, "component_seeds": {"model_init_seed": 4268717614, "loader_seed": 3761024140, "query_seed": 1653928250, "dropout_seed": 3551934248}, "total_rounds": 7, "budget_denominator": {"full_train_N": 3908, "requested_pool_cap": 5000, "actual_AL_pool_N": 3908, "budget_plan": [40, 79, 157, 274, 391, 587, 782], "fraction_of_AL_pool": 0.2001023541453429, "fraction_of_full_train": 0.2001023541453429}, "policy_id": "P5", "policy_name": "EntropyCoreSet", "method_version": "1.0", "is_ablation": false, "policy_config": {}, "cumulative_budget": 40, "incremental_query_count": 39, "labeled_count": 40, "labeled_ratio": 0.01023541453428864, "selected_ids": ["hippocampus_164_s006", "hippocampus_020_s018", "hippocampus_164_s011", "hippocampus_243_s011", "hippocampus_328_s018", "hippocampus_178_s026", "hippocampus_138_s020", "hippocampus_252_s018", "hippocampus_338_s016", "hippocampus_178_s009", "hippocampus_020_s010", "hippocampus_101_s006", "hippocampus_142_s022", "hippocampus_337_s017", "hippocampus_170_s023", "hippocampus_171_s020", "hippocampus_133_s010", "hippocampus_220_s008", "hippocampus_164_s026", "hippocampus_048_s010", "hippocampus_242_s007", "hippocampus_172_s006", "hippocampus_056_s015", "hippocampus_353_s010", "hippocampus_219_s020", "hippocampus_144_s020", "hippocampus_282_s019", "hippocampus_144_s011", "hippocampus_177_s007", "hippocampus_142_s007", "hippocampus_338_s019", "hippocampus_145_s021", "hippocampus_138_s008", "hippocampus_286_s013", "hippocampus_074_s005", "hippocampus_318_s008", "hippocampus_178_s006", "hippocampus_333_s011", "hippocampus_125_s012"], "selected_scores": [0.006467243190854788, 0.006236222106963396, 0.009449033997952938, 0.005883576348423958, 0.006476948969066143, 0.006870271638035774, 0.005875762552022934, 0.005963710602372885, 0.006637724582105875, 0.008595149032771587, 0.007643186487257481, 0.005994261242449284, 0.0068074497394263744, 0.006836244836449623, 0.00594544131308794, 0.006321609485894442, 0.008580416440963745, 0.005958700552582741, 0.00628709839656949, 0.007060160860419273, 0.0059691607020795345, 0.005971048027276993, 0.006107264664024115, 0.0077162450179457664, 0.006055422127246857, 0.006219077855348587, 0.005888217594474554, 0.008620629087090492, 0.006088241934776306, 0.006715979427099228, 0.006125164218246937, 0.005905842874199152, 0.0065780035220086575, 0.0076096924021840096, 0.006302952766418457, 0.006060133688151836, 0.011994737200438976, 0.005831744521856308, 0.008175168186426163], "selected_pred_fg_ratio": [0.03497314453125, 0.08958816528320312, 0.06402206420898438, 0.0452728271484375, 0.07123184204101562, 0.039737701416015625, 0.0392608642578125, 0.052642822265625, 0.07354354858398438, 0.062530517578125, 0.08766937255859375, 0.07556533813476562, 0.05765533447265625, 0.09610366821289062, 0.036479949951171875, 0.05233001708984375, 0.05556488037109375, 0.0566864013671875, 0.041965484619140625, 0.07001113891601562, 0.061553955078125, 0.055858612060546875, 0.1043243408203125, 0.09848785400390625, 0.05579376220703125, 0.06841278076171875, 0.066253662109375, 0.08346176147460938, 0.041591644287109375, 0.03271484375, 0.07660293579101562, 0.04955291748046875, 0.0674591064453125, 0.063751220703125, 0.044544219970703125, 0.06642532348632812, 0.0564117431640625, 0.07232284545898438, 0.06319427490234375], "selected_pred_class_dist": [[0.96502685546875, 0.01630401611328125, 0.01866912841796875], [0.9104118347167969, 0.05356597900390625, 0.036022186279296875], [0.9359779357910156, 0.0388946533203125, 0.025127410888671875], [0.9547271728515625, 0.018009185791015625, 0.027263641357421875], [0.9287681579589844, 0.0322113037109375, 0.039020538330078125], [0.9602622985839844, 0.024646759033203125, 0.0150909423828125], [0.9607391357421875, 0.022418975830078125, 0.016841888427734375], [0.947357177734375, 0.02010345458984375, 0.03253936767578125], [0.9264564514160156, 0.033939361572265625, 0.03960418701171875], [0.937469482421875, 0.01861572265625, 0.043914794921875], [0.9123306274414062, 0.029781341552734375, 0.057888031005859375], [0.9244346618652344, 0.051555633544921875, 0.02400970458984375], [0.9423446655273438, 0.03726959228515625, 0.0203857421875], [0.9038963317871094, 0.0548553466796875, 0.041248321533203125], [0.9635200500488281, 0.016529083251953125, 0.01995086669921875], [0.9476699829101562, 0.027317047119140625, 0.025012969970703125], [0.9444351196289062, 0.02809906005859375, 0.0274658203125], [0.9433135986328125, 0.049739837646484375, 0.006946563720703125], [0.9580345153808594, 0.028690338134765625, 0.013275146484375], [0.9299888610839844, 0.035793304443359375, 0.03421783447265625], [0.938446044921875, 0.024181365966796875, 0.037372589111328125], [0.9441413879394531, 0.0259246826171875, 0.029933929443359375], [0.8956756591796875, 0.05023956298828125, 0.05408477783203125], [0.9015121459960938, 0.03978729248046875, 0.0587005615234375], [0.9442062377929688, 0.038341522216796875, 0.017452239990234375], [0.9315872192382812, 0.03620147705078125, 0.0322113037109375], [0.933746337890625, 0.02416229248046875, 0.04209136962890625], [0.9165382385253906, 0.039577484130859375, 0.04388427734375], [0.9584083557128906, 0.02960205078125, 0.011989593505859375], [0.96728515625, 0.0175323486328125, 0.0151824951171875], [0.9233970642089844, 0.044940948486328125, 0.0316619873046875], [0.9504470825195312, 0.02393341064453125, 0.0256195068359375], [0.9325408935546875, 0.042545318603515625, 0.024913787841796875], [0.936248779296875, 0.0227203369140625, 0.0410308837890625], [0.9554557800292969, 0.012111663818359375, 0.03243255615234375], [0.9335746765136719, 0.018833160400390625, 0.0475921630859375], [0.9435882568359375, 0.03557586669921875, 0.02083587646484375], [0.9276771545410156, 0.034908294677734375, 0.03741455078125], [0.9368057250976562, 0.02623748779296875, 0.036956787109375]], "candidate_count": 3868, "candidate_scores_path": "/groups/echambe2/gmeng/MedAL-Agent/repo/code/runs/frozen_v5/candidate_scores/msd_task04_hippocampus__P5__s3000__r0.json", "predictions_path": "", "initial_labeled_path": "/groups/echambe2/gmeng/MedAL-Agent/repo/code/runs/frozen_v5/init_sets/msd_task04_hippocampus__s3000__n40.json", "initial_labeled_ids": ["hippocampus_011_s030", "hippocampus_023_s017", "hippocampus_025_s007", "hippocampus_025_s025", "hippocampus_036_s009", "hippocampus_046_s016", "hippocampus_053_s014", "hippocampus_074_s018", "hippocampus_096_s009", "hippocampus_135_s010", "hippocampus_146_s007", "hippocampus_152_s018", "hippocampus_155_s013", "hippocampus_155_s020", "hippocampus_158_s016", "hippocampus_160_s027", "hippocampus_162_s007", "hippocampus_171_s007", "hippocampus_188_s017", "hippocampus_189_s013", "hippocampus_190_s009", "hippocampus_193_s017", "hippocampus_219_s012", "hippocampus_220_s018", "hippocampus_221_s013", "hippocampus_224_s012", "hippocampus_265_s013", "hippocampus_292_s006", "hippocampus_300_s006", "hippocampus_302_s006", "hippocampus_302_s019", "hippocampus_311_s018", "hippocampus_317_s016", "hippocampus_320_s024", "hippocampus_330_s008", "hippocampus_332_s024", "hippocampus_338_s006", "hippocampus_351_s011", "hippocampus_378_s011", "hippocampus_385_s012"], "selection_diagnostics": {}, "training": {"num_iters": 1000, "batch_size": 12, "lr": 0.001, "image_size": 512, "aspect_preserve": true, "resolution_policy": "longside_pad32", "preproc_cache": {"pool": "hit", "val": "hit"}, "train_runtime_sec": 1069.447672843933, "query_runtime_sec": 89.3110122680664, "iters": 2700, "stop_iter": 2700, "mean_loss": 0.10797720063883053, "last_loss": 0.0021517181303352118, "stop_reason": "plateau", "hit_max_iters": false, "final_smooth_loss": 0.00245892618666403, "best_smooth_loss": 0.004596742324065417, "diverged": false, "loss_curve": [[1000, 0.03414528775960207], [1100, 0.02619446091353893], [1200, 0.02181237880140543], [1300, 0.01691429582424462], [1400, 0.014613301167264581], [1500, 0.01207681430503726], [1600, 0.04162078415974975], [1700, 0.033364470042288305], [1800, 0.010325897140428425], [1900, 0.007582430294714868], [2000, 0.006455184035003185], [2100, 0.00562452670186758], [2200, 0.004596742324065417], [2300, 0.004177739538718015], [2400, 0.0035606958367861807], [2500, 0.0032286897115409376], [2600, 0.002891205680789426], [2700, 0.00245892618666403]]}, "ckpt_id": "msd_task04_hippocampus__P5__s3000__r0", "ckpt_path": "", "ckpt_hash": "6b3b01e252987c557c515436475749c2a7ea4e149259564188eb5869ea2811f7", "config_hash": "b481fadf8baa1c1160d1a1b91b828e7e4a8a5690d77ca8046e86a7fbe16ebcd0", "feature_cache_keys": {"task_unet": "task_unet_bottleneck@6b3b01e25298"}, "sam_model_type": "", "sam_checkpoint": "", "metrics": {"primary_metric": "mean_dsc_fg_case_macro", "metric_version": "v3_case_macro", "eval_scope": "case_retained_slices", "mean_dsc_fg_case_macro": 0.6237652954097783, "mean_dsc_fg": 0.6237652954097783, "mean_dsc_fg_pooled_diagnostic": 0.6303324271527133, "dsc_per_class_pooled": [0.9832400408228976, 0.5711513140326875, 0.6895135402727393], "dsc_per_class": [0.9832400408228976, 0.5711513140326875, 0.6895135402727393], "n_cases": 22, "n_eval": 481, "structure_detection_rate": 1.0, "missed_structure_rate": 0.0}, "runtime_sec": {"train": 1069.447672843933, "eval": 6.968230962753296, "select": 89.3110122680664}, "gpu_mem_mb": 9368.62208, "gpu_name": "NVIDIA A40", "gpu_total_mem_mb": 47960.489984, "foundation": {}, "notes": ""}
{"schema_version": "v3", "run_id": "msd_task04_hippocampus__P5__s3000", "round": 1, "dataset": "msd_task04_hippocampus", "modality": "mri", "target": "hippocampus_anterior", "dim": "3d", "query_unit": "slice", "seed": 3000, "round_seed": 3001, "component_seeds": {"model_init_seed": 1368497401, "loader_seed": 724338150, "query_seed": 2939650167, "dropout_seed": 1283938365}, "total_rounds": 7, "budget_denominator": {"full_train_N": 3908, "requested_pool_cap": 5000, "actual_AL_pool_N": 3908, "budget_plan": [40, 79, 157, 274, 391, 587, 782], "fraction_of_AL_pool": 0.2001023541453429, "fraction_of_full_train": 0.2001023541453429}, "policy_id": "P5", "policy_name": "EntropyCoreSet", "method_version": "1.0", "is_ablation": false, "policy_config": {}, "cumulative_budget": 79, "incremental_query_count": 78, "labeled_count": 79, "labeled_ratio": 0.020214943705220062, "selected_ids": ["hippocampus_236_s012", "hippocampus_301_s009", "hippocampus_161_s021", "hippocampus_223_s017", "hippocampus_127_s012", "hippocampus_236_s023", "hippocampus_373_s019", "hippocampus_011_s015", "hippocampus_227_s019", "hippocampus_354_s021", "hippocampus_321_s011", "hippocampus_366_s012", "hippocampus_166_s019", "hippocampus_261_s021", "hippocampus_160_s013", "hippocampus_204_s020", "hippocampus_226_s009", "hippocampus_049_s013", "hippocampus_048_s017", "hippocampus_243_s019", "hippocampus_368_s019", "hippocampus_228_s011", "hippocampus_083_s010", "hippocampus_350_s011", "hippocampus_172_s014", "hippocampus_166_s015", "hippocampus_087_s013", "hippocampus_296_s008", "hippocampus_387_s020", "hippocampus_390_s013", "hippocampus_044_s026", "hippocampus_243_s007", "hippocampus_253_s024", "hippocampus_287_s015", "hippocampus_205_s018", "hippocampus_228_s018", "hippocampus_224_s018", "hippocampus_176_s018", "hippocampus_039_s005", "hippocampus_124_s023", "hippocampus_090_s014", "hippocampus_173_s018", "hippocampus_261_s014", "hippocampus_309_s018", "hippocampus_257_s019", "hippocampus_310_s011", "hippocampus_227_s008", "hippocampus_189_s020", "hippocampus_287_s025", "hippocampus_166_s008", "hippocampus_311_s012", "hippocampus_389_s017", "hippocampus_338_s012", "hippocampus_088_s016", "hippocampus_257_s005", "hippocampus_337_s021", "hippocampus_361_s011", "hippocampus_106_s016", "hippocampus_296_s020", "hippocampus_326_s014", "hippocampus_292_s013", "hippocampus_217_s027", "hippocampus_328_s013", "hippocampus_175_s018", "hippocampus_334_s017", "hippocampus_172_s019", "hippocampus_366_s007", "hippocampus_376_s021", "hippocampus_337_s010", "hippocampus_146_s014", "hippocampus_338_s024", "hippocampus_006_s021", "hippocampus_350_s018", "hippocampus_181_s010", "hippocampus_204_s011", "hippocampus_353_s021", "hippocampus_221_s007", "hippocampus_263_s009"], "selected_scores": [0.005494303535670042, 0.0064737568609416485, 0.006508498918265104, 0.005997427273541689, 0.006436539348214865, 0.005630840547382832, 0.006223025266081095, 0.006185722537338734, 0.006577272899448872, 0.005388536490499973, 0.005368085112422705, 0.006066485308110714, 0.005900237243622541, 0.007218049373477697, 0.006369726732373238, 0.006835483014583588, 0.006138824857771397, 0.00607718899846077, 0.006645506247878075, 0.005751112475991249, 0.005955665837973356, 0.005563495680689812, 0.005463107489049435, 0.007451446261256933, 0.005944260396063328, 0.005725428927689791, 0.005485933274030685, 0.0058134859427809715, 0.007354836445301771, 0.005732899997383356, 0.006541479844599962, 0.005371104925870895, 0.006222489755600691, 0.006049662828445435, 0.005836993921548128, 0.00773969991132617, 0.005377026274800301, 0.005554266273975372, 0.005578677635639906, 0.006671301554888487, 0.005719838663935661, 0.005573916714638472, 0.00566218001767993, 0.005836388561874628, 0.006561683490872383, 0.005442080553621054, 0.005499828141182661, 0.005993559490889311, 0.006401129998266697, 0.00743282213807106, 0.00652772281318903, 0.006111020687967539, 0.005875532049685717, 0.0057093314826488495, 0.005423891358077526, 0.005772196687757969, 0.006247975397855043, 0.007318550255149603, 0.005859078373759985, 0.005920632276684046, 0.006573042366653681, 0.005701632238924503, 0.005414349492639303, 0.00620960583910346, 0.0059698945842683315, 0.005691535770893097, 0.005410698242485523, 0.006800523959100246, 0.005908230785280466, 0.005468335468322039, 0.005461243912577629, 0.006362485233694315, 0.005955653730779886, 0.006436253432184458, 0.006181993521749973, 0.005418241955339909, 0.0061242119409143925, 0.005410436075180769], "selected_pred_fg_ratio": [0.050197601318359375, 0.062469482421875, 0.03998565673828125, 0.07747650146484375, 0.08101272583007812, 0.035243988037109375, 0.07871627807617188, 0.08600234985351562, 0.067657470703125, 0.038604736328125, 0.08937835693359375, 0.1023712158203125, 0.07475662231445312, 0.0564727783203125, 0.06709671020507812, 0.055156707763671875, 0.062198638916015625, 0.084686279296875, 0.07313156127929688, 0.051349639892578125, 0.06813812255859375, 0.10509109497070312, 0.09006118774414062, 0.07803726196289062, 0.08798599243164062, 0.07981491088867188, 0.06584548950195312, 0.06752777099609375, 0.040538787841796875, 0.07987594604492188, 0.02356719970703125, 0.0493011474609375, 0.023052215576171875, 0.109100341796875, 0.06565093994140625, 0.08054351806640625, 0.0459747314453125, 0.07587051391601562, 0.0338592529296875, 0.040576934814453125, 0.10125350952148438, 0.09332656860351562, 0.07390594482421875, 0.054164886474609375, 0.0586090087890625, 0.0901336669921875, 0.07059478759765625, 0.06598281860351562, 0.04439544677734375, 0.040752410888671875, 0.08200454711914062, 0.07745742797851562, 0.1129913330078125, 0.0784912109375, 0.03514862060546875, 0.0607452392578125, 0.08707809448242188, 0.057231903076171875, 0.054046630859375, 0.10436630249023438, 0.060405731201171875, 0.013462066650390625, 0.08451080322265625, 0.07112503051757812, 0.0463104248046875, 0.053279876708984375, 0.055927276611328125, 0.0330657958984375, 0.08260345458984375, 0.097686767578125, 0.0404815673828125, 0.03888702392578125, 0.07329940795898438, 0.07902145385742188, 0.095977783203125, 0.016101837158203125, 0.047534942626953125, 0.07775497436523438], "selected_pred_class_dist": [[0.9498023986816406, 0.029201507568359375, 0.02099609375], [0.937530517578125, 0.04145050048828125, 0.02101898193359375], [0.9600143432617188, 0.037265777587890625, 0.002719879150390625], [0.9225234985351562, 0.05419158935546875, 0.023284912109375], [0.9189872741699219, 0.053375244140625, 0.027637481689453125], [0.9647560119628906, 0.016448974609375, 0.018795013427734375], [0.9212837219238281, 0.052593231201171875, 0.026123046875], [0.9139976501464844, 0.031337738037109375, 0.05466461181640625], [0.932342529296875, 0.042255401611328125, 0.025402069091796875], [0.961395263671875, 0.0174102783203125, 0.0211944580078125], [0.9106216430664062, 0.045299530029296875, 0.044078826904296875], [0.8976287841796875, 0.048938751220703125, 0.053432464599609375], [0.9252433776855469, 0.04674530029296875, 0.028011322021484375], [0.9435272216796875, 0.047119140625, 0.0093536376953125], [0.9329032897949219, 0.042430877685546875, 0.02466583251953125], [0.9448432922363281, 0.035984039306640625, 0.01917266845703125], [0.9378013610839844, 0.018558502197265625, 0.04364013671875], [0.915313720703125, 0.03226470947265625, 0.05242156982421875], [0.9268684387207031, 0.043125152587890625, 0.03000640869140625], [0.9486503601074219, 0.0323486328125, 0.019001007080078125], [0.9318618774414062, 0.041202545166015625, 0.026935577392578125], [0.8949089050292969, 0.06733322143554688, 0.03775787353515625], [0.9099388122558594, 0.0379486083984375, 0.052112579345703125], [0.9219627380371094, 0.029205322265625, 0.048831939697265625], [0.9120140075683594, 0.034942626953125, 0.053043365478515625], [0.9201850891113281, 0.03272247314453125, 0.047092437744140625], [0.9341545104980469, 0.030521392822265625, 0.0353240966796875], [0.9324722290039062, 0.021915435791015625, 0.045612335205078125], [0.9594612121582031, 0.03054046630859375, 0.009998321533203125], [0.9201240539550781, 0.04734039306640625, 0.032535552978515625], [0.9764328002929688, 0.01746368408203125, 0.006103515625], [0.9506988525390625, 0.025238037109375, 0.0240631103515625], [0.9769477844238281, 0.021198272705078125, 0.00185394287109375], [0.890899658203125, 0.0570831298828125, 0.0520172119140625], [0.9343490600585938, 0.042095184326171875, 0.023555755615234375], [0.9194564819335938, 0.056758880615234375, 0.023784637451171875], [0.9540252685546875, 0.033496856689453125, 0.012477874755859375], [0.9241294860839844, 0.05141448974609375, 0.024456024169921875], [0.9661407470703125, 0.015110015869140625, 0.018749237060546875], [0.9594230651855469, 0.025012969970703125, 0.01556396484375], [0.8987464904785156, 0.050540924072265625, 0.05071258544921875], [0.9066734313964844, 0.05768585205078125, 0.035640716552734375], [0.9260940551757812, 0.033870697021484375, 0.040035247802734375], [0.9458351135253906, 0.041034698486328125, 0.01313018798828125], [0.9413909912109375, 0.03324127197265625, 0.02536773681640625], [0.9098663330078125, 0.039337158203125, 0.0507965087890625], [0.9294052124023438, 0.036113739013671875, 0.034481048583984375], [0.9340171813964844, 0.042232513427734375, 0.02375030517578125], [0.9556045532226562, 0.03624725341796875, 0.008148193359375], [0.9592475891113281, 0.024501800537109375, 0.0162506103515625], [0.9179954528808594, 0.0437774658203125, 0.038227081298828125], [0.9225425720214844, 0.05298614501953125, 0.024471282958984375], [0.8870086669921875, 0.0577392578125, 0.0552520751953125], [0.9215087890625, 0.041675567626953125, 0.036815643310546875], [0.9648513793945312, 0.01575469970703125, 0.0193939208984375], [0.9392547607421875, 0.0305633544921875, 0.030181884765625], [0.9129219055175781, 0.044158935546875, 0.042919158935546875], [0.9427680969238281, 0.03995513916015625, 0.017276763916015625], [0.945953369140625, 0.0325469970703125, 0.0214996337890625], [0.8956336975097656, 0.042804718017578125, 0.06156158447265625], [0.9395942687988281, 0.034603118896484375, 0.0258026123046875], [0.9865379333496094, 0.01335906982421875, 0.000102996826171875], [0.9154891967773438, 0.037944793701171875, 0.046566009521484375], [0.9288749694824219, 0.0496063232421875, 0.021518707275390625], [0.9536895751953125, 0.031658172607421875, 0.014652252197265625], [0.9467201232910156, 0.02445220947265625, 0.028827667236328125], [0.9440727233886719, 0.023525238037109375, 0.03240203857421875], [0.9669342041015625, 0.02301025390625, 0.0100555419921875], [0.9173965454101562, 0.04341888427734375, 0.0391845703125], [0.902313232421875, 0.046588897705078125, 0.051097869873046875], [0.9595184326171875, 0.023105621337890625, 0.017375946044921875], [0.9611129760742188, 0.020275115966796875, 0.018611907958984375], [0.9267005920410156, 0.03884124755859375, 0.034458160400390625], [0.9209785461425781, 0.04388427734375, 0.035137176513671875], [0.904022216796875, 0.04400634765625, 0.051971435546875], [0.9838981628417969, 0.009822845458984375, 0.00627899169921875], [0.9524650573730469, 0.022281646728515625, 0.0252532958984375], [0.9222450256347656, 0.031463623046875, 0.046291351318359375]], "candidate_count": 3829, "candidate_scores_path": "/groups/echambe2/gmeng/MedAL-Agent/repo/code/runs/frozen_v5/candidate_scores/msd_task04_hippocampus__P5__s3000__r1.json", "predictions_path": "", "initial_labeled_path": "/groups/echambe2/gmeng/MedAL-Agent/repo/code/runs/frozen_v5/init_sets/msd_task04_hippocampus__s3000__n40.json", "initial_labeled_ids": [], "selection_diagnostics": {}, "training": {"num_iters": 1000, "batch_size": 12, "lr": 0.001, "image_size": 512, "aspect_preserve": true, "resolution_policy": "longside_pad32", "preproc_cache": {"pool": "hit", "val": "hit"}, "train_runtime_sec": 1431.374004125595, "query_runtime_sec": 92.76758146286011, "iters": 3600, "stop_iter": 3600, "mean_loss": 0.12269127204535632, "last_loss": 0.011295960284769535, "stop_reason": "plateau", "hit_max_iters": false, "final_smooth_loss": 0.012283054143190385, "best_smooth_loss": 0.005438274189364165, "diverged": false, "loss_curve": [[1000, 0.09537245474755764], [1100, 0.08444498218595982], [1200, 0.07652440063655376], [1300, 0.06826464589685202], [1400, 0.06121621157974005], [1500, 0.05895569019019604], [1600, 0.046770430877804754], [1700, 0.04111110463738441], [1800, 0.035627351123839614], [1900, 0.031866194009780885], [2000, 0.035322417970746756], [2100, 0.024385376404970883], [2200, 0.0199729410931468], [2300, 0.017302384525537493], [2400, 0.04632855315692723], [2500, 0.04312844503670931], [2600, 0.01339205089956522], [2700, 0.010580159355886281], [2800, 0.008398829540237785], [2900, 0.007258832319639624], [3000, 0.006093248291872442], [3100, 0.005438274189364165], [3200, 0.004783459310419858], [3300, 0.004340545604936779], [3400, 0.0038341319258324803], [3500, 0.00376897054258734], [3600, 0.012283054143190385]]}, "ckpt_id": "msd_task04_hippocampus__P5__s3000__r1", "ckpt_path": "", "ckpt_hash": "fc579e02e9a8fe18c5de4658527bf606c0eaee3ed9e987e0f6081a684bb96377", "config_hash": "b481fadf8baa1c1160d1a1b91b828e7e4a8a5690d77ca8046e86a7fbe16ebcd0", "feature_cache_keys": {"task_unet": "task_unet_bottleneck@fc579e02e9a8"}, "sam_model_type": "", "sam_checkpoint": "", "metrics": {"primary_metric": "mean_dsc_fg_case_macro", "metric_version": "v3_case_macro", "eval_scope": "case_retained_slices", "mean_dsc_fg_case_macro": 0.6819856361194071, "mean_dsc_fg": 0.6819856361194071, "mean_dsc_fg_pooled_diagnostic": 0.6954229430581531, "dsc_per_class_pooled": [0.9865269715841449, 0.6490623169467851, 0.7417835691695213], "dsc_per_class": [0.9865269715841449, 0.6490623169467851, 0.7417835691695213], "n_cases": 22, "n_eval": 481, "structure_detection_rate": 1.0, "missed_structure_rate": 0.0}, "runtime_sec": {"train": 1431.374004125595, "eval": 7.969321250915527, "select": 92.76758146286011}, "gpu_mem_mb": 9417.150464, "gpu_name": "NVIDIA A40", "gpu_total_mem_mb": 47960.489984, "foundation": {}, "notes": ""}
