{"schema_version": "v3", "run_id": "msd_task03_liver__P5__s2000", "round": 0, "dataset": "msd_task03_liver", "modality": "ct", "target": "liver", "dim": "3d", "query_unit": "slice", "seed": 2000, "round_seed": 2000, "component_seeds": {"model_init_seed": 1733582241, "loader_seed": 3333593949, "query_seed": 2915079519, "dropout_seed": 1768907296}, "total_rounds": 7, "budget_denominator": {"full_train_N": 17198, "requested_pool_cap": 5000, "actual_AL_pool_N": 2500, "budget_plan": [25, 50, 100, 176, 250, 375, 500], "fraction_of_AL_pool": 0.2, "fraction_of_full_train": 0.029073148040469822}, "policy_id": "P5", "policy_name": "EntropyCoreSet", "method_version": "1.0", "is_ablation": false, "policy_config": {}, "cumulative_budget": 25, "incremental_query_count": 25, "labeled_count": 25, "labeled_ratio": 0.01, "selected_ids": ["liver_67_s094", "liver_35_s347", "liver_36_s436", "liver_5_s235", "liver_52_s109", "liver_45_s433", "liver_22_s104", "liver_28_s177", "liver_11_s278", "liver_40_s168", "liver_89_s379", "liver_40_s212", "liver_80_s134", "liver_11_s375", "liver_5_s217", "liver_130_s350", "liver_36_s219", "liver_109_s289", "liver_45_s245", "liver_89_s484", "liver_71_s056", "liver_65_s291", "liver_35_s317", "liver_107_s281", "liver_35_s137"], "selected_scores": [0.007401283830404282, 0.005684593226760626, 0.007402373012155294, 0.005701879970729351, 0.006573290564119816, 0.006029047071933746, 0.006906384136527777, 0.005457920953631401, 0.006895061116665602, 0.006727324333041906, 0.0077814096584916115, 0.006186448968946934, 0.006531557533890009, 0.0062730018980801105, 0.0073762028478085995, 0.009783467277884483, 0.006217502057552338, 0.007439613342285156, 0.005596202798187733, 0.005424739792943001, 0.01702902652323246, 0.005723434966057539, 0.006364747881889343, 0.005748122464865446, 0.005420375615358353], "selected_pred_fg_ratio": [0.041065216064453125, 0.05975341796875, 0.004299163818359375, 0.030242919921875, 0.006694793701171875, 0.006378173828125, 0.0079345703125, 0.017742156982421875, 0.031951904296875, 0.017730712890625, 0.017253875732421875, 0.017032623291015625, 0.004940032958984375, 0.14654922485351562, 0.021484375, 0.0023040771484375, 0.005016326904296875, 0.005954742431640625, 0.013317108154296875, 0.1652069091796875, 0.028896331787109375, 0.006954193115234375, 0.044891357421875, 0.00861358642578125, 0.01178741455078125], "selected_pred_class_dist": [[0.9589347839355469, 0.040607452392578125, 0.000457763671875], [0.94024658203125, 0.05956268310546875, 0.00019073486328125], [0.9957008361816406, 0.004299163818359375, 0.0], [0.969757080078125, 0.026905059814453125, 0.003337860107421875], [0.9933052062988281, 0.0066680908203125, 2.6702880859375e-05], [0.993621826171875, 0.006378173828125, 0.0], [0.9920654296875, 0.0079345703125, 0.0], [0.9822578430175781, 0.01760101318359375, 0.000141143798828125], [0.968048095703125, 0.027965545654296875, 0.003986358642578125], [0.982269287109375, 0.016155242919921875, 0.001575469970703125], [0.9827461242675781, 0.0147247314453125, 0.002529144287109375], [0.9829673767089844, 0.015727996826171875, 0.00130462646484375], [0.9950599670410156, 0.004940032958984375, 0.0], [0.8534507751464844, 0.12268829345703125, 0.023860931396484375], [0.978515625, 0.02044677734375, 0.00103759765625], [0.9976959228515625, 0.0023040771484375, 0.0], [0.9949836730957031, 0.005016326904296875, 0.0], [0.9940452575683594, 0.005954742431640625, 0.0], [0.9866828918457031, 0.013317108154296875, 0.0], [0.8347930908203125, 0.15572357177734375, 0.00948333740234375], [0.9711036682128906, 0.0232086181640625, 0.005687713623046875], [0.9930458068847656, 0.006954193115234375, 0.0], [0.955108642578125, 0.04467010498046875, 0.00022125244140625], [0.9913864135742188, 0.008609771728515625, 3.814697265625e-06], [0.9882125854492188, 0.01177215576171875, 1.52587890625e-05]], "candidate_count": 2475, "candidate_scores_path": "/groups/echambe2/gmeng/MedAL-Agent/repo/code/runs/frozen_v5/candidate_scores/msd_task03_liver__P5__s2000__r0.json", "predictions_path": "", "initial_labeled_path": "/groups/echambe2/gmeng/MedAL-Agent/repo/code/runs/frozen_v5/init_sets/msd_task03_liver__s2000__n25.json", "initial_labeled_ids": ["liver_103_s237", "liver_103_s338", "liver_105_s372", "liver_110_s388", "liver_117_s351", "liver_117_s452", "liver_123_s203", "liver_123_s226", "liver_13_s311", "liver_16_s372", "liver_25_s345", "liver_28_s231", "liver_28_s332", "liver_30_s248", "liver_30_s450", "liver_41_s236", "liver_45_s317", "liver_45_s353", "liver_62_s116", "liver_7_s466", "liver_86_s552", "liver_8_s449", "liver_8_s468", "liver_93_s415", "liver_99_s330"], "selection_diagnostics": {}, "training": {"num_iters": 1000, "batch_size": 12, "lr": 0.001, "image_size": 512, "aspect_preserve": true, "resolution_policy": "longside_pad32", "preproc_cache": {"pool": "hit", "val": "hit"}, "train_runtime_sec": 1208.5672583580017, "query_runtime_sec": 57.274731397628784, "iters": 3100, "stop_iter": 3100, "mean_loss": 0.10142748078691863, "last_loss": 0.014593539759516716, "stop_reason": "plateau", "hit_max_iters": false, "final_smooth_loss": 0.012920193690806627, "best_smooth_loss": 0.014176149740815163, "diverged": false, "loss_curve": [[1000, 0.04444995520636439], [1100, 0.037904007006436584], [1200, 0.0423431558534503], [1300, 0.03107094569131732], [1400, 0.029665427692234517], [1500, 0.028096754997968675], [1600, 0.03304506482556462], [1700, 0.024809928443282843], [1800, 0.029969817008823157], [1900, 0.020720502343028784], [2000, 0.02115936843678355], [2100, 0.019405316850170492], [2200, 0.018019090117886664], [2300, 0.017960022473707794], [2400, 0.016529975878074765], [2500, 0.016200538789853454], [2600, 0.014176149740815163], [2700, 0.013318796502426266], [2800, 0.013648427221924067], [2900, 0.013634415669366717], [3000, 0.012099907705560327], [3100, 0.012920193690806627]]}, "ckpt_id": "msd_task03_liver__P5__s2000__r0", "ckpt_path": "", "ckpt_hash": "a2b6a56752c9191752764adb3ec903d7c967f938d9fbedbc4efd8906b7831898", "config_hash": "e4fae46d1c013eb7c36e2eeecfd787bd198e1e60b7f9bf7f044c146e0d2a9270", "feature_cache_keys": {"task_unet": "task_unet_bottleneck@a2b6a56752c9"}, "sam_model_type": "", "sam_checkpoint": "", "metrics": {"primary_metric": "mean_dsc_fg_case_macro", "metric_version": "v3_case_macro", "eval_scope": "case_retained_slices", "mean_dsc_fg_case_macro": 0.501418555371169, "mean_dsc_fg": 0.501418555371169, "mean_dsc_fg_pooled_diagnostic": 0.4787272390046001, "dsc_per_class_pooled": [0.9882347946734618, 0.8214922513419893, 0.13596222666721094], "dsc_per_class": [0.9882347946734618, 0.8214922513419893, 0.13596222666721094], "n_cases": 11, "n_eval": 500, "structure_detection_rate": 1.0, "missed_structure_rate": 0.0}, "runtime_sec": {"train": 1208.5672583580017, "eval": 7.038469552993774, "select": 57.274731397628784}, "gpu_mem_mb": 9368.62208, "gpu_name": "NVIDIA A40", "gpu_total_mem_mb": 47960.489984, "foundation": {}, "notes": ""}
{"schema_version": "v3", "run_id": "msd_task03_liver__P5__s2000", "round": 1, "dataset": "msd_task03_liver", "modality": "ct", "target": "liver", "dim": "3d", "query_unit": "slice", "seed": 2000, "round_seed": 2001, "component_seeds": {"model_init_seed": 4092542587, "loader_seed": 4022314598, "query_seed": 1275594993, "dropout_seed": 1443935428}, "total_rounds": 7, "budget_denominator": {"full_train_N": 17198, "requested_pool_cap": 5000, "actual_AL_pool_N": 2500, "budget_plan": [25, 50, 100, 176, 250, 375, 500], "fraction_of_AL_pool": 0.2, "fraction_of_full_train": 0.029073148040469822}, "policy_id": "P5", "policy_name": "EntropyCoreSet", "method_version": "1.0", "is_ablation": false, "policy_config": {}, "cumulative_budget": 50, "incremental_query_count": 50, "labeled_count": 50, "labeled_ratio": 0.02, "selected_ids": ["liver_39_s288", "liver_97_s298", "liver_98_s421", "liver_31_s234", "liver_34_s257", "liver_31_s383", "liver_99_s397", "liver_97_s442", "liver_84_s319", "liver_31_s434", "liver_84_s267", "liver_36_s397", "liver_39_s193", "liver_34_s371", "liver_40_s463", "liver_38_s436", "liver_28_s263", "liver_19_s456", "liver_97_s219", "liver_33_s445", "liver_101_s315", "liver_38_s240", "liver_44_s390", "liver_36_s424", "liver_39_s424", "liver_41_s396", "liver_123_s254", "liver_31_s318", "liver_45_s394", "liver_34_s183", "liver_38_s293", "liver_28_s269", "liver_34_s324", "liver_108_s512", "liver_28_s394", "liver_33_s402", "liver_36_s314", "liver_111_s408", "liver_33_s270", "liver_28_s310", "liver_99_s388", "liver_34_s139", "liver_35_s450", "liver_101_s180", "liver_35_s074", "liver_33_s363", "liver_13_s368", "liver_19_s420", "liver_31_s403", "liver_31_s264"], "selected_scores": [0.007728378754109144, 0.007292353082448244, 0.007929764688014984, 0.010906506329774857, 0.0074019525200128555, 0.007013947702944279, 0.007899651303887367, 0.007054443005472422, 0.007461922708898783, 0.008653695695102215, 0.007053513079881668, 0.0072387573309242725, 0.0072305030189454556, 0.007462927605956793, 0.007039485964924097, 0.007138660177588463, 0.007054585963487625, 0.008104103617370129, 0.007276655174791813, 0.007207218091934919, 0.00705598434433341, 0.007131346967071295, 0.007022229954600334, 0.009999365545809269, 0.007350959349423647, 0.007826880551874638, 0.009205617941915989, 0.011082195676863194, 0.014482705853879452, 0.008466505445539951, 0.009635177440941334, 0.008137005381286144, 0.011905270628631115, 0.009238253347575665, 0.008061490021646023, 0.007979623973369598, 0.012808085419237614, 0.007110542617738247, 0.007058794144541025, 0.007589567452669144, 0.007835661992430687, 0.007123262621462345, 0.009870465844869614, 0.008167507126927376, 0.007362625561654568, 0.00821994710713625, 0.009034126065671444, 0.008900796994566917, 0.010425001382827759, 0.007606226019561291], "selected_pred_fg_ratio": [0.036334991455078125, 0.0234375, 0.010158538818359375, 0.0086212158203125, 0.011486053466796875, 0.03479766845703125, 0.02020263671875, 0.0305023193359375, 0.029743194580078125, 0.003711700439453125, 0.021671295166015625, 0.030269622802734375, 0.018688201904296875, 0.042804718017578125, 0.004428863525390625, 0.013286590576171875, 0.025787353515625, 0.157989501953125, 0.021930694580078125, 0.0101165771484375, 0.02872467041015625, 0.014141082763671875, 0.05423736572265625, 0.0204315185546875, 0.02816009521484375, 0.04150390625, 0.20338058471679688, 0.019886016845703125, 0.0225677490234375, 0.0129241943359375, 0.011798858642578125, 0.022594451904296875, 0.02228546142578125, 0.1495208740234375, 0.06335830688476562, 0.04543304443359375, 0.017177581787109375, 0.16651535034179688, 0.006267547607421875, 0.046215057373046875, 0.04178619384765625, 0.00511932373046875, 0.01355743408203125, 0.01092529296875, 0.003200531005859375, 0.03032684326171875, 0.09795379638671875, 0.13127517700195312, 0.0286865234375, 0.0102081298828125], "selected_pred_class_dist": [[0.9636650085449219, 0.036334991455078125, 0.0], [0.9765625, 0.0234375, 0.0], [0.9898414611816406, 0.010158538818359375, 0.0], [0.9913787841796875, 0.0086212158203125, 0.0], [0.9885139465332031, 0.011486053466796875, 0.0], [0.9652023315429688, 0.03479766845703125, 0.0], [0.97979736328125, 0.02020263671875, 0.0], [0.9694976806640625, 0.0291748046875, 0.0013275146484375], [0.9702568054199219, 0.029743194580078125, 0.0], [0.9962882995605469, 0.003711700439453125, 0.0], [0.9783287048339844, 0.0200653076171875, 0.001605987548828125], [0.9697303771972656, 0.030269622802734375, 0.0], [0.9813117980957031, 0.018688201904296875, 0.0], [0.9571952819824219, 0.0410919189453125, 0.001712799072265625], [0.9955711364746094, 0.004390716552734375, 3.814697265625e-05], [0.9867134094238281, 0.013286590576171875, 0.0], [0.974212646484375, 0.025257110595703125, 0.000530242919921875], [0.842010498046875, 0.15454483032226562, 0.003444671630859375], [0.9780693054199219, 0.021091461181640625, 0.0008392333984375], [0.9898834228515625, 0.0101165771484375, 0.0], [0.9712753295898438, 0.02872467041015625, 0.0], [0.9858589172363281, 0.014141082763671875, 0.0], [0.9457626342773438, 0.05423736572265625, 0.0], [0.9795684814453125, 0.0204315185546875, 0.0], [0.9718399047851562, 0.02816009521484375, 0.0], [0.95849609375, 0.04150390625, 0.0], [0.7966194152832031, 0.18497848510742188, 0.018402099609375], [0.9801139831542969, 0.019886016845703125, 0.0], [0.9774322509765625, 0.0225677490234375, 0.0], [0.9870758056640625, 0.01007080078125, 0.0028533935546875], [0.9882011413574219, 0.011798858642578125, 0.0], [0.9774055480957031, 0.02213287353515625, 0.000461578369140625], [0.9777145385742188, 0.019840240478515625, 0.002445220947265625], [0.8504791259765625, 0.13519287109375, 0.0143280029296875], [0.9366416931152344, 0.061969757080078125, 0.0013885498046875], [0.9545669555664062, 0.04543304443359375, 0.0], [0.9828224182128906, 0.017177581787109375, 0.0], [0.8334846496582031, 0.16651535034179688, 0.0], [0.9937324523925781, 0.006267547607421875, 0.0], [0.9537849426269531, 0.043792724609375, 0.002422332763671875], [0.9582138061523438, 0.04178619384765625, 0.0], [0.9948806762695312, 0.00511932373046875, 0.0], [0.9864425659179688, 0.01355743408203125, 0.0], [0.98907470703125, 0.0106658935546875, 0.0002593994140625], [0.9967994689941406, 0.003200531005859375, 0.0], [0.9696731567382812, 0.03012847900390625, 0.0001983642578125], [0.9020462036132812, 0.052898406982421875, 0.045055389404296875], [0.8687248229980469, 0.13127517700195312, 0.0], [0.9713134765625, 0.0286865234375, 0.0], [0.9897918701171875, 0.0102081298828125, 0.0]], "candidate_count": 2450, "candidate_scores_path": "/groups/echambe2/gmeng/MedAL-Agent/repo/code/runs/frozen_v5/candidate_scores/msd_task03_liver__P5__s2000__r1.json", "predictions_path": "", "initial_labeled_path": "/groups/echambe2/gmeng/MedAL-Agent/repo/code/runs/frozen_v5/init_sets/msd_task03_liver__s2000__n25.json", "initial_labeled_ids": [], "selection_diagnostics": {}, "training": {"num_iters": 1000, "batch_size": 12, "lr": 0.001, "image_size": 512, "aspect_preserve": true, "resolution_policy": "longside_pad32", "preproc_cache": {"pool": "hit", "val": "hit"}, "train_runtime_sec": 875.1968307495117, "query_runtime_sec": 58.585145473480225, "iters": 2200, "stop_iter": 2200, "mean_loss": 0.2974578351747583, "last_loss": 0.12057044357061386, "stop_reason": "plateau", "hit_max_iters": false, "final_smooth_loss": 0.12014209929853678, "best_smooth_loss": 0.08862669378519059, "diverged": false, "loss_curve": [[1000, 0.1645885193347931], [1100, 0.15016527935862542], [1200, 0.1407617412507534], [1300, 0.16757753945887088], [1400, 0.13490768611431123], [1500, 0.132494131103158], [1600, 0.13436597552150487], [1700, 0.08862669378519059], [1800, 0.10655772540718317], [1900, 0.08962772078812123], [2000, 0.09130075253546238], [2100, 0.12459424056112767], [2200, 0.12014209929853678]]}, "ckpt_id": "msd_task03_liver__P5__s2000__r1", "ckpt_path": "", "ckpt_hash": "7abe8706263863c43c0eccbf704936c9ad86d057b230c3d5e92a3de3a8f557fb", "config_hash": "e4fae46d1c013eb7c36e2eeecfd787bd198e1e60b7f9bf7f044c146e0d2a9270", "feature_cache_keys": {"task_unet": "task_unet_bottleneck@7abe87062638"}, "sam_model_type": "", "sam_checkpoint": "", "metrics": {"primary_metric": "mean_dsc_fg_case_macro", "metric_version": "v3_case_macro", "eval_scope": "case_retained_slices", "mean_dsc_fg_case_macro": 0.5211483773316754, "mean_dsc_fg": 0.5211483773316754, "mean_dsc_fg_pooled_diagnostic": 0.5650327309237128, "dsc_per_class_pooled": [0.9902660118154897, 0.8555364266786187, 0.27452903516880683], "dsc_per_class": [0.9902660118154897, 0.8555364266786187, 0.27452903516880683], "n_cases": 11, "n_eval": 500, "structure_detection_rate": 1.0, "missed_structure_rate": 0.0}, "runtime_sec": {"train": 875.1968307495117, "eval": 7.98697566986084, "select": 58.585145473480225}, "gpu_mem_mb": 9417.150464, "gpu_name": "NVIDIA A40", "gpu_total_mem_mb": 47960.489984, "foundation": {}, "notes": ""}
{"schema_version": "v3", "run_id": "msd_task03_liver__P5__s2000", "round": 2, "dataset": "msd_task03_liver", "modality": "ct", "target": "liver", "dim": "3d", "query_unit": "slice", "seed": 2000, "round_seed": 2002, "component_seeds": {"model_init_seed": 1225426498, "loader_seed": 1158739311, "query_seed": 3667345588, "dropout_seed": 1372419812}, "total_rounds": 7, "budget_denominator": {"full_train_N": 17198, "requested_pool_cap": 5000, "actual_AL_pool_N": 2500, "budget_plan": [25, 50, 100, 176, 250, 375, 500], "fraction_of_AL_pool": 0.2, "fraction_of_full_train": 0.029073148040469822}, "policy_id": "P5", "policy_name": "EntropyCoreSet", "method_version": "1.0", "is_ablation": false, "policy_config": {}, "cumulative_budget": 100, "incremental_query_count": 76, "labeled_count": 100, "labeled_ratio": 0.04, "selected_ids": ["liver_4_s368", "liver_39_s350", "liver_30_s369", "liver_29_s409", "liver_45_s185", "liver_35_s227", "liver_20_s425", "liver_23_s366", "liver_71_s073", "liver_35_s165", "liver_33_s292", "liver_44_s428", "liver_100_s651", "liver_41_s348", "liver_41_s270", "liver_89_s557", "liver_30_s314", "liver_32_s418", "liver_24_s241", "liver_32_s272", "liver_40_s383", "liver_97_s402", "liver_68_s111", "liver_29_s296", "liver_33_s434", "liver_35_s269", "liver_41_s159", "liver_40_s340", "liver_35_s037", "liver_32_s371", "liver_44_s373", "liver_29_s339", "liver_31_s358", "liver_40_s276", "liver_29_s195", "liver_125_s269", "liver_33_s331", "liver_55_s183", "liver_92_s417", "liver_112_s438", "liver_35_s287", "liver_101_s275", "liver_97_s426", "liver_45_s259", "liver_44_s271", "liver_41_s199", "liver_100_s516", "liver_36_s301", "liver_38_s225", "liver_28_s194", "liver_55_s154", "liver_41_s416", "liver_88_s480", "liver_44_s322", "liver_3_s422", "liver_33_s210", "liver_44_s228", "liver_123_s281", "liver_98_s352", "liver_28_s293", "liver_71_s083", "liver_113_s505", "liver_130_s501", "liver_89_s525", "liver_44_s215", "liver_100_s582", "liver_36_s337", "liver_34_s227", "liver_29_s272", "liver_41_s252", "liver_24_s227", "liver_40_s313", "liver_28_s272", "liver_34_s122", "liver_59_s141", "liver_35_s102"], "selected_scores": [0.010469271801412106, 0.010901546105742455, 0.01176180224865675, 0.010390404611825943, 0.011337732896208763, 0.013378097675740719, 0.010991756804287434, 0.009873916395008564, 0.014704443514347076, 0.010234300047159195, 0.016295775771141052, 0.010787790641188622, 0.010148676112294197, 0.014596380293369293, 0.018817922100424767, 0.012261684983968735, 0.010651235468685627, 0.01244194433093071, 0.013374097645282745, 0.015115711838006973, 0.010430552996695042, 0.009950061328709126, 0.010589059442281723, 0.012279490008950233, 0.01250674482434988, 0.011787842959165573, 0.013416282832622528, 0.013020518235862255, 0.01976422592997551, 0.014191769063472748, 0.012528307735919952, 0.01014008466154337, 0.014337927103042603, 0.010017774067819118, 0.011333262547850609, 0.010829485952854156, 0.010916481725871563, 0.011578701436519623, 0.010011732578277588, 0.011981145478785038, 0.020180515944957733, 0.009887054562568665, 0.009815686382353306, 0.012659655883908272, 0.012985965237021446, 0.014280703850090504, 0.009827213361859322, 0.01364815142005682, 0.012128481641411781, 0.013189139775931835, 0.011064382269978523, 0.010959425941109657, 0.014208715409040451, 0.01145664881914854, 0.01043360959738493, 0.012138986960053444, 0.012529129162430763, 0.01024599839001894, 0.009926294907927513, 0.015353400260210037, 0.011880794540047646, 0.010496087372303009, 0.010979541577398777, 0.010306837037205696, 0.01049858145415783, 0.01234485860913992, 0.009848793968558311, 0.010487671010196209, 0.011848448775708675, 0.015130934305489063, 0.012271896004676819, 0.010728537105023861, 0.011471549049019814, 0.013462867587804794, 0.011750109493732452, 0.011182318441569805], "selected_pred_fg_ratio": [0.01792144775390625, 0.0515289306640625, 0.05287933349609375, 0.0009002685546875, 0.006015777587890625, 0.01735687255859375, 0.033573150634765625, 0.07914352416992188, 0.14370346069335938, 0.017215728759765625, 0.01337432861328125, 0.00250244140625, 0.05568695068359375, 0.034637451171875, 0.013050079345703125, 0.051570892333984375, 0.009700775146484375, 0.016124725341796875, 0.131256103515625, 0.008014678955078125, 0.03940582275390625, 0.06534957885742188, 0.049541473388671875, 0.02707672119140625, 0.03253173828125, 0.02301788330078125, 0.004062652587890625, 0.02809906005859375, 0.00485992431640625, 0.05324554443359375, 0.054515838623046875, 0.05254364013671875, 0.032512664794921875, 0.0127716064453125, 0.007411956787109375, 0.03365325927734375, 0.029682159423828125, 0.05963897705078125, 0.0489044189453125, 0.14148712158203125, 0.030364990234375, 0.0440216064453125, 0.0421295166015625, 0.006664276123046875, 0.02053070068359375, 0.008945465087890625, 0.109466552734375, 0.01381683349609375, 0.007175445556640625, 0.00939178466796875, 0.148101806640625, 0.0323486328125, 0.10538482666015625, 0.04178619384765625, 0.1247100830078125, 0.00157928466796875, 0.01934814453125, 0.093231201171875, 0.04924774169921875, 0.02487945556640625, 0.1558990478515625, 0.12238693237304688, 0.117401123046875, 0.11991119384765625, 0.017581939697265625, 0.14754104614257812, 0.029132843017578125, 0.00286102294921875, 0.012340545654296875, 0.010189056396484375, 0.13872146606445312, 0.025482177734375, 0.022125244140625, 0.00212860107421875, 0.035793304443359375, 0.0040283203125], "selected_pred_class_dist": [[0.9820785522460938, 0.01473236083984375, 0.0031890869140625], [0.9484710693359375, 0.051502227783203125, 2.6702880859375e-05], [0.9471206665039062, 0.05205535888671875, 0.000823974609375], [0.9990997314453125, 0.0009002685546875, 0.0], [0.9939842224121094, 0.005977630615234375, 3.814697265625e-05], [0.9826431274414062, 0.01735687255859375, 0.0], [0.9664268493652344, 0.031772613525390625, 0.001800537109375], [0.9208564758300781, 0.075714111328125, 0.003429412841796875], [0.8562965393066406, 0.14199447631835938, 0.001708984375], [0.9827842712402344, 0.017215728759765625, 0.0], [0.9866256713867188, 0.01171112060546875, 0.0016632080078125], [0.99749755859375, 0.00250244140625, 0.0], [0.9443130493164062, 0.04756927490234375, 0.00811767578125], [0.965362548828125, 0.033069610595703125, 0.001567840576171875], [0.9869499206542969, 0.013050079345703125, 0.0], [0.9484291076660156, 0.047603607177734375, 0.00396728515625], [0.9902992248535156, 0.0093841552734375, 0.000316619873046875], [0.9838752746582031, 0.015979766845703125, 0.00014495849609375], [0.868743896484375, 0.13085174560546875, 0.00040435791015625], [0.9919853210449219, 0.005985260009765625, 0.0020294189453125], [0.9605941772460938, 0.035160064697265625, 0.004245758056640625], [0.9346504211425781, 0.053630828857421875, 0.01171875], [0.9504585266113281, 0.049037933349609375, 0.0005035400390625], [0.9729232788085938, 0.02707672119140625, 0.0], [0.96746826171875, 0.022380828857421875, 0.010150909423828125], [0.9769821166992188, 0.02301788330078125, 0.0], [0.9959373474121094, 0.004062652587890625, 0.0], [0.9719009399414062, 0.02398681640625, 0.00411224365234375], [0.9951400756835938, 0.00485992431640625, 0.0], [0.9467544555664062, 0.05303955078125, 0.00020599365234375], [0.9454841613769531, 0.04969024658203125, 0.004825592041015625], [0.9474563598632812, 0.049549102783203125, 0.002994537353515625], [0.9674873352050781, 0.031589508056640625, 0.00092315673828125], [0.9872283935546875, 0.01262664794921875, 0.00014495849609375], [0.9925880432128906, 0.006633758544921875, 0.0007781982421875], [0.9663467407226562, 0.02898406982421875, 0.004669189453125], [0.9703178405761719, 0.026737213134765625, 0.0029449462890625], [0.9403610229492188, 0.056186676025390625, 0.003452301025390625], [0.9510955810546875, 0.0485687255859375, 0.000335693359375], [0.8585128784179688, 0.13533401489257812, 0.006153106689453125], [0.969635009765625, 0.030364990234375, 0.0], [0.9559783935546875, 0.037700653076171875, 0.006320953369140625], [0.9578704833984375, 0.032878875732421875, 0.009250640869140625], [0.9933357238769531, 0.006664276123046875, 0.0], [0.9794692993164062, 0.019649505615234375, 0.000881195068359375], [0.9910545349121094, 0.008945465087890625, 0.0], [0.890533447265625, 0.090087890625, 0.019378662109375], [0.9861831665039062, 0.01381683349609375, 0.0], [0.9928245544433594, 0.007175445556640625, 0.0], [0.9906082153320312, 0.0090789794921875, 0.00031280517578125], [0.851898193359375, 0.14661026000976562, 0.001491546630859375], [0.9676513671875, 0.032073974609375, 0.000274658203125], [0.8946151733398438, 0.09578704833984375, 0.0095977783203125], [0.9582138061523438, 0.039981842041015625, 0.001804351806640625], [0.8752899169921875, 0.1247100830078125, 0.0], [0.9984207153320312, 0.00157928466796875, 0.0], [0.98065185546875, 0.01619720458984375, 0.00315093994140625], [0.906768798828125, 0.09011077880859375, 0.00312042236328125], [0.9507522583007812, 0.043731689453125, 0.00551605224609375], [0.9751205444335938, 0.02274322509765625, 0.00213623046875], [0.8441009521484375, 0.14371490478515625, 0.01218414306640625], [0.8776130676269531, 0.11246871948242188, 0.009918212890625], [0.882598876953125, 0.11484527587890625, 0.00255584716796875], [0.8800888061523438, 0.1056671142578125, 0.01424407958984375], [0.9824180603027344, 0.016330718994140625, 0.001251220703125], [0.8524589538574219, 0.13824081420898438, 0.00930023193359375], [0.9708671569824219, 0.027492523193359375, 0.00164031982421875], [0.9971389770507812, 0.00286102294921875, 0.0], [0.9876594543457031, 0.011585235595703125, 0.00075531005859375], [0.9898109436035156, 0.010189056396484375, 0.0], [0.8612785339355469, 0.13715744018554688, 0.00156402587890625], [0.974517822265625, 0.025482177734375, 0.0], [0.977874755859375, 0.02142333984375, 0.000701904296875], [0.9978713989257812, 0.00212860107421875, 0.0], [0.9642066955566406, 0.033672332763671875, 0.0021209716796875], [0.9959716796875, 0.0040283203125, 0.0]], "candidate_count": 2400, "candidate_scores_path": "/groups/echambe2/gmeng/MedAL-Agent/repo/code/runs/frozen_v5/candidate_scores/msd_task03_liver__P5__s2000__r2.json", "predictions_path": "", "initial_labeled_path": "/groups/echambe2/gmeng/MedAL-Agent/repo/code/runs/frozen_v5/init_sets/msd_task03_liver__s2000__n25.json", "initial_labeled_ids": [], "selection_diagnostics": {}, "training": {"num_iters": 1000, "batch_size": 12, "lr": 0.001, "image_size": 512, "aspect_preserve": true, "resolution_policy": "longside_pad32", "preproc_cache": {"pool": "hit", "val": "hit"}, "train_runtime_sec": 1052.6780409812927, "query_runtime_sec": 46.43975019454956, "iters": 2700, "stop_iter": 2700, "mean_loss": 0.3126146672831641, "last_loss": 0.36532121896743774, "stop_reason": "plateau", "hit_max_iters": false, "final_smooth_loss": 0.2425685841590166, "best_smooth_loss": 0.12171435691416263, "diverged": true, "loss_curve": [[1000, 0.3152498090267181], [1100, 0.2586449638754129], [1200, 0.24512955740094186], [1300, 0.19201336666941643], [1400, 0.19162250190973282], [1500, 0.1931244531273842], [1600, 0.15455627247691153], [1700, 0.18280564844608307], [1800, 0.15451630257070065], [1900, 0.1487184689939022], [2000, 0.1446189285814762], [2100, 0.12988712072372435], [2200, 0.12171435691416263], [2300, 0.11912781544029713], [2400, 0.1211777863278985], [2500, 0.12176759693771601], [2600, 0.18973619773983955], [2700, 0.2425685841590166]]}, "ckpt_id": "msd_task03_liver__P5__s2000__r2", "ckpt_path": "", "ckpt_hash": "f0802b870d08f1242f63020b81f4aaec8f04c1616a5fcca022046807746a7870", "config_hash": "e4fae46d1c013eb7c36e2eeecfd787bd198e1e60b7f9bf7f044c146e0d2a9270", "feature_cache_keys": {"task_unet": "task_unet_bottleneck@f0802b870d08"}, "sam_model_type": "", "sam_checkpoint": "", "metrics": {"primary_metric": "mean_dsc_fg_case_macro", "metric_version": "v3_case_macro", "eval_scope": "case_retained_slices", "mean_dsc_fg_case_macro": 0.5042325043294115, "mean_dsc_fg": 0.5042325043294115, "mean_dsc_fg_pooled_diagnostic": 0.5981970635136218, "dsc_per_class_pooled": [0.9896203646590853, 0.8409124336751853, 0.3554816933520583], "dsc_per_class": [0.9896203646590853, 0.8409124336751853, 0.3554816933520583], "n_cases": 11, "n_eval": 500, "structure_detection_rate": 1.0, "missed_structure_rate": 0.0}, "runtime_sec": {"train": 1052.6780409812927, "eval": 6.491072416305542, "select": 46.43975019454956}, "gpu_mem_mb": 9418.0352, "gpu_name": "NVIDIA A40", "gpu_total_mem_mb": 47960.489984, "foundation": {}, "notes": ""}
