{"schema_version": "v3", "run_id": "msd_task04_hippocampus__P9__s3000", "round": 0, "dataset": "msd_task04_hippocampus", "modality": "mri", "target": "hippocampus_anterior", "dim": "3d", "query_unit": "slice", "seed": 3000, "round_seed": 3000, "component_seeds": {"model_init_seed": 4268717614, "loader_seed": 3761024140, "query_seed": 1653928250, "dropout_seed": 3551934248}, "total_rounds": 7, "budget_denominator": {"full_train_N": 3908, "requested_pool_cap": 5000, "actual_AL_pool_N": 3908, "budget_plan": [40, 79, 157, 274, 391, 587, 782], "fraction_of_AL_pool": 0.2001023541453429, "fraction_of_full_train": 0.2001023541453429}, "policy_id": "P9", "policy_name": "PAAL", "method_version": "1.0", "is_ablation": false, "policy_config": {}, "cumulative_budget": 40, "incremental_query_count": 39, "labeled_count": 40, "labeled_ratio": 0.01023541453428864, "selected_ids": ["hippocampus_058_s021", "hippocampus_338_s027", "hippocampus_164_s021", "hippocampus_368_s022", "hippocampus_150_s020", "hippocampus_064_s021", "hippocampus_279_s022", "hippocampus_046_s023", "hippocampus_352_s024", "hippocampus_286_s019", "hippocampus_034_s022", "hippocampus_368_s024", "hippocampus_356_s025", "hippocampus_064_s022", "hippocampus_161_s025", "hippocampus_359_s020", "hippocampus_223_s022", "hippocampus_338_s026", "hippocampus_034_s020", "hippocampus_368_s026", "hippocampus_162_s026", "hippocampus_064_s020", "hippocampus_161_s023", "hippocampus_135_s005", "hippocampus_242_s008", "hippocampus_126_s025", "hippocampus_164_s027", "hippocampus_331_s024", "hippocampus_150_s022", "hippocampus_158_s024", "hippocampus_376_s024", "hippocampus_288_s006", "hippocampus_358_s007", "hippocampus_125_s022", "hippocampus_204_s021", "hippocampus_292_s024", "hippocampus_353_s021", "hippocampus_320_s019", "hippocampus_193_s022"], "selected_scores": [0.0009295516065321863, 0.0013936359900981188, 0.0011254805140197277, 0.0009727149154059589, 0.0010023580398410559, 0.0010114696342498064, 0.0009001862490549684, 0.0008623565081506968, 0.0009261708473786712, 0.0013630299363285303, 0.001062728464603424, 0.0009717525681480765, 0.0009001613943837583, 0.0009127947269007564, 0.0008729265537112951, 0.0008600716246291995, 0.0008472669869661331, 0.0012651588767766953, 0.0010186857543885708, 0.0009159538894891739, 0.0008955252123996615, 0.0009007188491523266, 0.0008254753774963319, 0.0008532471256330609, 0.0008201799355447292, 0.0011331165442243218, 0.0010106849949806929, 0.0008573690429329872, 0.0008716833544895053, 0.0008903762209229171, 0.0008146939799189568, 0.0008525310549885035, 0.0008016738574951887, 0.0010940724750980735, 0.0010071506258100271, 0.0008248982485383749, 0.0008544432930648327, 0.0008865177514962852, 0.0008062831475399435], "selected_pred_fg_ratio": [0.018535614013671875, 0.026828765869140625, 0.07137680053710938, 0.011692047119140625, 0.0382232666015625, 0.024860382080078125, 0.0271759033203125, 0.009517669677734375, 0.043415069580078125, 0.051052093505859375, 0.0111083984375, 0.016643524169921875, 0.019229888916015625, 0.01836395263671875, 0.00951385498046875, 0.03733062744140625, 0.01369476318359375, 0.0234832763671875, 0.036113739013671875, 0.00951385498046875, 0.02149200439453125, 0.03009033203125, 0.009307861328125, 0.022396087646484375, 0.07693099975585938, 0.030963897705078125, 0.027233123779296875, 0.009014129638671875, 0.028171539306640625, 0.017467498779296875, 0.01450347900390625, 0.018798828125, 0.033721923828125, 0.06069183349609375, 0.02342987060546875, 0.007480621337890625, 0.02298736572265625, 0.031497955322265625, 0.016002655029296875], "selected_pred_class_dist": [[0.9814643859863281, 0.0063323974609375, 0.012203216552734375], [0.9731712341308594, 0.01556396484375, 0.011264801025390625], [0.9286231994628906, 0.037242889404296875, 0.0341339111328125], [0.9883079528808594, 0.002765655517578125, 0.0089263916015625], [0.9617767333984375, 0.008678436279296875, 0.029544830322265625], [0.9751396179199219, 0.0093231201171875, 0.015537261962890625], [0.9728240966796875, 0.01091766357421875, 0.01625823974609375], [0.9904823303222656, 0.004215240478515625, 0.00530242919921875], [0.9565849304199219, 0.0090484619140625, 0.034366607666015625], [0.9489479064941406, 0.018978118896484375, 0.032073974609375], [0.9888916015625, 0.004817962646484375, 0.006290435791015625], [0.9833564758300781, 0.003261566162109375, 0.0133819580078125], [0.9807701110839844, 0.003726959228515625, 0.0155029296875], [0.9816360473632812, 0.00485992431640625, 0.0135040283203125], [0.9904861450195312, 0.005474090576171875, 0.004039764404296875], [0.9626693725585938, 0.008419036865234375, 0.028911590576171875], [0.9863052368164062, 0.00637054443359375, 0.00732421875], [0.9765167236328125, 0.015644073486328125, 0.007839202880859375], [0.9638862609863281, 0.0129852294921875, 0.023128509521484375], [0.9904861450195312, 0.00328826904296875, 0.0062255859375], [0.9785079956054688, 0.007144927978515625, 0.014347076416015625], [0.96990966796875, 0.012401580810546875, 0.017688751220703125], [0.990692138671875, 0.003787994384765625, 0.005519866943359375], [0.9776039123535156, 0.0102386474609375, 0.012157440185546875], [0.9230690002441406, 0.013332366943359375, 0.0635986328125], [0.9690361022949219, 0.014675140380859375, 0.01628875732421875], [0.9727668762207031, 0.017604827880859375, 0.0096282958984375], [0.9909858703613281, 0.00443267822265625, 0.004581451416015625], [0.9718284606933594, 0.004459381103515625, 0.023712158203125], [0.9825325012207031, 0.0062713623046875, 0.011196136474609375], [0.9854965209960938, 0.00931549072265625, 0.00518798828125], [0.981201171875, 0.010654449462890625, 0.008144378662109375], [0.966278076171875, 0.008270263671875, 0.02545166015625], [0.9393081665039062, 0.03324127197265625, 0.0274505615234375], [0.9765701293945312, 0.011844635009765625, 0.011585235595703125], [0.9925193786621094, 0.00458526611328125, 0.002895355224609375], [0.9770126342773438, 0.005382537841796875, 0.017604827880859375], [0.9685020446777344, 0.015338897705078125, 0.0161590576171875], [0.9839973449707031, 0.0087738037109375, 0.007228851318359375]], "candidate_count": 3868, "candidate_scores_path": "/groups/echambe2/gmeng/MedAL-Agent/repo/code/runs/frozen_v5/candidate_scores/msd_task04_hippocampus__P9__s3000__r0.json", "predictions_path": "", "initial_labeled_path": "/groups/echambe2/gmeng/MedAL-Agent/repo/code/runs/frozen_v5/init_sets/msd_task04_hippocampus__s3000__n40.json", "initial_labeled_ids": ["hippocampus_011_s030", "hippocampus_023_s017", "hippocampus_025_s007", "hippocampus_025_s025", "hippocampus_036_s009", "hippocampus_046_s016", "hippocampus_053_s014", "hippocampus_074_s018", "hippocampus_096_s009", "hippocampus_135_s010", "hippocampus_146_s007", "hippocampus_152_s018", "hippocampus_155_s013", "hippocampus_155_s020", "hippocampus_158_s016", "hippocampus_160_s027", "hippocampus_162_s007", "hippocampus_171_s007", "hippocampus_188_s017", "hippocampus_189_s013", "hippocampus_190_s009", "hippocampus_193_s017", "hippocampus_219_s012", "hippocampus_220_s018", "hippocampus_221_s013", "hippocampus_224_s012", "hippocampus_265_s013", "hippocampus_292_s006", "hippocampus_300_s006", "hippocampus_302_s006", "hippocampus_302_s019", "hippocampus_311_s018", "hippocampus_317_s016", "hippocampus_320_s024", "hippocampus_330_s008", "hippocampus_332_s024", "hippocampus_338_s006", "hippocampus_351_s011", "hippocampus_378_s011", "hippocampus_385_s012"], "selection_diagnostics": {"paal_ap_epochs": 200, "paal_ap_loss_mean": 0.0002810318290371564, "paal_ap_loss_last": 1.0885820403119496e-06, "paal_ap_val_corr": 0.013924409686043604, "paal_ap_n_train": 36, "paal_ap_n_val": 4, "paal_pred_acc_mean": 0.9995059967041016, "paal_pred_acc_std": 0.00017222014139406383, "paal_score_mean": 0.0004941305378451943, "paal_score_std": 0.00015891602379269898, "paal_n_clusters": 8, "paal_cluster_sizes": [474, 920, 213, 548, 506, 502, 381, 324], "paal_selected_clusters": [0, 1, 2, 3, 4, 5, 6, 7, 0, 1, 2, 3, 4, 5, 6, 7, 0, 1, 2, 3, 4, 5, 6, 7, 0, 1, 2, 3, 4, 5, 6, 7, 0, 1, 2, 3, 4, 5, 6]}, "training": {"num_iters": 1000, "batch_size": 12, "lr": 0.001, "image_size": 512, "aspect_preserve": true, "resolution_policy": "longside_pad32", "preproc_cache": {"pool": "hit", "val": "hit"}, "train_runtime_sec": 1077.4587898254395, "query_runtime_sec": 188.03201389312744, "iters": 2700, "stop_iter": 2700, "mean_loss": 0.10797720063883053, "last_loss": 0.0021517181303352118, "stop_reason": "plateau", "hit_max_iters": false, "final_smooth_loss": 0.00245892618666403, "best_smooth_loss": 0.004596742324065417, "diverged": false, "loss_curve": [[1000, 0.03414528775960207], [1100, 0.02619446091353893], [1200, 0.02181237880140543], [1300, 0.01691429582424462], [1400, 0.014613301167264581], [1500, 0.01207681430503726], [1600, 0.04162078415974975], [1700, 0.033364470042288305], [1800, 0.010325897140428425], [1900, 0.007582430294714868], [2000, 0.006455184035003185], [2100, 0.00562452670186758], [2200, 0.004596742324065417], [2300, 0.004177739538718015], [2400, 0.0035606958367861807], [2500, 0.0032286897115409376], [2600, 0.002891205680789426], [2700, 0.00245892618666403]]}, "ckpt_id": "msd_task04_hippocampus__P9__s3000__r0", "ckpt_path": "", "ckpt_hash": "6b3b01e252987c557c515436475749c2a7ea4e149259564188eb5869ea2811f7", "config_hash": "b481fadf8baa1c1160d1a1b91b828e7e4a8a5690d77ca8046e86a7fbe16ebcd0", "feature_cache_keys": {"task_unet": "task_unet_bottleneck@6b3b01e25298"}, "sam_model_type": "", "sam_checkpoint": "", "metrics": {"primary_metric": "mean_dsc_fg_case_macro", "metric_version": "v3_case_macro", "eval_scope": "case_retained_slices", "mean_dsc_fg_case_macro": 0.6237652954097783, "mean_dsc_fg": 0.6237652954097783, "mean_dsc_fg_pooled_diagnostic": 0.6303324271527133, "dsc_per_class_pooled": [0.9832400408228976, 0.5711513140326875, 0.6895135402727393], "dsc_per_class": [0.9832400408228976, 0.5711513140326875, 0.6895135402727393], "n_cases": 22, "n_eval": 481, "structure_detection_rate": 1.0, "missed_structure_rate": 0.0}, "runtime_sec": {"train": 1077.4587898254395, "eval": 7.928273677825928, "select": 188.03201389312744}, "gpu_mem_mb": 9368.62208, "gpu_name": "NVIDIA A40", "gpu_total_mem_mb": 47960.489984, "foundation": {}, "notes": ""}
{"schema_version": "v3", "run_id": "msd_task04_hippocampus__P9__s3000", "round": 1, "dataset": "msd_task04_hippocampus", "modality": "mri", "target": "hippocampus_anterior", "dim": "3d", "query_unit": "slice", "seed": 3000, "round_seed": 3001, "component_seeds": {"model_init_seed": 1368497401, "loader_seed": 724338150, "query_seed": 2939650167, "dropout_seed": 1283938365}, "total_rounds": 7, "budget_denominator": {"full_train_N": 3908, "requested_pool_cap": 5000, "actual_AL_pool_N": 3908, "budget_plan": [40, 79, 157, 274, 391, 587, 782], "fraction_of_AL_pool": 0.2001023541453429, "fraction_of_full_train": 0.2001023541453429}, "policy_id": "P9", "policy_name": "PAAL", "method_version": "1.0", "is_ablation": false, "policy_config": {}, "cumulative_budget": 79, "incremental_query_count": 78, "labeled_count": 79, "labeled_ratio": 0.020214943705220062, "selected_ids": ["hippocampus_144_s006", "hippocampus_177_s006", "hippocampus_020_s006", "hippocampus_142_s007", "hippocampus_308_s006", "hippocampus_238_s005", "hippocampus_286_s009", "hippocampus_154_s006", "hippocampus_309_s004", "hippocampus_144_s007", "hippocampus_177_s007", "hippocampus_337_s008", "hippocampus_386_s009", "hippocampus_385_s006", "hippocampus_088_s008", "hippocampus_286_s010", "hippocampus_138_s005", "hippocampus_004_s006", "hippocampus_074_s009", "hippocampus_177_s023", "hippocampus_178_s009", "hippocampus_386_s007", "hippocampus_385_s005", "hippocampus_088_s007", "hippocampus_286_s008", "hippocampus_154_s007", "hippocampus_229_s006", "hippocampus_144_s022", "hippocampus_177_s008", "hippocampus_020_s005", "hippocampus_142_s008", "hippocampus_385_s004", "hippocampus_088_s009", "hippocampus_164_s006", "hippocampus_154_s026", "hippocampus_309_s005", "hippocampus_074_s008", "hippocampus_177_s022", "hippocampus_020_s007", "hippocampus_386_s006", "hippocampus_385_s007", "hippocampus_161_s005", "hippocampus_286_s006", "hippocampus_138_s006", "hippocampus_304_s007", "hippocampus_090_s005", "hippocampus_177_s021", "hippocampus_178_s017", "hippocampus_386_s008", "hippocampus_125_s012", "hippocampus_238_s006", "hippocampus_286_s024", "hippocampus_154_s008", "hippocampus_303_s022", "hippocampus_074_s005", "hippocampus_177_s019", "hippocampus_075_s020", "hippocampus_106_s005", "hippocampus_008_s006", "hippocampus_088_s010", "hippocampus_286_s007", "hippocampus_154_s009", "hippocampus_152_s006", "hippocampus_144_s021", "hippocampus_298_s005", "hippocampus_178_s024", "hippocampus_142_s026", "hippocampus_308_s007", "hippocampus_161_s006", "hippocampus_294_s027", "hippocampus_035_s006", "hippocampus_303_s008", "hippocampus_074_s006", "hippocampus_366_s004", "hippocampus_178_s007", "hippocampus_142_s011", "hippocampus_170_s026", "hippocampus_215_s006"], "selected_scores": [3.743367415154353e-05, 3.0141349270706996e-05, 3.0101607990218326e-05, 3.069771628361195e-05, 3.145278969896026e-05, 2.1756355636171065e-05, 3.2366802770411596e-05, 3.5069151635980234e-05, 2.0723146008094773e-05, 3.447302879067138e-05, 2.7677491743816063e-05, 2.779671922326088e-05, 3.0061890356591903e-05, 3.121435656794347e-05, 2.0603933080565184e-05, 3.188991831848398e-05, 3.336030204081908e-05, 2.0643663447117433e-05, 2.9267106583574787e-05, 2.757816946541425e-05, 2.6684019758249633e-05, 2.942605351563543e-05, 2.9386324968072586e-05, 1.8696471670409665e-05, 3.165147063555196e-05, 2.9902925234637223e-05, 1.982902904273942e-05, 2.8949154511792585e-05, 2.6882718884735368e-05, 2.6684003387345e-05, 2.934657095465809e-05, 2.900879735534545e-05, 1.7941441910807043e-05, 2.886970469262451e-05, 2.682311605894938e-05, 1.905412136693485e-05, 2.8710743208648637e-05, 2.4299653887283057e-05, 2.6485320631763898e-05, 2.9147871828172356e-05, 2.6485327907721512e-05, 1.758379949023947e-05, 2.817421409417875e-05, 2.640583988977596e-05, 1.8001053831540048e-05, 2.787620178423822e-05, 2.3663827960263006e-05, 2.533286897232756e-05, 2.9147871828172356e-05, 2.592894270492252e-05, 1.7166545148938894e-05, 2.787618723232299e-05, 2.620713712531142e-05, 1.7941441910807043e-05, 2.739932097028941e-05, 2.3504877390223555e-05, 2.525340096326545e-05, 2.871074502763804e-05, 2.56507901212899e-05, 1.6987722119665705e-05, 2.7836436856887303e-05, 2.441887409077026e-05, 1.7226146155735478e-05, 2.580973341537174e-05, 2.3345912268268876e-05, 2.5094428565353155e-05, 2.7856345695909113e-05, 2.4001621568459086e-05, 1.6888378013391048e-05, 2.77967301371973e-05, 2.3743303245282732e-05, 1.712680750642903e-05, 2.5650795578258112e-05, 2.3186967155197635e-05, 2.4617562303319573e-05, 2.751854117377661e-05, 2.3961880287970416e-05, 1.6649948520353064e-05], "selected_pred_fg_ratio": [0.0217132568359375, 0.012905120849609375, 0.01512908935546875, 0.017284393310546875, 0.023693084716796875, 0.025562286376953125, 0.045536041259765625, 0.017978668212890625, 0.0380859375, 0.04850006103515625, 0.031040191650390625, 0.036273956298828125, 0.08635711669921875, 0.07912063598632812, 0.052860260009765625, 0.053791046142578125, 0.018749237060546875, 0.014934539794921875, 0.07335281372070312, 0.026111602783203125, 0.06369400024414062, 0.0643463134765625, 0.061267852783203125, 0.02011871337890625, 0.028873443603515625, 0.03908538818359375, 0.034770965576171875, 0.0367431640625, 0.06443405151367188, 0.00484466552734375, 0.05657958984375, 0.049381256103515625, 0.048126220703125, 0.015750885009765625, 0.016998291015625, 0.02240753173828125, 0.053623199462890625, 0.022365570068359375, 0.042388916015625, 0.04254150390625, 0.09405136108398438, 0.039020538330078125, 0.010009765625, 0.038616180419921875, 0.052616119384765625, 0.0108795166015625, 0.024219512939453125, 0.058673858642578125, 0.0740509033203125, 0.05985260009765625, 0.048458099365234375, 0.017887115478515625, 0.036891937255859375, 0.03995513916015625, 0.017059326171875, 0.053466796875, 0.042766571044921875, 0.0419158935546875, 0.05103302001953125, 0.045131683349609375, 0.020526885986328125, 0.055614471435546875, 0.010883331298828125, 0.026981353759765625, 0.01580047607421875, 0.010585784912109375, 0.02916717529296875, 0.038150787353515625, 0.06637954711914062, 0.013957977294921875, 0.048038482666015625, 0.07110214233398438, 0.028690338134765625, 0.016239166259765625, 0.010807037353515625, 0.08558273315429688, 0.02095794677734375, 0.025989532470703125], "selected_pred_class_dist": [[0.9782867431640625, 0.021663665771484375, 4.9591064453125e-05], [0.9870948791503906, 0.01287841796875, 2.6702880859375e-05], [0.9848709106445312, 0.01453399658203125, 0.0005950927734375], [0.9827156066894531, 0.01725006103515625, 3.4332275390625e-05], [0.9763069152832031, 0.0141448974609375, 0.009548187255859375], [0.9744377136230469, 0.022918701171875, 0.002643585205078125], [0.9544639587402344, 0.026988983154296875, 0.01854705810546875], [0.9820213317871094, 0.012752532958984375, 0.00522613525390625], [0.9619140625, 0.03609466552734375, 0.00199127197265625], [0.9514999389648438, 0.033290863037109375, 0.015209197998046875], [0.9689598083496094, 0.022754669189453125, 0.0082855224609375], [0.9637260437011719, 0.02950286865234375, 0.006771087646484375], [0.9136428833007812, 0.049747467041015625, 0.036609649658203125], [0.9208793640136719, 0.04688262939453125, 0.032238006591796875], [0.9471397399902344, 0.0304412841796875, 0.022418975830078125], [0.9462089538574219, 0.033290863037109375, 0.02050018310546875], [0.9812507629394531, 0.013576507568359375, 0.0051727294921875], [0.9850654602050781, 0.01201629638671875, 0.002918243408203125], [0.9266471862792969, 0.041553497314453125, 0.03179931640625], [0.9738883972167969, 0.022167205810546875, 0.00394439697265625], [0.9363059997558594, 0.030849456787109375, 0.03284454345703125], [0.9356536865234375, 0.04811859130859375, 0.01622772216796875], [0.9387321472167969, 0.040737152099609375, 0.02053070068359375], [0.9798812866210938, 0.00591278076171875, 0.0142059326171875], [0.9711265563964844, 0.0191650390625, 0.009708404541015625], [0.9609146118164062, 0.0138092041015625, 0.02527618408203125], [0.9652290344238281, 0.02483367919921875, 0.009937286376953125], [0.9632568359375, 0.0342254638671875, 0.0025177001953125], [0.9355659484863281, 0.0260162353515625, 0.038417816162109375], [0.9951553344726562, 0.00310516357421875, 0.001739501953125], [0.94342041015625, 0.0468902587890625, 0.0096893310546875], [0.9506187438964844, 0.032581329345703125, 0.0167999267578125], [0.951873779296875, 0.018367767333984375, 0.029758453369140625], [0.9842491149902344, 0.015750885009765625, 0.0], [0.983001708984375, 0.016986846923828125, 1.1444091796875e-05], [0.9775924682617188, 0.015872955322265625, 0.006534576416015625], [0.9463768005371094, 0.02349090576171875, 0.030132293701171875], [0.9776344299316406, 0.020534515380859375, 0.0018310546875], [0.957611083984375, 0.0182647705078125, 0.0241241455078125], [0.95745849609375, 0.022212982177734375, 0.020328521728515625], [0.9059486389160156, 0.042148590087890625, 0.05190277099609375], [0.9609794616699219, 0.020130157470703125, 0.018890380859375], [0.989990234375, 0.0060272216796875, 0.0039825439453125], [0.9613838195800781, 0.01242828369140625, 0.026187896728515625], [0.9473838806152344, 0.02703094482421875, 0.025585174560546875], [0.9891204833984375, 0.00936126708984375, 0.00151824951171875], [0.9757804870605469, 0.01749420166015625, 0.006725311279296875], [0.9413261413574219, 0.039821624755859375, 0.01885223388671875], [0.9259490966796875, 0.0325775146484375, 0.041473388671875], [0.9401473999023438, 0.03530120849609375, 0.0245513916015625], [0.9515419006347656, 0.01837158203125, 0.030086517333984375], [0.9821128845214844, 0.01183319091796875, 0.006053924560546875], [0.9631080627441406, 0.019344329833984375, 0.017547607421875], [0.9600448608398438, 0.013599395751953125, 0.026355743408203125], [0.982940673828125, 0.007564544677734375, 0.009494781494140625], [0.946533203125, 0.037052154541015625, 0.016414642333984375], [0.9572334289550781, 0.029232025146484375, 0.0135345458984375], [0.9580841064453125, 0.04137420654296875, 0.00054168701171875], [0.9489669799804688, 0.031688690185546875, 0.019344329833984375], [0.9548683166503906, 0.017436981201171875, 0.0276947021484375], [0.9794731140136719, 0.0146484375, 0.005878448486328125], [0.9443855285644531, 0.02414703369140625, 0.031467437744140625], [0.9891166687011719, 0.005977630615234375, 0.00490570068359375], [0.9730186462402344, 0.023014068603515625, 0.00396728515625], [0.9841995239257812, 0.01580047607421875, 0.0], [0.9894142150878906, 0.010585784912109375, 0.0], [0.9708328247070312, 0.02886199951171875, 0.00030517578125], [0.9618492126464844, 0.007434844970703125, 0.0307159423828125], [0.9336204528808594, 0.0374603271484375, 0.028919219970703125], [0.9860420227050781, 0.010753631591796875, 0.003204345703125], [0.9519615173339844, 0.028903961181640625, 0.019134521484375], [0.9288978576660156, 0.032436370849609375, 0.038665771484375], [0.9713096618652344, 0.010578155517578125, 0.0181121826171875], [0.9837608337402344, 0.01604461669921875, 0.000194549560546875], [0.9891929626464844, 0.010242462158203125, 0.0005645751953125], [0.9144172668457031, 0.0560302734375, 0.029552459716796875], [0.9790420532226562, 0.01861572265625, 0.00234222412109375], [0.9740104675292969, 0.022613525390625, 0.003376007080078125]], "candidate_count": 3829, "candidate_scores_path": "/groups/echambe2/gmeng/MedAL-Agent/repo/code/runs/frozen_v5/candidate_scores/msd_task04_hippocampus__P9__s3000__r1.json", "predictions_path": "", "initial_labeled_path": "/groups/echambe2/gmeng/MedAL-Agent/repo/code/runs/frozen_v5/init_sets/msd_task04_hippocampus__s3000__n40.json", "initial_labeled_ids": [], "selection_diagnostics": {"paal_ap_epochs": 200, "paal_ap_loss_mean": 9.058967833975831e-08, "paal_ap_loss_last": 1.0131040771114523e-07, "paal_ap_val_corr": 0.04034000196112165, "paal_ap_n_train": 72, "paal_ap_n_val": 7, "paal_pred_acc_mean": 0.9999871850013733, "paal_pred_acc_std": 1.822316335164942e-05, "paal_score_mean": 1.286083170271013e-05, "paal_score_std": 4.243518560542725e-06, "paal_n_clusters": 9, "paal_cluster_sizes": [249, 556, 803, 195, 624, 314, 121, 400, 567], "paal_selected_clusters": [0, 1, 2, 3, 4, 5, 6, 7, 8, 0, 1, 2, 3, 4, 5, 6, 7, 8, 0, 1, 2, 3, 4, 5, 6, 7, 8, 0, 1, 2, 3, 4, 5, 6, 7, 8, 0, 1, 2, 3, 4, 5, 6, 7, 8, 0, 1, 2, 3, 4, 5, 6, 7, 8, 0, 1, 2, 3, 4, 5, 6, 7, 8, 0, 1, 2, 3, 4, 5, 6, 7, 8, 0, 1, 2, 3, 4, 5]}, "training": {"num_iters": 1000, "batch_size": 12, "lr": 0.001, "image_size": 512, "aspect_preserve": true, "resolution_policy": "longside_pad32", "preproc_cache": {"pool": "hit", "val": "hit"}, "train_runtime_sec": 1297.257122516632, "query_runtime_sec": 290.90766072273254, "iters": 3300, "stop_iter": 3300, "mean_loss": 0.13660087709449176, "last_loss": 0.002404293976724148, "stop_reason": "plateau", "hit_max_iters": false, "final_smooth_loss": 0.003149073321837932, "best_smooth_loss": 0.007038856903091073, "diverged": false, "loss_curve": [[1000, 0.09544794157147407], [1100, 0.08719189181923866], [1200, 0.07593272745609284], [1300, 0.06716472204774618], [1400, 0.05620796326547861], [1500, 0.04982526905834675], [1600, 0.04483204986900091], [1700, 0.03895598826929927], [1800, 0.03452502716332674], [1900, 0.030951688662171364], [2000, 0.025764331445097922], [2100, 0.020862298626452683], [2200, 0.018425594782456756], [2300, 0.014642532439902425], [2400, 0.03889688313007355], [2500, 0.049315815763548015], [2600, 0.012367396410554647], [2700, 0.008564419904723763], [2800, 0.007038856903091073], [2900, 0.005833535706624388], [3000, 0.0052333117299713195], [3100, 0.004280419796705246], [3200, 0.0038705836632288992], [3300, 0.003149073321837932]]}, "ckpt_id": "msd_task04_hippocampus__P9__s3000__r1", "ckpt_path": "", "ckpt_hash": "5b4786aa91e4b9711d95e926691d21a1d617f70d12a3496c60262a49b4c8d661", "config_hash": "b481fadf8baa1c1160d1a1b91b828e7e4a8a5690d77ca8046e86a7fbe16ebcd0", "feature_cache_keys": {"task_unet": "task_unet_bottleneck@5b4786aa91e4"}, "sam_model_type": "", "sam_checkpoint": "", "metrics": {"primary_metric": "mean_dsc_fg_case_macro", "metric_version": "v3_case_macro", "eval_scope": "case_retained_slices", "mean_dsc_fg_case_macro": 0.6856119857157276, "mean_dsc_fg": 0.6856119857157276, "mean_dsc_fg_pooled_diagnostic": 0.699732464592756, "dsc_per_class_pooled": [0.9866659425190218, 0.6715392215747128, 0.7279257076107991], "dsc_per_class": [0.9866659425190218, 0.6715392215747128, 0.7279257076107991], "n_cases": 22, "n_eval": 481, "structure_detection_rate": 1.0, "missed_structure_rate": 0.0}, "runtime_sec": {"train": 1297.257122516632, "eval": 7.722102165222168, "select": 290.90766072273254}, "gpu_mem_mb": 9580.54912, "gpu_name": "NVIDIA A40", "gpu_total_mem_mb": 47960.489984, "foundation": {}, "notes": ""}
