{"schema_version": "v3", "run_id": "msd_task04_hippocampus__P9__s2000", "round": 0, "dataset": "msd_task04_hippocampus", "modality": "mri", "target": "hippocampus_anterior", "dim": "3d", "query_unit": "slice", "seed": 2000, "round_seed": 2000, "component_seeds": {"model_init_seed": 1733582241, "loader_seed": 3333593949, "query_seed": 2915079519, "dropout_seed": 1768907296}, "total_rounds": 7, "budget_denominator": {"full_train_N": 3889, "requested_pool_cap": 5000, "actual_AL_pool_N": 3889, "budget_plan": [39, 78, 156, 273, 389, 584, 778], "fraction_of_AL_pool": 0.2000514271020828, "fraction_of_full_train": 0.2000514271020828}, "policy_id": "P9", "policy_name": "PAAL", "method_version": "1.0", "is_ablation": false, "policy_config": {}, "cumulative_budget": 39, "incremental_query_count": 39, "labeled_count": 39, "labeled_ratio": 0.010028284906145539, "selected_ids": ["hippocampus_297_s024", "hippocampus_330_s028", "hippocampus_243_s026", "hippocampus_235_s027", "hippocampus_199_s030", "hippocampus_225_s024", "hippocampus_162_s026", "hippocampus_224_s023", "hippocampus_011_s029", "hippocampus_330_s027", "hippocampus_243_s025", "hippocampus_235_s028", "hippocampus_165_s025", "hippocampus_328_s027", "hippocampus_034_s025", "hippocampus_052_s026", "hippocampus_297_s025", "hippocampus_276_s027", "hippocampus_226_s026", "hippocampus_033_s027", "hippocampus_165_s026", "hippocampus_328_s031", "hippocampus_105_s024", "hippocampus_326_s030", "hippocampus_011_s030", "hippocampus_298_s027", "hippocampus_226_s025", "hippocampus_152_s027", "hippocampus_146_s028", "hippocampus_390_s027", "hippocampus_320_s024", "hippocampus_224_s024", "hippocampus_205_s024", "hippocampus_375_s023", "hippocampus_253_s027", "hippocampus_235_s026", "hippocampus_042_s029", "hippocampus_328_s026", "hippocampus_290_s026"], "selected_scores": [0.004898098297417164, 0.004545186646282673, 0.006371146999299526, 0.005122515372931957, 0.005408471450209618, 0.0063466536812484264, 0.003130944212898612, 0.0031401587184518576, 0.004182989709079266, 0.004527115263044834, 0.005889782216399908, 0.005094338208436966, 0.0041092257015407085, 0.004581076093018055, 0.0028637382201850414, 0.0025979732163250446, 0.0041757430881261826, 0.003662524279206991, 0.005590365268290043, 0.0034333020448684692, 0.0036293906159698963, 0.004497045651078224, 0.0025922597851604223, 0.0025768112391233444, 0.003910754341632128, 0.0033201766200363636, 0.005522366613149643, 0.003386840922757983, 0.003539430443197489, 0.004438960924744606, 0.0025317117106169462, 0.0023775820154696703, 0.0033971150405704975, 0.0030756338965147734, 0.004680180922150612, 0.0032083597034215927, 0.00331700686365366, 0.0043982891365885735, 0.0023803894873708487], "selected_pred_fg_ratio": [0.00072479248046875, 0.00257110595703125, 0.00159454345703125, 0.00106048583984375, 0.0006866455078125, 0.00092315673828125, 0.01233673095703125, 0.004642486572265625, 0.00061798095703125, 0.00186920166015625, 0.003173828125, 0.0010986328125, 0.001697540283203125, 0.000629425048828125, 0.002655029296875, 0.0003814697265625, 0.0027618408203125, 0.001468658447265625, 4.1961669921875e-05, 0.001667022705078125, 0.001667022705078125, 0.000865936279296875, 0.010410308837890625, 0.001094818115234375, 0.001789093017578125, 0.002422332763671875, 0.0, 0.00038909912109375, 0.003101348876953125, 0.00173187255859375, 0.005550384521484375, 0.004566192626953125, 0.012081146240234375, 0.00687408447265625, 0.001621246337890625, 0.002777099609375, 0.0024261474609375, 0.000213623046875, 0.002735137939453125], "selected_pred_class_dist": [[0.9992752075195312, 0.00019073486328125, 0.0005340576171875], [0.9974288940429688, 0.0025634765625, 7.62939453125e-06], [0.9984054565429688, 0.00118255615234375, 0.0004119873046875], [0.9989395141601562, 0.000614166259765625, 0.000446319580078125], [0.9993133544921875, 0.0006866455078125, 0.0], [0.9990768432617188, 0.0002899169921875, 0.00063323974609375], [0.9876632690429688, 0.000514984130859375, 0.011821746826171875], [0.9953575134277344, 0.000919342041015625, 0.00372314453125], [0.9993820190429688, 0.00061798095703125, 0.0], [0.9981307983398438, 0.001750946044921875, 0.000118255615234375], [0.996826171875, 0.00164031982421875, 0.00153350830078125], [0.9989013671875, 0.00083160400390625, 0.00026702880859375], [0.9983024597167969, 0.00151824951171875, 0.000179290771484375], [0.9993705749511719, 0.000629425048828125, 0.0], [0.997344970703125, 0.000881195068359375, 0.001773834228515625], [0.9996185302734375, 0.0, 0.0003814697265625], [0.9972381591796875, 0.001255035400390625, 0.001506805419921875], [0.9985313415527344, 0.001468658447265625, 0.0], [0.9999580383300781, 4.1961669921875e-05, 0.0], [0.9983329772949219, 0.00147247314453125, 0.000194549560546875], [0.9983329772949219, 0.0016632080078125, 3.814697265625e-06], [0.9991340637207031, 0.000865936279296875, 0.0], [0.9895896911621094, 0.001697540283203125, 0.0087127685546875], [0.9989051818847656, 0.001094818115234375, 0.0], [0.9982109069824219, 0.001033782958984375, 0.00075531005859375], [0.9975776672363281, 0.002422332763671875, 0.0], [1.0, 0.0, 0.0], [0.9996109008789062, 0.000102996826171875, 0.000286102294921875], [0.9968986511230469, 0.003101348876953125, 0.0], [0.9982681274414062, 0.00049591064453125, 0.0012359619140625], [0.9944496154785156, 0.005550384521484375, 0.0], [0.9954338073730469, 0.002307891845703125, 0.00225830078125], [0.9879188537597656, 0.008686065673828125, 0.00339508056640625], [0.9931259155273438, 0.001659393310546875, 0.005214691162109375], [0.9983787536621094, 0.001621246337890625, 0.0], [0.997222900390625, 0.001941680908203125, 0.000835418701171875], [0.9975738525390625, 0.00130462646484375, 0.00112152099609375], [0.999786376953125, 0.000213623046875, 0.0], [0.9972648620605469, 0.0015716552734375, 0.001163482666015625]], "candidate_count": 3850, "candidate_scores_path": "/groups/echambe2/gmeng/MedAL-Agent/repo/code/runs/frozen_v5/candidate_scores/msd_task04_hippocampus__P9__s2000__r0.json", "predictions_path": "", "initial_labeled_path": "/groups/echambe2/gmeng/MedAL-Agent/repo/code/runs/frozen_v5/init_sets/msd_task04_hippocampus__s2000__n39.json", "initial_labeled_ids": ["hippocampus_001_s024", "hippocampus_025_s004", "hippocampus_035_s019", "hippocampus_042_s020", "hippocampus_046_s020", "hippocampus_091_s007", "hippocampus_091_s015", "hippocampus_109_s026", "hippocampus_127_s010", "hippocampus_127_s023", "hippocampus_133_s010", "hippocampus_143_s020", "hippocampus_150_s021", "hippocampus_157_s007", "hippocampus_161_s008", "hippocampus_162_s017", "hippocampus_173_s015", "hippocampus_177_s023", "hippocampus_181_s027", "hippocampus_190_s023", "hippocampus_194_s024", "hippocampus_220_s015", "hippocampus_220_s016", "hippocampus_229_s021", "hippocampus_265_s014", "hippocampus_287_s013", "hippocampus_292_s006", "hippocampus_295_s013", "hippocampus_296_s019", "hippocampus_298_s021", "hippocampus_335_s017", "hippocampus_340_s027", "hippocampus_349_s022", "hippocampus_350_s025", "hippocampus_352_s013", "hippocampus_359_s010", "hippocampus_374_s015", "hippocampus_374_s031", "hippocampus_390_s029"], "selection_diagnostics": {"paal_ap_epochs": 200, "paal_ap_loss_mean": 0.00016563814850339357, "paal_ap_loss_last": 4.376897303851972e-06, "paal_ap_val_corr": 0.3021395331569157, "paal_ap_n_train": 36, "paal_ap_n_val": 3, "paal_pred_acc_mean": 0.999302864074707, "paal_pred_acc_std": 0.0011049882741644979, "paal_score_mean": 0.0006979864556342363, "paal_score_std": 0.000710002554114908, "paal_n_clusters": 8, "paal_cluster_sizes": [280, 555, 692, 446, 692, 457, 379, 349], "paal_selected_clusters": [0, 1, 2, 3, 4, 5, 6, 7, 0, 1, 2, 3, 4, 5, 6, 7, 0, 1, 2, 3, 4, 5, 6, 7, 0, 1, 2, 3, 4, 5, 6, 7, 0, 1, 2, 3, 4, 5, 6]}, "training": {"num_iters": 1000, "batch_size": 12, "lr": 0.001, "image_size": 512, "aspect_preserve": true, "resolution_policy": "longside_pad32", "preproc_cache": {"pool": "hit", "val": "hit"}, "train_runtime_sec": 904.1274588108063, "query_runtime_sec": 170.8942723274231, "iters": 2300, "stop_iter": 2300, "mean_loss": 0.1354219970092906, "last_loss": 0.006567015312612057, "stop_reason": "plateau", "hit_max_iters": false, "final_smooth_loss": 0.009359424677677452, "best_smooth_loss": 0.009161000237800181, "diverged": false, "loss_curve": [[1000, 0.04154890798032284], [1100, 0.03278180621564388], [1200, 0.02929908087477088], [1300, 0.020583962853997946], [1400, 0.01750228405930102], [1500, 0.01474543391726911], [1600, 0.011639995397999883], [1700, 0.010606527789495885], [1800, 0.009161000237800181], [1900, 0.007784900953993201], [2000, 0.05355131159536541], [2100, 0.08253739039413631], [2200, 0.012825464699417352], [2300, 0.009359424677677452]]}, "ckpt_id": "msd_task04_hippocampus__P9__s2000__r0", "ckpt_path": "", "ckpt_hash": "7e37f5a7026e5367f45f0f4e1d616d256d11d225fe99c0dc45d12c372739d7f4", "config_hash": "1fcfd428dee85330d47374410c0355f454cb2ead241715eb551a1ac516c5caf8", "feature_cache_keys": {"task_unet": "task_unet_bottleneck@7e37f5a7026e"}, "sam_model_type": "", "sam_checkpoint": "", "metrics": {"primary_metric": "mean_dsc_fg_case_macro", "metric_version": "v3_case_macro", "eval_scope": "case_retained_slices", "mean_dsc_fg_case_macro": 0.6528987277275513, "mean_dsc_fg": 0.6528987277275513, "mean_dsc_fg_pooled_diagnostic": 0.6613844703776348, "dsc_per_class_pooled": [0.9851598394521848, 0.6408841522605231, 0.6818847884947467], "dsc_per_class": [0.9851598394521848, 0.6408841522605231, 0.6818847884947467], "n_cases": 22, "n_eval": 480, "structure_detection_rate": 1.0, "missed_structure_rate": 0.0}, "runtime_sec": {"train": 904.1274588108063, "eval": 6.61534571647644, "select": 170.8942723274231}, "gpu_mem_mb": 9368.62208, "gpu_name": "NVIDIA A40", "gpu_total_mem_mb": 47960.489984, "foundation": {}, "notes": ""}
{"schema_version": "v3", "run_id": "msd_task04_hippocampus__P9__s2000", "round": 1, "dataset": "msd_task04_hippocampus", "modality": "mri", "target": "hippocampus_anterior", "dim": "3d", "query_unit": "slice", "seed": 2000, "round_seed": 2001, "component_seeds": {"model_init_seed": 4092542587, "loader_seed": 4022314598, "query_seed": 1275594993, "dropout_seed": 1443935428}, "total_rounds": 7, "budget_denominator": {"full_train_N": 3889, "requested_pool_cap": 5000, "actual_AL_pool_N": 3889, "budget_plan": [39, 78, 156, 273, 389, 584, 778], "fraction_of_AL_pool": 0.2000514271020828, "fraction_of_full_train": 0.2000514271020828}, "policy_id": "P9", "policy_name": "PAAL", "method_version": "1.0", "is_ablation": false, "policy_config": {}, "cumulative_budget": 78, "incremental_query_count": 78, "labeled_count": 78, "labeled_ratio": 0.020056569812291078, "selected_ids": ["hippocampus_171_s008", "hippocampus_219_s030", "hippocampus_228_s008", "hippocampus_171_s005", "hippocampus_171_s012", "hippocampus_228_s030", "hippocampus_114_s030", "hippocampus_374_s014", "hippocampus_171_s007", "hippocampus_044_s013", "hippocampus_340_s029", "hippocampus_044_s012", "hippocampus_199_s029", "hippocampus_171_s013", "hippocampus_228_s028", "hippocampus_374_s032", "hippocampus_374_s013", "hippocampus_017_s006", "hippocampus_044_s016", "hippocampus_204_s027", "hippocampus_033_s005", "hippocampus_314_s028", "hippocampus_171_s014", "hippocampus_215_s028", "hippocampus_368_s029", "hippocampus_204_s013", "hippocampus_265_s007", "hippocampus_044_s015", "hippocampus_340_s028", "hippocampus_248_s007", "hippocampus_226_s005", "hippocampus_171_s006", "hippocampus_298_s028", "hippocampus_374_s011", "hippocampus_233_s007", "hippocampus_127_s008", "hippocampus_044_s014", "hippocampus_008_s028", "hippocampus_109_s008", "hippocampus_353_s005", "hippocampus_249_s005", "hippocampus_084_s027", "hippocampus_303_s028", "hippocampus_046_s007", "hippocampus_363_s009", "hippocampus_171_s011", "hippocampus_114_s029", "hippocampus_058_s010", "hippocampus_251_s008", "hippocampus_235_s025", "hippocampus_350_s027", "hippocampus_368_s030", "hippocampus_109_s011", "hippocampus_017_s007", "hippocampus_295_s012", "hippocampus_106_s028", "hippocampus_295_s006", "hippocampus_318_s030", "hippocampus_225_s006", "hippocampus_228_s006", "hippocampus_106_s027", "hippocampus_175_s011", "hippocampus_297_s008", "hippocampus_317_s005", "hippocampus_033_s028", "hippocampus_298_s009", "hippocampus_261_s005", "hippocampus_171_s015", "hippocampus_349_s025", "hippocampus_036_s028", "hippocampus_175_s010", "hippocampus_298_s007", "hippocampus_225_s009", "hippocampus_335_s024", "hippocampus_248_s010", "hippocampus_318_s029", "hippocampus_299_s004", "hippocampus_003_s027"], "selected_scores": [0.5248785018920898, 0.25142014026641846, 0.3152602016925812, 1.4652636051177979, 0.2192559540271759, 2.197509765625, 0.1483319103717804, 0.011203581467270851, 0.5306177139282227, 0.08655056357383728, 0.09298627823591232, 0.1632247269153595, 0.6867920160293579, 0.16196942329406738, 0.407473087310791, 0.032167404890060425, 0.010510253719985485, 0.006337733007967472, 0.05721251294016838, 0.07530819624662399, 0.008351007476449013, 0.29609519243240356, 0.03651497885584831, 0.18661074340343475, 0.012808243744075298, 0.006754053290933371, 0.00602057296782732, 0.02186094969511032, 0.024358948692679405, 0.007097342982888222, 0.19582980871200562, 0.023587696254253387, 0.18296724557876587, 0.012359775602817535, 0.004762362223118544, 0.0058162622153759, 0.012602130882441998, 0.007276567630469799, 0.005708975251764059, 0.19533215463161469, 0.011482360772788525, 0.14501911401748657, 0.010842820629477501, 0.004299149848520756, 0.005299407988786697, 0.007274058647453785, 0.00675180833786726, 0.004933817777782679, 0.19460579752922058, 0.008096331730484962, 0.1301281452178955, 0.00852256454527378, 0.004127974156290293, 0.005278192460536957, 0.006323548965156078, 0.0066170161589980125, 0.004436821676790714, 0.18502184748649597, 0.007614525966346264, 0.0735626369714737, 0.006319468840956688, 0.003761191852390766, 0.005111213773488998, 0.005216098856180906, 0.005058701150119305, 0.004232402890920639, 0.18408414721488953, 0.007379708345979452, 0.057339783757925034, 0.006259148474782705, 0.003723916132003069, 0.004892053082585335, 0.004819478839635849, 0.004711128305643797, 0.004153000190854073, 0.18396297097206116, 0.006184981670230627, 0.05484047532081604], "selected_pred_fg_ratio": [0.056095123291015625, 0.000179290771484375, 0.07180404663085938, 0.000240325927734375, 0.071502685546875, 3.4332275390625e-05, 6.103515625e-05, 0.11246109008789062, 0.02158355712890625, 0.100982666015625, 0.00022125244140625, 0.08917236328125, 0.000736236572265625, 0.06752395629882812, 0.00247955322265625, 0.001522064208984375, 0.10732269287109375, 0.044719696044921875, 0.09006881713867188, 0.0086669921875, 0.00046539306640625, 0.0, 0.060333251953125, 0.0, 0.000331878662109375, 0.10400772094726562, 0.06197357177734375, 0.10243606567382812, 0.0005340576171875, 0.0287628173828125, 1.9073486328125e-05, 0.0056304931640625, 3.4332275390625e-05, 0.09423828125, 0.04956817626953125, 0.03692626953125, 0.1059722900390625, 0.0003814697265625, 0.061248779296875, 0.0, 0.00295257568359375, 0.0, 0.001979827880859375, 0.05226898193359375, 0.06824493408203125, 0.07277297973632812, 0.000518798828125, 0.07385635375976562, 0.0, 0.01546478271484375, 0.000152587890625, 0.00052642822265625, 0.09593582153320312, 0.059001922607421875, 0.0876007080078125, 0.00081634521484375, 0.004001617431640625, 0.0, 0.0179290771484375, 0.014434814453125, 0.006622314453125, 0.10884857177734375, 0.06355667114257812, 0.014270782470703125, 0.00055694580078125, 0.0648345947265625, 4.1961669921875e-05, 0.055908203125, 0.002933502197265625, 0.0020599365234375, 0.1002960205078125, 0.040325164794921875, 0.04938507080078125, 0.0047760009765625, 0.0733489990234375, 0.0, 0.000789642333984375, 0.000339508056640625], "selected_pred_class_dist": [[0.9439048767089844, 0.021266937255859375, 0.03482818603515625], [0.9998207092285156, 0.000152587890625, 2.6702880859375e-05], [0.9281959533691406, 0.059810638427734375, 0.011993408203125], [0.9997596740722656, 0.0, 0.000240325927734375], [0.928497314453125, 0.03569793701171875, 0.03580474853515625], [0.9999656677246094, 3.4332275390625e-05, 0.0], [0.99993896484375, 6.103515625e-05, 0.0], [0.8875389099121094, 0.0484771728515625, 0.06398391723632812], [0.9784164428710938, 0.000728607177734375, 0.020854949951171875], [0.899017333984375, 0.049831390380859375, 0.051151275634765625], [0.9997787475585938, 0.0, 0.00022125244140625], [0.91082763671875, 0.043415069580078125, 0.045757293701171875], [0.9992637634277344, 0.000736236572265625, 0.0], [0.9324760437011719, 0.02841949462890625, 0.039104461669921875], [0.9975204467773438, 0.00247955322265625, 0.0], [0.9984779357910156, 0.001522064208984375, 0.0], [0.8926773071289062, 0.05158233642578125, 0.0557403564453125], [0.9552803039550781, 0.012908935546875, 0.031810760498046875], [0.9099311828613281, 0.041187286376953125, 0.04888153076171875], [0.9913330078125, 0.0086669921875, 0.0], [0.9995346069335938, 0.0003662109375, 9.918212890625e-05], [1.0, 0.0, 0.0], [0.939666748046875, 0.033283233642578125, 0.027050018310546875], [1.0, 0.0, 0.0], [0.9996681213378906, 0.000331878662109375, 0.0], [0.8959922790527344, 0.060779571533203125, 0.0432281494140625], [0.9380264282226562, 0.019268035888671875, 0.042705535888671875], [0.8975639343261719, 0.045940399169921875, 0.05649566650390625], [0.9994659423828125, 8.7738037109375e-05, 0.000446319580078125], [0.9712371826171875, 0.00154876708984375, 0.02721405029296875], [0.9999809265136719, 0.0, 1.9073486328125e-05], [0.9943695068359375, 0.00086212158203125, 0.00476837158203125], [0.9999656677246094, 3.4332275390625e-05, 0.0], [0.90576171875, 0.058238983154296875, 0.035999298095703125], [0.9504318237304688, 0.005237579345703125, 0.044330596923828125], [0.96307373046875, 0.011165618896484375, 0.025760650634765625], [0.8940277099609375, 0.05266571044921875, 0.05330657958984375], [0.9996185302734375, 0.0003814697265625, 0.0], [0.938751220703125, 0.03090667724609375, 0.03034210205078125], [1.0, 0.0, 0.0], [0.9970474243164062, 0.000331878662109375, 0.002620697021484375], [1.0, 0.0, 0.0], [0.9980201721191406, 0.000263214111328125, 0.00171661376953125], [0.9477310180664062, 0.01513671875, 0.03713226318359375], [0.9317550659179688, 0.04108428955078125, 0.02716064453125], [0.9272270202636719, 0.034473419189453125, 0.038299560546875], [0.999481201171875, 0.000492095947265625, 2.6702880859375e-05], [0.9261436462402344, 0.037261962890625, 0.036594390869140625], [1.0, 0.0, 0.0], [0.9845352172851562, 0.01544952392578125, 1.52587890625e-05], [0.999847412109375, 0.0, 0.000152587890625], [0.9994735717773438, 0.00052642822265625, 0.0], [0.9040641784667969, 0.050235748291015625, 0.0457000732421875], [0.9409980773925781, 0.01657867431640625, 0.042423248291015625], [0.9123992919921875, 0.039764404296875, 0.0478363037109375], [0.9991836547851562, 0.00081634521484375, 0.0], [0.9959983825683594, 0.001155853271484375, 0.00284576416015625], [1.0, 0.0, 0.0], [0.9820709228515625, 0.001895904541015625, 0.016033172607421875], [0.985565185546875, 0.0115203857421875, 0.0029144287109375], [0.993377685546875, 0.006622314453125, 0.0], [0.8911514282226562, 0.058841705322265625, 0.050006866455078125], [0.9364433288574219, 0.04317474365234375, 0.020381927490234375], [0.9857292175292969, 0.0076446533203125, 0.006626129150390625], [0.9994430541992188, 0.00055694580078125, 0.0], [0.9351654052734375, 0.04755401611328125, 0.01728057861328125], [0.9999580383300781, 2.288818359375e-05, 1.9073486328125e-05], [0.944091796875, 0.0285797119140625, 0.0273284912109375], [0.9970664978027344, 2.288818359375e-05, 0.002910614013671875], [0.9979400634765625, 0.00205230712890625, 7.62939453125e-06], [0.8997039794921875, 0.051616668701171875, 0.048679351806640625], [0.9596748352050781, 0.012729644775390625, 0.02759552001953125], [0.9506149291992188, 0.0157623291015625, 0.03362274169921875], [0.9952239990234375, 0.0027008056640625, 0.0020751953125], [0.9266510009765625, 0.02956390380859375, 0.04378509521484375], [1.0, 0.0, 0.0], [0.9992103576660156, 0.00048065185546875, 0.000308990478515625], [0.9996604919433594, 4.57763671875e-05, 0.000293731689453125]], "candidate_count": 3811, "candidate_scores_path": "/groups/echambe2/gmeng/MedAL-Agent/repo/code/runs/frozen_v5/candidate_scores/msd_task04_hippocampus__P9__s2000__r1.json", "predictions_path": "", "initial_labeled_path": "/groups/echambe2/gmeng/MedAL-Agent/repo/code/runs/frozen_v5/init_sets/msd_task04_hippocampus__s2000__n39.json", "initial_labeled_ids": [], "selection_diagnostics": {"paal_ap_epochs": 200, "paal_ap_loss_mean": 0.0018664478276620878, "paal_ap_loss_last": 0.00040853265405966225, "paal_ap_val_corr": 0.9975104736228109, "paal_ap_n_train": 71, "paal_ap_n_val": 7, "paal_pred_acc_mean": 0.9964442253112793, "paal_pred_acc_std": 0.028819521889090538, "paal_score_mean": 0.004945226479321718, "paal_score_std": 0.048891060054302216, "paal_n_clusters": 9, "paal_cluster_sizes": [792, 375, 275, 301, 278, 501, 363, 556, 370], "paal_selected_clusters": [0, 1, 2, 3, 4, 5, 6, 7, 8, 0, 1, 2, 3, 4, 5, 6, 7, 8, 0, 1, 2, 3, 4, 5, 6, 7, 8, 0, 1, 2, 3, 4, 5, 6, 7, 8, 0, 1, 2, 3, 4, 5, 6, 7, 8, 0, 1, 2, 3, 4, 5, 6, 7, 8, 0, 1, 2, 3, 4, 5, 6, 7, 8, 0, 1, 2, 3, 4, 5, 6, 7, 8, 0, 1, 2, 3, 4, 5]}, "training": {"num_iters": 1000, "batch_size": 12, "lr": 0.001, "image_size": 512, "aspect_preserve": true, "resolution_policy": "longside_pad32", "preproc_cache": {"pool": "hit", "val": "hit"}, "train_runtime_sec": 1246.1425323486328, "query_runtime_sec": 270.2734200954437, "iters": 3200, "stop_iter": 3200, "mean_loss": 0.20340036073554074, "last_loss": 0.013717878609895706, "stop_reason": "plateau", "hit_max_iters": false, "final_smooth_loss": 0.016399900168180465, "best_smooth_loss": 0.020618297392502427, "diverged": false, "loss_curve": [[1000, 0.1289202666282654], [1100, 0.11262811355292797], [1200, 0.09725655563175678], [1300, 0.10109119042754174], [1400, 0.08244369849562645], [1500, 0.07380354173481464], [1600, 0.07015495762228965], [1700, 0.09776790391653777], [1800, 0.06676676299422979], [1900, 0.05299533270299435], [2000, 0.043434420116245744], [2100, 0.0355222200974822], [2200, 0.03196378679946065], [2300, 0.031222131624817847], [2400, 0.02680294604972005], [2500, 0.02557911118492484], [2600, 0.023686060830950737], [2700, 0.020618297392502427], [2800, 0.018325447738170624], [2900, 0.01787502532824874], [3000, 0.016783595159649847], [3100, 0.01671512784436345], [3200, 0.016399900168180465]]}, "ckpt_id": "msd_task04_hippocampus__P9__s2000__r1", "ckpt_path": "", "ckpt_hash": "434d855b3418c4ed8945408d52efbcd589daa0ef7010e4712f6caf6bf1cad392", "config_hash": "1fcfd428dee85330d47374410c0355f454cb2ead241715eb551a1ac516c5caf8", "feature_cache_keys": {"task_unet": "task_unet_bottleneck@434d855b3418"}, "sam_model_type": "", "sam_checkpoint": "", "metrics": {"primary_metric": "mean_dsc_fg_case_macro", "metric_version": "v3_case_macro", "eval_scope": "case_retained_slices", "mean_dsc_fg_case_macro": 0.6583479010781246, "mean_dsc_fg": 0.6583479010781246, "mean_dsc_fg_pooled_diagnostic": 0.670092183428546, "dsc_per_class_pooled": [0.9860920357132432, 0.6698721018218097, 0.6703122650352825], "dsc_per_class": [0.9860920357132432, 0.6698721018218097, 0.6703122650352825], "n_cases": 22, "n_eval": 480, "structure_detection_rate": 1.0, "missed_structure_rate": 0.0}, "runtime_sec": {"train": 1246.1425323486328, "eval": 6.598132848739624, "select": 270.2734200954437}, "gpu_mem_mb": 9580.54912, "gpu_name": "NVIDIA A40", "gpu_total_mem_mb": 47960.489984, "foundation": {}, "notes": ""}
