{"schema_version": "v3", "run_id": "msd_task03_liver__P1__s2000", "round": 0, "dataset": "msd_task03_liver", "modality": "ct", "target": "liver", "dim": "3d", "query_unit": "slice", "seed": 2000, "round_seed": 2000, "component_seeds": {"model_init_seed": 1733582241, "loader_seed": 3333593949, "query_seed": 2915079519, "dropout_seed": 1768907296}, "total_rounds": 7, "budget_denominator": {"full_train_N": 17198, "requested_pool_cap": 5000, "actual_AL_pool_N": 2500, "budget_plan": [25, 50, 100, 176, 250, 375, 500], "fraction_of_AL_pool": 0.2, "fraction_of_full_train": 0.029073148040469822}, "policy_id": "P1", "policy_name": "EntropyFull", "method_version": "1.0", "is_ablation": false, "policy_config": {}, "cumulative_budget": 25, "incremental_query_count": 25, "labeled_count": 25, "labeled_ratio": 0.01, "selected_ids": ["liver_107_s513", "liver_71_s056", "liver_6_s313", "liver_6_s312", "liver_6_s316", "liver_21_s262", "liver_106_s337", "liver_95_s555", "liver_130_s350", "liver_13_s283", "liver_130_s348", "liver_40_s175", "liver_11_s406", "liver_11_s381", "liver_8_s332", "liver_106_s326", "liver_40_s203", "liver_40_s210", "liver_11_s378", "liver_40_s169", "liver_8_s336", "liver_40_s172", "liver_110_s371", "liver_89_s379", "liver_11_s284"], "selected_scores": [0.017739109694957733, 0.01702902652323246, 0.012496665120124817, 0.01145525835454464, 0.01115918904542923, 0.011136164888739586, 0.01106893178075552, 0.010913346894085407, 0.009783467277884483, 0.009732370264828205, 0.009286558255553246, 0.009211997501552105, 0.00918926578015089, 0.008350224234163761, 0.008297288790345192, 0.008206386119127274, 0.008124920539557934, 0.008072099648416042, 0.007999748922884464, 0.007916363887488842, 0.007876199670135975, 0.007854909636080265, 0.007837694138288498, 0.0077814096584916115, 0.007765926420688629], "selected_pred_fg_ratio": [0.015697479248046875, 0.028896331787109375, 0.005107879638671875, 0.00482177734375, 0.005222320556640625, 0.00754547119140625, 0.007244110107421875, 0.0088653564453125, 0.0023040771484375, 0.00405120849609375, 0.002239227294921875, 0.0205535888671875, 0.16051864624023438, 0.15342330932617188, 0.003520965576171875, 0.007244110107421875, 0.018344879150390625, 0.016021728515625, 0.15317153930664062, 0.018280029296875, 0.0039215087890625, 0.018100738525390625, 0.003917694091796875, 0.017253875732421875, 0.025157928466796875], "selected_pred_class_dist": [[0.9843025207519531, 0.015697479248046875, 0.0], [0.9711036682128906, 0.0232086181640625, 0.005687713623046875], [0.9948921203613281, 0.005107879638671875, 0.0], [0.99517822265625, 0.00482177734375, 0.0], [0.9947776794433594, 0.005222320556640625, 0.0], [0.9924545288085938, 0.00754547119140625, 0.0], [0.9927558898925781, 0.007244110107421875, 0.0], [0.9911346435546875, 0.0088653564453125, 0.0], [0.9976959228515625, 0.0023040771484375, 0.0], [0.9959487915039062, 0.00405120849609375, 0.0], [0.9977607727050781, 0.002239227294921875, 0.0], [0.9794464111328125, 0.01776885986328125, 0.00278472900390625], [0.8394813537597656, 0.12314605712890625, 0.037372589111328125], [0.8465766906738281, 0.11700057983398438, 0.0364227294921875], [0.9964790344238281, 0.003520965576171875, 0.0], [0.9927558898925781, 0.007244110107421875, 0.0], [0.9816551208496094, 0.01747894287109375, 0.000865936279296875], [0.983978271484375, 0.015453338623046875, 0.000568389892578125], [0.8468284606933594, 0.119873046875, 0.033298492431640625], [0.981719970703125, 0.01680755615234375, 0.00147247314453125], [0.9960784912109375, 0.0039215087890625, 0.0], [0.9818992614746094, 0.016368865966796875, 0.00173187255859375], [0.9960823059082031, 0.003917694091796875, 0.0], [0.9827461242675781, 0.0147247314453125, 0.002529144287109375], [0.9748420715332031, 0.0206451416015625, 0.004512786865234375]], "candidate_count": 2475, "candidate_scores_path": "/groups/echambe2/gmeng/MedAL-Agent/repo/code/runs/frozen_v5/candidate_scores/msd_task03_liver__P1__s2000__r0.json", "predictions_path": "", "initial_labeled_path": "/groups/echambe2/gmeng/MedAL-Agent/repo/code/runs/frozen_v5/init_sets/msd_task03_liver__s2000__n25.json", "initial_labeled_ids": ["liver_103_s237", "liver_103_s338", "liver_105_s372", "liver_110_s388", "liver_117_s351", "liver_117_s452", "liver_123_s203", "liver_123_s226", "liver_13_s311", "liver_16_s372", "liver_25_s345", "liver_28_s231", "liver_28_s332", "liver_30_s248", "liver_30_s450", "liver_41_s236", "liver_45_s317", "liver_45_s353", "liver_62_s116", "liver_7_s466", "liver_86_s552", "liver_8_s449", "liver_8_s468", "liver_93_s415", "liver_99_s330"], "selection_diagnostics": {}, "training": {"num_iters": 1000, "batch_size": 12, "lr": 0.001, "image_size": 512, "aspect_preserve": true, "resolution_policy": "longside_pad32", "preproc_cache": {"pool": "hit", "val": "hit"}, "train_runtime_sec": 1216.0873086452484, "query_runtime_sec": 41.54618859291077, "iters": 3100, "stop_iter": 3100, "mean_loss": 0.10142748078691863, "last_loss": 0.014593539759516716, "stop_reason": "plateau", "hit_max_iters": false, "final_smooth_loss": 0.012920193690806627, "best_smooth_loss": 0.014176149740815163, "diverged": false, "loss_curve": [[1000, 0.04444995520636439], [1100, 0.037904007006436584], [1200, 0.0423431558534503], [1300, 0.03107094569131732], [1400, 0.029665427692234517], [1500, 0.028096754997968675], [1600, 0.03304506482556462], [1700, 0.024809928443282843], [1800, 0.029969817008823157], [1900, 0.020720502343028784], [2000, 0.02115936843678355], [2100, 0.019405316850170492], [2200, 0.018019090117886664], [2300, 0.017960022473707794], [2400, 0.016529975878074765], [2500, 0.016200538789853454], [2600, 0.014176149740815163], [2700, 0.013318796502426266], [2800, 0.013648427221924067], [2900, 0.013634415669366717], [3000, 0.012099907705560327], [3100, 0.012920193690806627]]}, "ckpt_id": "msd_task03_liver__P1__s2000__r0", "ckpt_path": "", "ckpt_hash": "a2b6a56752c9191752764adb3ec903d7c967f938d9fbedbc4efd8906b7831898", "config_hash": "e4fae46d1c013eb7c36e2eeecfd787bd198e1e60b7f9bf7f044c146e0d2a9270", "feature_cache_keys": {}, "sam_model_type": "", "sam_checkpoint": "", "metrics": {"primary_metric": "mean_dsc_fg_case_macro", "metric_version": "v3_case_macro", "eval_scope": "case_retained_slices", "mean_dsc_fg_case_macro": 0.501418555371169, "mean_dsc_fg": 0.501418555371169, "mean_dsc_fg_pooled_diagnostic": 0.4787272390046001, "dsc_per_class_pooled": [0.9882347946734618, 0.8214922513419893, 0.13596222666721094], "dsc_per_class": [0.9882347946734618, 0.8214922513419893, 0.13596222666721094], "n_cases": 11, "n_eval": 500, "structure_detection_rate": 1.0, "missed_structure_rate": 0.0}, "runtime_sec": {"train": 1216.0873086452484, "eval": 7.191591262817383, "select": 41.54618859291077}, "gpu_mem_mb": 9368.62208, "gpu_name": "NVIDIA A40", "gpu_total_mem_mb": 47960.489984, "foundation": {}, "notes": ""}
{"schema_version": "v3", "run_id": "msd_task03_liver__P1__s2000", "round": 1, "dataset": "msd_task03_liver", "modality": "ct", "target": "liver", "dim": "3d", "query_unit": "slice", "seed": 2000, "round_seed": 2001, "component_seeds": {"model_init_seed": 4092542587, "loader_seed": 4022314598, "query_seed": 1275594993, "dropout_seed": 1443935428}, "total_rounds": 7, "budget_denominator": {"full_train_N": 17198, "requested_pool_cap": 5000, "actual_AL_pool_N": 2500, "budget_plan": [25, 50, 100, 176, 250, 375, 500], "fraction_of_AL_pool": 0.2, "fraction_of_full_train": 0.029073148040469822}, "policy_id": "P1", "policy_name": "EntropyFull", "method_version": "1.0", "is_ablation": false, "policy_config": {}, "cumulative_budget": 50, "incremental_query_count": 50, "labeled_count": 50, "labeled_ratio": 0.02, "selected_ids": ["liver_31_s234", "liver_40_s252", "liver_31_s434", "liver_38_s215", "liver_35_s077", "liver_31_s226", "liver_31_s215", "liver_33_s247", "liver_35_s070", "liver_35_s227", "liver_32_s250", "liver_38_s207", "liver_45_s259", "liver_35_s074", "liver_38_s192", "liver_101_s312", "liver_34_s294", "liver_32_s249", "liver_31_s288", "liver_38_s191", "liver_24_s232", "liver_35_s086", "liver_111_s390", "liver_35_s236", "liver_41_s163", "liver_41_s211", "liver_38_s198", "liver_28_s177", "liver_28_s268", "liver_38_s186", "liver_36_s294", "liver_33_s251", "liver_35_s082", "liver_28_s172", "liver_38_s294", "liver_28_s187", "liver_86_s428", "liver_33_s264", "liver_41_s225", "liver_36_s291", "liver_28_s270", "liver_35_s135", "liver_28_s176", "liver_38_s293", "liver_32_s239", "liver_24_s227", "liver_40_s464", "liver_45_s239", "liver_31_s281", "liver_31_s241"], "selected_scores": [0.01996748335659504, 0.01768840104341507, 0.016934292390942574, 0.016788944602012634, 0.016690557822585106, 0.016572583466768265, 0.015965469181537628, 0.01583278365433216, 0.015598549507558346, 0.01511683501303196, 0.014887754805386066, 0.014840391464531422, 0.014832757413387299, 0.014537484385073185, 0.014222471974790096, 0.014109380543231964, 0.01409477461129427, 0.013961435295641422, 0.013837236911058426, 0.0137289147824049, 0.013718146830797195, 0.013522598892450333, 0.013419907540082932, 0.013376018963754177, 0.013348229229450226, 0.013318287208676338, 0.013042177073657513, 0.01290987804532051, 0.012872143648564816, 0.012846955098211765, 0.012820294126868248, 0.0128132663667202, 0.012778948992490768, 0.01259913481771946, 0.012494783848524094, 0.012450331822037697, 0.012439076788723469, 0.012228320352733135, 0.012226940132677555, 0.012222588993608952, 0.012180857360363007, 0.012071311473846436, 0.01205359399318695, 0.012047993019223213, 0.012004968710243702, 0.011980686336755753, 0.011929189786314964, 0.011911408975720406, 0.0118641909211874, 0.011785056442022324], "selected_pred_fg_ratio": [0.015544891357421875, 0.019672393798828125, 0.006977081298828125, 0.00868988037109375, 0.0109100341796875, 0.009937286376953125, 0.0065155029296875, 0.008831024169921875, 0.0186004638671875, 0.0225982666015625, 0.01580047607421875, 0.016754150390625, 0.012210845947265625, 0.015918731689453125, 0.012054443359375, 0.034412384033203125, 0.0259246826171875, 0.012775421142578125, 0.018314361572265625, 0.011188507080078125, 0.13475799560546875, 0.007965087890625, 0.08475112915039062, 0.030254364013671875, 0.006072998046875, 0.011440277099609375, 0.017486572265625, 0.024749755859375, 0.03509521484375, 0.0078887939453125, 0.021183013916015625, 0.013706207275390625, 0.0116424560546875, 0.0152435302734375, 0.018585205078125, 0.02632904052734375, 0.040393829345703125, 0.013797760009765625, 0.015392303466796875, 0.01905059814453125, 0.03427886962890625, 0.007984161376953125, 0.0224456787109375, 0.01731109619140625, 0.0052642822265625, 0.1231231689453125, 0.01483917236328125, 0.0107421875, 0.018215179443359375, 0.010585784912109375], "selected_pred_class_dist": [[0.9844551086425781, 0.015544891357421875, 0.0], [0.9803276062011719, 0.019672393798828125, 0.0], [0.9930229187011719, 0.006977081298828125, 0.0], [0.9913101196289062, 0.00868988037109375, 0.0], [0.9890899658203125, 0.0109100341796875, 0.0], [0.9900627136230469, 0.009937286376953125, 0.0], [0.9934844970703125, 0.0065155029296875, 0.0], [0.9911689758300781, 0.008831024169921875, 0.0], [0.9813995361328125, 0.0186004638671875, 0.0], [0.9774017333984375, 0.0218505859375, 0.0007476806640625], [0.9841995239257812, 0.01580047607421875, 0.0], [0.983245849609375, 0.016754150390625, 0.0], [0.9877891540527344, 0.012210845947265625, 0.0], [0.9840812683105469, 0.015918731689453125, 0.0], [0.987945556640625, 0.012054443359375, 0.0], [0.9655876159667969, 0.03264617919921875, 0.001766204833984375], [0.9740753173828125, 0.025608062744140625, 0.000316619873046875], [0.9872245788574219, 0.012775421142578125, 0.0], [0.9816856384277344, 0.018157958984375, 0.000156402587890625], [0.9888114929199219, 0.011188507080078125, 0.0], [0.8652420043945312, 0.13475799560546875, 0.0], [0.992034912109375, 0.007965087890625, 0.0], [0.9152488708496094, 0.08475112915039062, 0.0], [0.9697456359863281, 0.03003692626953125, 0.000217437744140625], [0.993927001953125, 0.006072998046875, 0.0], [0.9885597229003906, 0.01119232177734375, 0.000247955322265625], [0.982513427734375, 0.017486572265625, 0.0], [0.975250244140625, 0.02466583251953125, 8.392333984375e-05], [0.96490478515625, 0.034820556640625, 0.000274658203125], [0.9921112060546875, 0.0078887939453125, 0.0], [0.9788169860839844, 0.021183013916015625, 0.0], [0.9862937927246094, 0.013706207275390625, 0.0], [0.9883575439453125, 0.0116424560546875, 0.0], [0.9847564697265625, 0.015045166015625, 0.0001983642578125], [0.981414794921875, 0.018585205078125, 0.0], [0.9736709594726562, 0.02632904052734375, 0.0], [0.9596061706542969, 0.040264129638671875, 0.00012969970703125], [0.9862022399902344, 0.013484954833984375, 0.00031280517578125], [0.9846076965332031, 0.015201568603515625, 0.00019073486328125], [0.9809494018554688, 0.01905059814453125, 0.0], [0.9657211303710938, 0.033855438232421875, 0.000423431396484375], [0.9920158386230469, 0.007984161376953125, 0.0], [0.9775543212890625, 0.0224456787109375, 0.0], [0.9826889038085938, 0.01731109619140625, 0.0], [0.9947357177734375, 0.0052642822265625, 0.0], [0.8768768310546875, 0.1231231689453125, 0.0], [0.9851608276367188, 0.01444244384765625, 0.000396728515625], [0.9892578125, 0.0107421875, 0.0], [0.9817848205566406, 0.018215179443359375, 0.0], [0.9894142150878906, 0.010585784912109375, 0.0]], "candidate_count": 2450, "candidate_scores_path": "/groups/echambe2/gmeng/MedAL-Agent/repo/code/runs/frozen_v5/candidate_scores/msd_task03_liver__P1__s2000__r1.json", "predictions_path": "", "initial_labeled_path": "/groups/echambe2/gmeng/MedAL-Agent/repo/code/runs/frozen_v5/init_sets/msd_task03_liver__s2000__n25.json", "initial_labeled_ids": [], "selection_diagnostics": {}, "training": {"num_iters": 1000, "batch_size": 12, "lr": 0.001, "image_size": 512, "aspect_preserve": true, "resolution_policy": "longside_pad32", "preproc_cache": {"pool": "hit", "val": "hit"}, "train_runtime_sec": 1266.382247209549, "query_runtime_sec": 45.26539421081543, "iters": 3200, "stop_iter": 3200, "mean_loss": 0.25381999482400713, "last_loss": 0.22034606337547302, "stop_reason": "plateau", "hit_max_iters": false, "final_smooth_loss": 0.10669724902138114, "best_smooth_loss": 0.09794776886701584, "diverged": true, "loss_curve": [[1000, 0.16632576428353787], [1100, 0.2239379094541073], [1200, 0.19184943720698355], [1300, 0.1505923606827855], [1400, 0.1518156086280942], [1500, 0.12685191705822946], [1600, 0.1809014141559601], [1700, 0.11505048200488091], [1800, 0.12858393117785455], [1900, 0.15118270080536603], [2000, 0.20364576369524], [2100, 0.12827544186264275], [2200, 0.10444938246160745], [2300, 0.10755900632590056], [2400, 0.13115737225860358], [2500, 0.10727417726069689], [2600, 0.11113716643303632], [2700, 0.09794776886701584], [2800, 0.09748371463268996], [2900, 0.1039913934469223], [3000, 0.12912812549620867], [3100, 0.09608057824894786], [3200, 0.10669724902138114]]}, "ckpt_id": "msd_task03_liver__P1__s2000__r1", "ckpt_path": "", "ckpt_hash": "4d0aada200736f35fa6fabfc587354794d61e6bb44a8dc50356a779a4f43d018", "config_hash": "e4fae46d1c013eb7c36e2eeecfd787bd198e1e60b7f9bf7f044c146e0d2a9270", "feature_cache_keys": {}, "sam_model_type": "", "sam_checkpoint": "", "metrics": {"primary_metric": "mean_dsc_fg_case_macro", "metric_version": "v3_case_macro", "eval_scope": "case_retained_slices", "mean_dsc_fg_case_macro": 0.48460177410000765, "mean_dsc_fg": 0.48460177410000765, "mean_dsc_fg_pooled_diagnostic": 0.47410781453134704, "dsc_per_class_pooled": [0.9895517893177149, 0.8509374684932015, 0.09727816056949255], "dsc_per_class": [0.9895517893177149, 0.8509374684932015, 0.09727816056949255], "n_cases": 11, "n_eval": 500, "structure_detection_rate": 1.0, "missed_structure_rate": 0.0}, "runtime_sec": {"train": 1266.382247209549, "eval": 8.214687585830688, "select": 45.26539421081543}, "gpu_mem_mb": 9417.150464, "gpu_name": "NVIDIA A40", "gpu_total_mem_mb": 47960.489984, "foundation": {}, "notes": ""}
{"schema_version": "v3", "run_id": "msd_task03_liver__P1__s2000", "round": 2, "dataset": "msd_task03_liver", "modality": "ct", "target": "liver", "dim": "3d", "query_unit": "slice", "seed": 2000, "round_seed": 2002, "component_seeds": {"model_init_seed": 1225426498, "loader_seed": 1158739311, "query_seed": 3667345588, "dropout_seed": 1372419812}, "total_rounds": 7, "budget_denominator": {"full_train_N": 17198, "requested_pool_cap": 5000, "actual_AL_pool_N": 2500, "budget_plan": [25, 50, 100, 176, 250, 375, 500], "fraction_of_AL_pool": 0.2, "fraction_of_full_train": 0.029073148040469822}, "policy_id": "P1", "policy_name": "EntropyFull", "method_version": "1.0", "is_ablation": false, "policy_config": {}, "cumulative_budget": 100, "incremental_query_count": 76, "labeled_count": 100, "labeled_ratio": 0.04, "selected_ids": ["liver_45_s412", "liver_35_s343", "liver_44_s369", "liver_23_s321", "liver_23_s323", "liver_41_s368", "liver_35_s347", "liver_23_s330", "liver_35_s370", "liver_111_s418", "liver_23_s322", "liver_35_s317", "liver_35_s348", "liver_101_s186", "liver_23_s327", "liver_101_s195", "liver_101_s196", "liver_45_s340", "liver_35_s350", "liver_101_s261", "liver_34_s343", "liver_101_s247", "liver_101_s194", "liver_35_s319", "liver_41_s367", "liver_94_s391", "liver_101_s275", "liver_35_s314", "liver_45_s341", "liver_28_s361", "liver_35_s291", "liver_33_s377", "liver_44_s351", "liver_35_s373", "liver_45_s401", "liver_44_s356", "liver_35_s312", "liver_28_s315", "liver_44_s375", "liver_123_s254", "liver_28_s339", "liver_123_s251", "liver_108_s529", "liver_108_s512", "liver_101_s213", "liver_101_s209", "liver_44_s372", "liver_33_s389", "liver_44_s373", "liver_33_s382", "liver_94_s386", "liver_101_s180", "liver_28_s337", "liver_34_s360", "liver_35_s356", "liver_33_s417", "liver_35_s307", "liver_93_s369", "liver_28_s313", "liver_108_s520", "liver_34_s324", "liver_44_s310", "liver_94_s394", "liver_28_s312", "liver_33_s412", "liver_44_s385", "liver_35_s306", "liver_111_s408", "liver_86_s519", "liver_111_s426", "liver_111_s374", "liver_44_s344", "liver_108_s463", "liver_32_s262", "liver_94_s366", "liver_97_s217"], "selected_scores": [0.01783420518040657, 0.01779988780617714, 0.01704251579940319, 0.01698453165590763, 0.016802921891212463, 0.016227442771196365, 0.01589742675423622, 0.015869395807385445, 0.01571573130786419, 0.01570153795182705, 0.01567784696817398, 0.015590301714837551, 0.015452412888407707, 0.015073206275701523, 0.015034481883049011, 0.014891870319843292, 0.014821350574493408, 0.014734883792698383, 0.01469848770648241, 0.014686479233205318, 0.01459514256566763, 0.014552460052073002, 0.014489695429801941, 0.014392605051398277, 0.014156097546219826, 0.014047537930309772, 0.013998445123434067, 0.01399554219096899, 0.01388685591518879, 0.01384167093783617, 0.013816310092806816, 0.01375711988657713, 0.01359193492680788, 0.013574385084211826, 0.013571972958743572, 0.013085857033729553, 0.01306761335581541, 0.013044295832514763, 0.012831315398216248, 0.0128178671002388, 0.01271863467991352, 0.012702093459665775, 0.0126622524112463, 0.01257401704788208, 0.012431442737579346, 0.012430029921233654, 0.012419040314853191, 0.012406772002577782, 0.012384124100208282, 0.01238396018743515, 0.01234513334929943, 0.012334785424172878, 0.01233378890901804, 0.012292686849832535, 0.012277020141482353, 0.012234850786626339, 0.012182675302028656, 0.012179125100374222, 0.012111443094909191, 0.012098876759409904, 0.012040629982948303, 0.011975038796663284, 0.011935795657336712, 0.011934134177863598, 0.011925185099244118, 0.011823357082903385, 0.011819344945251942, 0.011778087355196476, 0.011768639087677002, 0.011742082424461842, 0.011717804707586765, 0.011712444014847279, 0.011705703102052212, 0.01167216431349516, 0.011670950800180435, 0.011663254350423813], "selected_pred_fg_ratio": [0.010284423828125, 0.05303192138671875, 0.0461578369140625, 0.1715087890625, 0.17721939086914062, 0.030063629150390625, 0.055332183837890625, 0.18507003784179688, 0.056941986083984375, 0.16369247436523438, 0.1721954345703125, 0.044818878173828125, 0.055492401123046875, 0.0566558837890625, 0.18541717529296875, 0.060924530029296875, 0.05908203125, 0.022731781005859375, 0.05684661865234375, 0.07531356811523438, 0.038692474365234375, 0.07894134521484375, 0.0585174560546875, 0.046382904052734375, 0.031070709228515625, 0.0505828857421875, 0.07879638671875, 0.044376373291015625, 0.023723602294921875, 0.06641006469726562, 0.02648162841796875, 0.04535675048828125, 0.043121337890625, 0.04937744140625, 0.021392822265625, 0.048038482666015625, 0.0441131591796875, 0.05005645751953125, 0.031879425048828125, 0.19995880126953125, 0.06171417236328125, 0.19861602783203125, 0.16085433959960938, 0.13822174072265625, 0.057987213134765625, 0.058963775634765625, 0.027774810791015625, 0.0469970703125, 0.028507232666015625, 0.0461578369140625, 0.048618316650390625, 0.0413970947265625, 0.061054229736328125, 0.0382843017578125, 0.058597564697265625, 0.0369415283203125, 0.041782379150390625, 0.15345382690429688, 0.04907989501953125, 0.15694427490234375, 0.025909423828125, 0.032352447509765625, 0.051448822021484375, 0.04868316650390625, 0.03849029541015625, 0.03235626220703125, 0.04174041748046875, 0.15802764892578125, 0.15436172485351562, 0.15230560302734375, 0.14624786376953125, 0.044124603271484375, 0.10990524291992188, 0.024982452392578125, 0.0487213134765625, 0.037261962890625], "selected_pred_class_dist": [[0.989715576171875, 0.010284423828125, 0.0], [0.9469680786132812, 0.0530242919921875, 7.62939453125e-06], [0.9538421630859375, 0.0461578369140625, 0.0], [0.8284912109375, 0.16861724853515625, 0.00289154052734375], [0.8227806091308594, 0.17337799072265625, 0.003841400146484375], [0.9699363708496094, 0.030063629150390625, 0.0], [0.9446678161621094, 0.055233001708984375, 9.918212890625e-05], [0.8149299621582031, 0.1841583251953125, 0.000911712646484375], [0.9430580139160156, 0.056941986083984375, 0.0], [0.8363075256347656, 0.1632537841796875, 0.000438690185546875], [0.8278045654296875, 0.16778564453125, 0.0044097900390625], [0.9551811218261719, 0.044795989990234375, 2.288818359375e-05], [0.9445075988769531, 0.055492401123046875, 0.0], [0.9433441162109375, 0.0531158447265625, 0.0035400390625], [0.8145828247070312, 0.18039703369140625, 0.0050201416015625], [0.9390754699707031, 0.05832672119140625, 0.002597808837890625], [0.94091796875, 0.0573272705078125, 0.0017547607421875], [0.9772682189941406, 0.022731781005859375, 0.0], [0.9431533813476562, 0.05684661865234375, 0.0], [0.9246864318847656, 0.06844711303710938, 0.006866455078125], [0.9613075256347656, 0.036289215087890625, 0.00240325927734375], [0.9210586547851562, 0.06965255737304688, 0.009288787841796875], [0.9414825439453125, 0.05492401123046875, 0.00359344482421875], [0.9536170959472656, 0.046382904052734375, 0.0], [0.9689292907714844, 0.030765533447265625, 0.00030517578125], [0.9494171142578125, 0.036891937255859375, 0.013690948486328125], [0.92120361328125, 0.07507705688476562, 0.003719329833984375], [0.9556236267089844, 0.044376373291015625, 0.0], [0.9762763977050781, 0.023723602294921875, 0.0], [0.9335899353027344, 0.0649566650390625, 0.001453399658203125], [0.9735183715820312, 0.02648162841796875, 0.0], [0.9546432495117188, 0.044666290283203125, 0.000690460205078125], [0.956878662109375, 0.043121337890625, 0.0], [0.95062255859375, 0.04937744140625, 0.0], [0.978607177734375, 0.021392822265625, 0.0], [0.9519615173339844, 0.047763824462890625, 0.000274658203125], [0.9558868408203125, 0.0441131591796875, 0.0], [0.9499435424804688, 0.0458984375, 0.00415802001953125], [0.9681205749511719, 0.0318756103515625, 3.814697265625e-06], [0.8000411987304688, 0.18683242797851562, 0.013126373291015625], [0.9382858276367188, 0.054851531982421875, 0.006862640380859375], [0.8013839721679688, 0.18607330322265625, 0.012542724609375], [0.8391456604003906, 0.1500701904296875, 0.010784149169921875], [0.8617782592773438, 0.13185882568359375, 0.0063629150390625], [0.9420127868652344, 0.04604339599609375, 0.011943817138671875], [0.9410362243652344, 0.050045013427734375, 0.00891876220703125], [0.9722251892089844, 0.027774810791015625, 0.0], [0.9530029296875, 0.046661376953125, 0.000335693359375], [0.9714927673339844, 0.028507232666015625, 0.0], [0.9538421630859375, 0.045398712158203125, 0.000759124755859375], [0.9513816833496094, 0.034885406494140625, 0.01373291015625], [0.9586029052734375, 0.03699493408203125, 0.00440216064453125], [0.9389457702636719, 0.05348968505859375, 0.007564544677734375], [0.9617156982421875, 0.0382843017578125, 0.0], [0.9414024353027344, 0.058597564697265625, 0.0], [0.9630584716796875, 0.036739349365234375, 0.000202178955078125], [0.9582176208496094, 0.041782379150390625, 0.0], [0.8465461730957031, 0.14751434326171875, 0.005939483642578125], [0.9509201049804688, 0.045581817626953125, 0.003498077392578125], [0.8430557250976562, 0.14810562133789062, 0.008838653564453125], [0.974090576171875, 0.025829315185546875, 8.0108642578125e-05], [0.9676475524902344, 0.032352447509765625, 0.0], [0.9485511779785156, 0.03704833984375, 0.014400482177734375], [0.9513168334960938, 0.045673370361328125, 0.003009796142578125], [0.9615097045898438, 0.037700653076171875, 0.000789642333984375], [0.9676437377929688, 0.031597137451171875, 0.000759124755859375], [0.9582595825195312, 0.04174041748046875, 0.0], [0.8419723510742188, 0.157745361328125, 0.00028228759765625], [0.8456382751464844, 0.15436172485351562, 0.0], [0.8476943969726562, 0.15192031860351562, 0.000385284423828125], [0.8537521362304688, 0.14588546752929688, 0.000362396240234375], [0.9558753967285156, 0.04412078857421875, 3.814697265625e-06], [0.8900947570800781, 0.09613418579101562, 0.01377105712890625], [0.9750175476074219, 0.024982452392578125, 0.0], [0.9512786865234375, 0.036159515380859375, 0.012561798095703125], [0.962738037109375, 0.0341339111328125, 0.0031280517578125]], "candidate_count": 2400, "candidate_scores_path": "/groups/echambe2/gmeng/MedAL-Agent/repo/code/runs/frozen_v5/candidate_scores/msd_task03_liver__P1__s2000__r2.json", "predictions_path": "", "initial_labeled_path": "/groups/echambe2/gmeng/MedAL-Agent/repo/code/runs/frozen_v5/init_sets/msd_task03_liver__s2000__n25.json", "initial_labeled_ids": [], "selection_diagnostics": {}, "training": {"num_iters": 1000, "batch_size": 12, "lr": 0.001, "image_size": 512, "aspect_preserve": true, "resolution_policy": "longside_pad32", "preproc_cache": {"pool": "hit", "val": "hit"}, "train_runtime_sec": 784.8035969734192, "query_runtime_sec": 31.579468965530396, "iters": 2000, "stop_iter": 2000, "mean_loss": 0.41299644479341807, "last_loss": 0.21828478574752808, "stop_reason": "plateau", "hit_max_iters": false, "final_smooth_loss": 0.22173549346625804, "best_smooth_loss": 0.19212056636810304, "diverged": false, "loss_curve": [[1000, 0.35359133571386336], [1100, 0.32496052905917167], [1200, 0.3051781104505062], [1300, 0.2835014399141073], [1400, 0.24132486499845981], [1500, 0.19212056636810304], [1600, 0.20178028400987386], [1700, 0.22843799121677877], [1800, 0.23724535010755063], [1900, 0.2520587687194347], [2000, 0.22173549346625804]]}, "ckpt_id": "msd_task03_liver__P1__s2000__r2", "ckpt_path": "", "ckpt_hash": "c4c72c19c3e6be89cd9078123e9651483ea354f0abf92192160d16af9e00ee2b", "config_hash": "e4fae46d1c013eb7c36e2eeecfd787bd198e1e60b7f9bf7f044c146e0d2a9270", "feature_cache_keys": {}, "sam_model_type": "", "sam_checkpoint": "", "metrics": {"primary_metric": "mean_dsc_fg_case_macro", "metric_version": "v3_case_macro", "eval_scope": "case_retained_slices", "mean_dsc_fg_case_macro": 0.5203154003095896, "mean_dsc_fg": 0.5203154003095896, "mean_dsc_fg_pooled_diagnostic": 0.5487811726317061, "dsc_per_class_pooled": [0.9882119041619092, 0.8358524951768448, 0.26170985008656744], "dsc_per_class": [0.9882119041619092, 0.8358524951768448, 0.26170985008656744], "n_cases": 11, "n_eval": 500, "structure_detection_rate": 1.0, "missed_structure_rate": 0.0}, "runtime_sec": {"train": 784.8035969734192, "eval": 6.642202615737915, "select": 31.579468965530396}, "gpu_mem_mb": 9418.0352, "gpu_name": "NVIDIA A40", "gpu_total_mem_mb": 47960.489984, "foundation": {}, "notes": ""}
