{"schema_version": "v3", "run_id": "origa__P6__s1000", "round": 0, "dataset": "origa", "modality": "fundus", "target": "optic_nerve_head", "dim": "2d", "query_unit": "image", "seed": 1000, "round_seed": 1000, "component_seeds": {"model_init_seed": 2989689681, "loader_seed": 4191542321, "query_seed": 2529548519, "dropout_seed": 3619692248}, "total_rounds": 7, "budget_denominator": {"full_train_N": 520, "requested_pool_cap": 5000, "actual_AL_pool_N": 520, "budget_plan": [8, 11, 21, 37, 52, 78, 104], "fraction_of_AL_pool": 0.2, "fraction_of_full_train": 0.2}, "policy_id": "P6", "policy_name": "SelectiveUncertaintyAL", "method_version": "1.0", "is_ablation": false, "policy_config": {}, "cumulative_budget": 8, "incremental_query_count": 3, "labeled_count": 8, "labeled_ratio": 0.015384615384615385, "selected_ids": ["348", "176", "355"], "selected_scores": [0.5334954261779785, 0.4851890206336975, 0.4624919295310974], "selected_pred_fg_ratio": [0.021869659423828125, 0.05176544189453125, 0.024951934814453125], "selected_pred_class_dist": [[0.9781303405761719, 0.0062255859375, 0.015644073486328125], [0.9482345581054688, 0.0206451416015625, 0.03112030029296875], [0.9750480651855469, 0.01387786865234375, 0.011074066162109375]], "candidate_count": 512, "candidate_scores_path": "/groups/echambe2/gmeng/MedAL-Agent/repo/code/runs/frozen_v5/candidate_scores/origa__P6__s1000__r0.json", "predictions_path": "", "initial_labeled_path": "/groups/echambe2/gmeng/MedAL-Agent/repo/code/runs/frozen_v5/init_sets/origa__s1000__n8.json", "initial_labeled_ids": ["229", "339", "372", "470", "471", "526", "546", "603"], "selection_diagnostics": {"selu_valid_intersected": true, "selu_target_frac": 0.016802698373794556, "selu_boundary_frac": 0.00015228986740112305, "selu_score_target_mean": 0.027610458433628082, "selu_score_boundary_mean": 0.6393121480941772}, "training": {"num_iters": 1000, "batch_size": 12, "lr": 0.001, "image_size": 512, "aspect_preserve": true, "resolution_policy": "longside_pad32", "preproc_cache": {"pool": "hit", "val": "hit"}, "train_runtime_sec": 920.1641583442688, "query_runtime_sec": 19.722541093826294, "iters": 2400, "stop_iter": 2400, "mean_loss": 0.13857552516739816, "last_loss": 0.023816337808966637, "stop_reason": "plateau", "hit_max_iters": false, "final_smooth_loss": 0.020880720289424063, "best_smooth_loss": 0.024745683092623948, "diverged": false, "loss_curve": [[1000, 0.048876118771731855], [1100, 0.04678049266338349], [1200, 0.03976756263524294], [1300, 0.03780973447486758], [1400, 0.03760305162519217], [1500, 0.030389981772750617], [1600, 0.03053124712780118], [1700, 0.02779022393748164], [1800, 0.028063158504664898], [1900, 0.024745683092623948], [2000, 0.024449147954583167], [2100, 0.022405842151492834], [2200, 0.021441528238356114], [2300, 0.0201270445343107], [2400, 0.020880720289424063]]}, "ckpt_id": "origa__P6__s1000__r0", "ckpt_path": "", "ckpt_hash": "50e4726e7b2677fda3798994d38a801c40de548afad72f555be0adaf5407d648", "config_hash": "bf4ec5f898291681fce09c32cda12c6918044a048969b35e9673716b3b129d33", "feature_cache_keys": {}, "sam_model_type": "", "sam_checkpoint": "", "metrics": {"primary_metric": "mean_dsc_fg_case_macro", "metric_version": "v3_case_macro", "eval_scope": "case_full_volume", "mean_dsc_fg_case_macro": 0.750602489144935, "mean_dsc_fg": 0.750602489144935, "mean_dsc_fg_pooled_diagnostic": 0.7519803648456236, "dsc_per_class_pooled": [0.9985943299621093, 0.7171953600063146, 0.7867653696849327], "dsc_per_class": [0.9985943299621093, 0.7171953600063146, 0.7867653696849327], "n_cases": 65, "n_eval": 65, "structure_detection_rate": 1.0, "missed_structure_rate": 0.0}, "runtime_sec": {"train": 920.1641583442688, "eval": 1.509979486465454, "select": 19.722541093826294}, "gpu_mem_mb": 8107.887616, "gpu_name": "Tesla V100-PCIE-32GB", "gpu_total_mem_mb": 34072.559616, "foundation": {}, "notes": ""}
{"schema_version": "v3", "run_id": "origa__P6__s1000", "round": 1, "dataset": "origa", "modality": "fundus", "target": "optic_nerve_head", "dim": "2d", "query_unit": "image", "seed": 1000, "round_seed": 1001, "component_seeds": {"model_init_seed": 1028625171, "loader_seed": 316625031, "query_seed": 253434028, "dropout_seed": 3317428529}, "total_rounds": 7, "budget_denominator": {"full_train_N": 520, "requested_pool_cap": 5000, "actual_AL_pool_N": 520, "budget_plan": [8, 11, 21, 37, 52, 78, 104], "fraction_of_AL_pool": 0.2, "fraction_of_full_train": 0.2}, "policy_id": "P6", "policy_name": "SelectiveUncertaintyAL", "method_version": "1.0", "is_ablation": false, "policy_config": {}, "cumulative_budget": 11, "incremental_query_count": 10, "labeled_count": 11, "labeled_ratio": 0.021153846153846155, "selected_ids": ["361", "200", "378", "345", "409", "556", "105", "225", "508", "036"], "selected_scores": [0.36199191212654114, 0.3640822470188141, 0.37005266547203064, 0.3581806421279907, 0.35854825377464294, 0.35754939913749695, 0.3696434497833252, 0.3593928813934326, 0.35447031259536743, 0.35764068365097046], "selected_pred_fg_ratio": [0.02379608154296875, 0.02178192138671875, 0.03354644775390625, 0.020343780517578125, 0.014934539794921875, 0.019618988037109375, 0.031330108642578125, 0.022918701171875, 0.021854400634765625, 0.0187225341796875], "selected_pred_class_dist": [[0.9762039184570312, 0.017913818359375, 0.00588226318359375], [0.9782180786132812, 0.012359619140625, 0.00942230224609375], [0.9664535522460938, 0.022861480712890625, 0.010684967041015625], [0.9796562194824219, 0.0100250244140625, 0.010318756103515625], [0.9850654602050781, 0.01094818115234375, 0.003986358642578125], [0.9803810119628906, 0.01052093505859375, 0.009098052978515625], [0.9686698913574219, 0.023193359375, 0.008136749267578125], [0.977081298828125, 0.01602935791015625, 0.00688934326171875], [0.9781455993652344, 0.01522064208984375, 0.006633758544921875], [0.9812774658203125, 0.0110321044921875, 0.0076904296875]], "candidate_count": 509, "candidate_scores_path": "/groups/echambe2/gmeng/MedAL-Agent/repo/code/runs/frozen_v5/candidate_scores/origa__P6__s1000__r1.json", "predictions_path": "", "initial_labeled_path": "/groups/echambe2/gmeng/MedAL-Agent/repo/code/runs/frozen_v5/init_sets/origa__s1000__n8.json", "initial_labeled_ids": [], "selection_diagnostics": {"selu_valid_intersected": true, "selu_target_frac": 0.01892966777086258, "selu_boundary_frac": 0.00012117846927139908, "selu_score_target_mean": 0.02063768543303013, "selu_score_boundary_mean": 0.6345432996749878}, "training": {"num_iters": 1000, "batch_size": 12, "lr": 0.001, "image_size": 512, "aspect_preserve": true, "resolution_policy": "longside_pad32", "preproc_cache": {"pool": "hit", "val": "hit"}, "train_runtime_sec": 1326.667165517807, "query_runtime_sec": 19.821561813354492, "iters": 2700, "stop_iter": 2700, "mean_loss": 0.10768984139345035, "last_loss": 0.020368024706840515, "stop_reason": "plateau", "hit_max_iters": false, "final_smooth_loss": 0.015919947633519768, "best_smooth_loss": 0.019743858296424152, "diverged": false, "loss_curve": [[1000, 0.044606009535491466], [1100, 0.03941986130550504], [1200, 0.037210665624588725], [1300, 0.03169475069269538], [1400, 0.031021523904055357], [1500, 0.030617509596049787], [1600, 0.027951402869075537], [1700, 0.025549230556935074], [1800, 0.023364815320819618], [1900, 0.02336552578955889], [2000, 0.02096359884366393], [2100, 0.02123010940849781], [2200, 0.019743858296424152], [2300, 0.0179090831335634], [2400, 0.017415845124050974], [2500, 0.01681339967995882], [2600, 0.01592474779114127], [2700, 0.015919947633519768]]}, "ckpt_id": "origa__P6__s1000__r1", "ckpt_path": "", "ckpt_hash": "b3e07522b47be86d2a85cb6f485ba144628cbd48f4ce3c316186d929f4c6e925", "config_hash": "bf4ec5f898291681fce09c32cda12c6918044a048969b35e9673716b3b129d33", "feature_cache_keys": {}, "sam_model_type": "", "sam_checkpoint": "", "metrics": {"primary_metric": "mean_dsc_fg_case_macro", "metric_version": "v3_case_macro", "eval_scope": "case_full_volume", "mean_dsc_fg_case_macro": 0.7434283506436603, "mean_dsc_fg": 0.7434283506436603, "mean_dsc_fg_pooled_diagnostic": 0.7396255566061618, "dsc_per_class_pooled": [0.998002446045356, 0.7017428183479266, 0.777508294864397], "dsc_per_class": [0.998002446045356, 0.7017428183479266, 0.777508294864397], "n_cases": 65, "n_eval": 65, "structure_detection_rate": 1.0, "missed_structure_rate": 0.0}, "runtime_sec": {"train": 1326.667165517807, "eval": 1.4169282913208008, "select": 19.821561813354492}, "gpu_mem_mb": 8663.578624, "gpu_name": "Tesla V100-PCIE-32GB", "gpu_total_mem_mb": 34072.559616, "foundation": {}, "notes": ""}
{"schema_version": "v3", "run_id": "origa__P6__s1000", "round": 2, "dataset": "origa", "modality": "fundus", "target": "optic_nerve_head", "dim": "2d", "query_unit": "image", "seed": 1000, "round_seed": 1002, "component_seeds": {"model_init_seed": 265999627, "loader_seed": 1465654863, "query_seed": 2544461518, "dropout_seed": 3552612840}, "total_rounds": 7, "budget_denominator": {"full_train_N": 520, "requested_pool_cap": 5000, "actual_AL_pool_N": 520, "budget_plan": [8, 11, 21, 37, 52, 78, 104], "fraction_of_AL_pool": 0.2, "fraction_of_full_train": 0.2}, "policy_id": "P6", "policy_name": "SelectiveUncertaintyAL", "method_version": "1.0", "is_ablation": false, "policy_config": {}, "cumulative_budget": 21, "incremental_query_count": 16, "labeled_count": 21, "labeled_ratio": 0.04038461538461539, "selected_ids": ["241", "614", "342", "544", "419", "162", "084", "404", "157", "237", "494", "567", "634", "232", "589", "323"], "selected_scores": [0.4016798734664917, 0.3572833836078644, 0.38197892904281616, 0.3537486791610718, 0.38514772057533264, 0.3500269055366516, 0.3728184103965759, 0.34826675057411194, 0.37019646167755127, 0.3466097414493561, 0.3566433787345886, 0.3427799642086029, 0.35615718364715576, 0.3413195013999939, 0.35296517610549927, 0.33220553398132324], "selected_pred_fg_ratio": [0.0259857177734375, 0.0170440673828125, 0.037883758544921875, 0.02173614501953125, 0.035488128662109375, 0.01279449462890625, 0.031681060791015625, 0.023181915283203125, 0.01092529296875, 0.0235748291015625, 0.023715972900390625, 0.022510528564453125, 0.039318084716796875, 0.026325225830078125, 0.025562286376953125, 0.022197723388671875], "selected_pred_class_dist": [[0.9740142822265625, 0.0161895751953125, 0.009796142578125], [0.9829559326171875, 0.0094451904296875, 0.007598876953125], [0.9621162414550781, 0.02735137939453125, 0.010532379150390625], [0.9782638549804688, 0.010524749755859375, 0.011211395263671875], [0.9645118713378906, 0.028522491455078125, 0.00696563720703125], [0.9872055053710938, 0.00952911376953125, 0.003265380859375], [0.9683189392089844, 0.02069854736328125, 0.010982513427734375], [0.9768180847167969, 0.018482208251953125, 0.00469970703125], [0.98907470703125, 0.008594512939453125, 0.002330780029296875], [0.9764251708984375, 0.0152130126953125, 0.00836181640625], [0.9762840270996094, 0.019229888916015625, 0.004486083984375], [0.9774894714355469, 0.01746368408203125, 0.005046844482421875], [0.9606819152832031, 0.027675628662109375, 0.0116424560546875], [0.9736747741699219, 0.021373748779296875, 0.00495147705078125], [0.9744377136230469, 0.018035888671875, 0.007526397705078125], [0.9778022766113281, 0.009265899658203125, 0.01293182373046875]], "candidate_count": 499, "candidate_scores_path": "/groups/echambe2/gmeng/MedAL-Agent/repo/code/runs/frozen_v5/candidate_scores/origa__P6__s1000__r2.json", "predictions_path": "", "initial_labeled_path": "/groups/echambe2/gmeng/MedAL-Agent/repo/code/runs/frozen_v5/init_sets/origa__s1000__n8.json", "initial_labeled_ids": [], "selection_diagnostics": {"selu_valid_intersected": true, "selu_target_frac": 0.01703627035021782, "selu_boundary_frac": 9.77984382188879e-05, "selu_score_target_mean": 0.01764279045164585, "selu_score_boundary_mean": 0.6294543147087097}, "training": {"num_iters": 1000, "batch_size": 12, "lr": 0.001, "image_size": 512, "aspect_preserve": true, "resolution_policy": "longside_pad32", "preproc_cache": {"pool": "hit", "val": "hit"}, "train_runtime_sec": 1631.4783968925476, "query_runtime_sec": 19.32926368713379, "iters": 3100, "stop_iter": 3100, "mean_loss": 0.12327791386584361, "last_loss": 0.018575411289930344, "stop_reason": "plateau", "hit_max_iters": false, "final_smooth_loss": 0.018624490424990654, "best_smooth_loss": 0.02185635106638074, "diverged": false, "loss_curve": [[1000, 0.058208507746458055], [1100, 0.05059999525547028], [1200, 0.04762912400066852], [1300, 0.04341959979385138], [1400, 0.04053045641630888], [1500, 0.03777766194194555], [1600, 0.0343447076343], [1700, 0.032495801094919445], [1800, 0.030776272118091582], [1900, 0.029170679952949287], [2000, 0.02828778937458992], [2100, 0.02690892346203327], [2200, 0.026206543054431677], [2300, 0.024724002555012704], [2400, 0.025457595326006412], [2500, 0.022309676054865123], [2600, 0.02185635106638074], [2700, 0.020910265166312458], [2800, 0.020602774191647768], [2900, 0.020012327432632447], [3000, 0.01968864941038191], [3100, 0.018624490424990654]]}, "ckpt_id": "origa__P6__s1000__r2", "ckpt_path": "", "ckpt_hash": "e1382520fa594af875832b701e0caa0308976ee4fde030cf59a4ead08a0aae9e", "config_hash": "bf4ec5f898291681fce09c32cda12c6918044a048969b35e9673716b3b129d33", "feature_cache_keys": {}, "sam_model_type": "", "sam_checkpoint": "", "metrics": {"primary_metric": "mean_dsc_fg_case_macro", "metric_version": "v3_case_macro", "eval_scope": "case_full_volume", "mean_dsc_fg_case_macro": 0.7710237557894611, "mean_dsc_fg": 0.7710237557894611, "mean_dsc_fg_pooled_diagnostic": 0.7708128129846341, "dsc_per_class_pooled": [0.9986418037333302, 0.7497159699735493, 0.7919096559957188], "dsc_per_class": [0.9986418037333302, 0.7497159699735493, 0.7919096559957188], "n_cases": 65, "n_eval": 65, "structure_detection_rate": 1.0, "missed_structure_rate": 0.0}, "runtime_sec": {"train": 1631.4783968925476, "eval": 1.484311819076538, "select": 19.32926368713379}, "gpu_mem_mb": 9445.128192, "gpu_name": "Tesla V100-PCIE-32GB", "gpu_total_mem_mb": 34072.559616, "foundation": {}, "notes": ""}
{"schema_version": "v3", "run_id": "origa__P6__s1000", "round": 3, "dataset": "origa", "modality": "fundus", "target": "optic_nerve_head", "dim": "2d", "query_unit": "image", "seed": 1000, "round_seed": 1003, "component_seeds": {"model_init_seed": 3831074496, "loader_seed": 3670334330, "query_seed": 47901082, "dropout_seed": 2333647153}, "total_rounds": 7, "budget_denominator": {"full_train_N": 520, "requested_pool_cap": 5000, "actual_AL_pool_N": 520, "budget_plan": [8, 11, 21, 37, 52, 78, 104], "fraction_of_AL_pool": 0.2, "fraction_of_full_train": 0.2}, "policy_id": "P6", "policy_name": "SelectiveUncertaintyAL", "method_version": "1.0", "is_ablation": false, "policy_config": {}, "cumulative_budget": 37, "incremental_query_count": 15, "labeled_count": 37, "labeled_ratio": 0.07115384615384615, "selected_ids": ["582", "521", "314", "242", "391", "121", "327", "340", "329", "142", "468", "511", "003", "405", "281"], "selected_scores": [0.34911835193634033, 0.36806270480155945, 0.3313661217689514, 0.3626699149608612, 0.3493984043598175, 0.34835055470466614, 0.3499360978603363, 0.3335488736629486, 0.34712937474250793, 0.3267896771430969, 0.34776270389556885, 0.3295478820800781, 0.3401486277580261, 0.32795801758766174, 0.34163445234298706], "selected_pred_fg_ratio": [0.020328521728515625, 0.02252960205078125, 0.011325836181640625, 0.02356719970703125, 0.02628326416015625, 0.02376556396484375, 0.01648712158203125, 0.015110015869140625, 0.015514373779296875, 0.01274871826171875, 0.01653289794921875, 0.016971588134765625, 0.022281646728515625, 0.017673492431640625, 0.01821136474609375], "selected_pred_class_dist": [[0.9796714782714844, 0.01447296142578125, 0.005855560302734375], [0.9774703979492188, 0.01374053955078125, 0.0087890625], [0.9886741638183594, 0.0065460205078125, 0.004779815673828125], [0.9764328002929688, 0.014858245849609375, 0.008708953857421875], [0.9737167358398438, 0.01670074462890625, 0.00958251953125], [0.9762344360351562, 0.012706756591796875, 0.011058807373046875], [0.9835128784179688, 0.00984954833984375, 0.0066375732421875], [0.9848899841308594, 0.00914764404296875, 0.005962371826171875], [0.9844856262207031, 0.01009368896484375, 0.005420684814453125], [0.9872512817382812, 0.008579254150390625, 0.004169464111328125], [0.9834671020507812, 0.012569427490234375, 0.003963470458984375], [0.9830284118652344, 0.01132965087890625, 0.005641937255859375], [0.9777183532714844, 0.0127105712890625, 0.009571075439453125], [0.9823265075683594, 0.012958526611328125, 0.0047149658203125], [0.9817886352539062, 0.01280975341796875, 0.005401611328125]], "candidate_count": 483, "candidate_scores_path": "/groups/echambe2/gmeng/MedAL-Agent/repo/code/runs/frozen_v5/candidate_scores/origa__P6__s1000__r3.json", "predictions_path": "", "initial_labeled_path": "/groups/echambe2/gmeng/MedAL-Agent/repo/code/runs/frozen_v5/init_sets/origa__s1000__n8.json", "initial_labeled_ids": [], "selection_diagnostics": {"selu_valid_intersected": true, "selu_target_frac": 0.0169446412473917, "selu_boundary_frac": 8.803026139503345e-05, "selu_score_target_mean": 0.018025048077106476, "selu_score_boundary_mean": 0.6306259632110596}, "training": {"num_iters": 1000, "batch_size": 12, "lr": 0.001, "image_size": 512, "aspect_preserve": true, "resolution_policy": "longside_pad32", "preproc_cache": {"pool": "hit", "val": "hit"}, "train_runtime_sec": 2002.5951306819916, "query_runtime_sec": 18.537999391555786, "iters": 3800, "stop_iter": 3800, "mean_loss": 0.13885062135069778, "last_loss": 0.022387072443962097, "stop_reason": "plateau", "hit_max_iters": false, "final_smooth_loss": 0.025942790526896714, "best_smooth_loss": 0.028776400815695526, "diverged": false, "loss_curve": [[1000, 0.15111747726798058], [1100, 0.13341100841760636], [1200, 0.11403619974851609], [1300, 0.1012344278395176], [1400, 0.09801036193966865], [1500, 0.0855031330883503], [1600, 0.07946469563990831], [1700, 0.06985394477844238], [1800, 0.061866245381534096], [1900, 0.059200552999973295], [2000, 0.05582064971327782], [2100, 0.051545045413076876], [2200, 0.05133293524384499], [2300, 0.04758092030882835], [2400, 0.04310488473623991], [2500, 0.04173547089099884], [2600, 0.03997622387483716], [2700, 0.03682839507237077], [2800, 0.03714846361428499], [2900, 0.03444402806460858], [3000, 0.033537071868777274], [3100, 0.031052036918699743], [3200, 0.03042490201070905], [3300, 0.028776400815695526], [3400, 0.028460736833512783], [3500, 0.02705433066934347], [3600, 0.027132268827408552], [3700, 0.025545348823070527], [3800, 0.025942790526896714]]}, "ckpt_id": "origa__P6__s1000__r3", "ckpt_path": "", "ckpt_hash": "2fe9cede4699e106674f3ad9a5535aa85c02b039c93d0b0cebfa04a17e3769dc", "config_hash": "bf4ec5f898291681fce09c32cda12c6918044a048969b35e9673716b3b129d33", "feature_cache_keys": {}, "sam_model_type": "", "sam_checkpoint": "", "metrics": {"primary_metric": "mean_dsc_fg_case_macro", "metric_version": "v3_case_macro", "eval_scope": "case_full_volume", "mean_dsc_fg_case_macro": 0.8060556436558852, "mean_dsc_fg": 0.8060556436558852, "mean_dsc_fg_pooled_diagnostic": 0.8096079941264753, "dsc_per_class_pooled": [0.9990080687320498, 0.7973855080472474, 0.8218304802057032], "dsc_per_class": [0.9990080687320498, 0.7973855080472474, 0.8218304802057032], "n_cases": 65, "n_eval": 65, "structure_detection_rate": 1.0, "missed_structure_rate": 0.0}, "runtime_sec": {"train": 2002.5951306819916, "eval": 1.423229694366455, "select": 18.537999391555786}, "gpu_mem_mb": 9446.438912, "gpu_name": "Tesla V100-PCIE-32GB", "gpu_total_mem_mb": 34072.559616, "foundation": {}, "notes": ""}
{"schema_version": "v3", "run_id": "origa__P6__s1000", "round": 4, "dataset": "origa", "modality": "fundus", "target": "optic_nerve_head", "dim": "2d", "query_unit": "image", "seed": 1000, "round_seed": 1004, "component_seeds": {"model_init_seed": 1635232385, "loader_seed": 570107477, "query_seed": 4277118228, "dropout_seed": 1981512765}, "total_rounds": 7, "budget_denominator": {"full_train_N": 520, "requested_pool_cap": 5000, "actual_AL_pool_N": 520, "budget_plan": [8, 11, 21, 37, 52, 78, 104], "fraction_of_AL_pool": 0.2, "fraction_of_full_train": 0.2}, "policy_id": "P6", "policy_name": "SelectiveUncertaintyAL", "method_version": "1.0", "is_ablation": false, "policy_config": {}, "cumulative_budget": 52, "incremental_query_count": 26, "labeled_count": 52, "labeled_ratio": 0.1, "selected_ids": ["181", "147", "349", "161", "575", "383", "481", "233", "306", "464", "256", "218", "143", "377", "304", "642", "504", "103", "359", "086", "324", "276", "213", "228", "273", "388"], "selected_scores": [0.34235894680023193, 0.381893128156662, 0.34008878469467163, 0.33948609232902527, 0.3331192433834076, 0.3368885815143585, 0.33631864190101624, 0.3382088541984558, 0.3319709002971649, 0.33802253007888794, 0.3292800784111023, 0.33290261030197144, 0.33395734429359436, 0.33533355593681335, 0.32847943902015686, 0.33243799209594727, 0.3284476101398468, 0.3314237594604492, 0.3299002945423126, 0.33302009105682373, 0.33235812187194824, 0.33178696036338806, 0.3279465436935425, 0.3293912410736084, 0.32940545678138733, 0.33101338148117065], "selected_pred_fg_ratio": [0.01811981201171875, 0.019008636474609375, 0.0157928466796875, 0.0174560546875, 0.01714324951171875, 0.015338897705078125, 0.016773223876953125, 0.017223358154296875, 0.01758575439453125, 0.01184844970703125, 0.0132293701171875, 0.012676239013671875, 0.022335052490234375, 0.01638031005859375, 0.0132598876953125, 0.020755767822265625, 0.011600494384765625, 0.021945953369140625, 0.01668548583984375, 0.0146484375, 0.021236419677734375, 0.01993560791015625, 0.015300750732421875, 0.022487640380859375, 0.012630462646484375, 0.020366668701171875], "selected_pred_class_dist": [[0.9818801879882812, 0.006801605224609375, 0.011318206787109375], [0.9809913635253906, 0.01125335693359375, 0.007755279541015625], [0.9842071533203125, 0.01097869873046875, 0.00481414794921875], [0.9825439453125, 0.00909423828125, 0.00836181640625], [0.9828567504882812, 0.013088226318359375, 0.004055023193359375], [0.9846611022949219, 0.01041412353515625, 0.004924774169921875], [0.9832267761230469, 0.009002685546875, 0.007770538330078125], [0.9827766418457031, 0.006816864013671875, 0.010406494140625], [0.9824142456054688, 0.00789642333984375, 0.0096893310546875], [0.9881515502929688, 0.00673675537109375, 0.0051116943359375], [0.9867706298828125, 0.0069580078125, 0.0062713623046875], [0.9873237609863281, 0.006114959716796875, 0.006561279296875], [0.9776649475097656, 0.011714935302734375, 0.0106201171875], [0.9836196899414062, 0.00855255126953125, 0.0078277587890625], [0.9867401123046875, 0.00621795654296875, 0.00704193115234375], [0.9792442321777344, 0.012149810791015625, 0.00860595703125], [0.9883995056152344, 0.007869720458984375, 0.00373077392578125], [0.9780540466308594, 0.012359619140625, 0.009586334228515625], [0.9833145141601562, 0.006977081298828125, 0.009708404541015625], [0.9853515625, 0.007991790771484375, 0.006656646728515625], [0.9787635803222656, 0.0130462646484375, 0.008190155029296875], [0.9800643920898438, 0.01158905029296875, 0.0083465576171875], [0.9846992492675781, 0.0076446533203125, 0.007656097412109375], [0.9775123596191406, 0.011478424072265625, 0.01100921630859375], [0.9873695373535156, 0.007354736328125, 0.005275726318359375], [0.9796333312988281, 0.010372161865234375, 0.0099945068359375]], "candidate_count": 468, "candidate_scores_path": "/groups/echambe2/gmeng/MedAL-Agent/repo/code/runs/frozen_v5/candidate_scores/origa__P6__s1000__r4.json", "predictions_path": "", "initial_labeled_path": "/groups/echambe2/gmeng/MedAL-Agent/repo/code/runs/frozen_v5/init_sets/origa__s1000__n8.json", "initial_labeled_ids": [], "selection_diagnostics": {"selu_valid_intersected": true, "selu_target_frac": 0.0163000226020813, "selu_boundary_frac": 0.00010476560419192538, "selu_score_target_mean": 0.022599149495363235, "selu_score_boundary_mean": 0.628582239151001}, "training": {"num_iters": 1000, "batch_size": 12, "lr": 0.001, "image_size": 512, "aspect_preserve": true, "resolution_policy": "longside_pad32", "preproc_cache": {"pool": "hit", "val": "hit"}, "train_runtime_sec": 2102.1162066459656, "query_runtime_sec": 18.19238042831421, "iters": 4000, "stop_iter": 4000, "mean_loss": 0.17645685898140073, "last_loss": 0.036767758429050446, "stop_reason": "plateau", "hit_max_iters": false, "final_smooth_loss": 0.03512764738872647, "best_smooth_loss": 0.03919987738132477, "diverged": false, "loss_curve": [[1000, 0.21708981409668923], [1100, 0.20293065115809442], [1200, 0.18931557029485702], [1300, 0.1713427247107029], [1400, 0.14734210357069968], [1500, 0.13425346843898298], [1600, 0.13155372090637685], [1700, 0.12071818463504315], [1800, 0.10735163070261479], [1900, 0.09500605754554271], [2000, 0.08359196573495865], [2100, 0.08061802327632904], [2200, 0.07324271518737077], [2300, 0.0684004982933402], [2400, 0.06517023682594299], [2500, 0.06583005510270595], [2600, 0.05802470073103905], [2700, 0.057262622490525245], [2800, 0.054659652300179], [2900, 0.051304285153746604], [3000, 0.04643573611974716], [3100, 0.0471348736807704], [3200, 0.04491378977894783], [3300, 0.04507498476654291], [3400, 0.04043907856568694], [3500, 0.03919987738132477], [3600, 0.03862906537950039], [3700, 0.036922794692218305], [3800, 0.034969757348299026], [3900, 0.03609397649765014], [4000, 0.03512764738872647]]}, "ckpt_id": "origa__P6__s1000__r4", "ckpt_path": "", "ckpt_hash": "87a92b3609076521aeb1d98794cbf5c192355f461d68630043d11d04e3f4042f", "config_hash": "bf4ec5f898291681fce09c32cda12c6918044a048969b35e9673716b3b129d33", "feature_cache_keys": {}, "sam_model_type": "", "sam_checkpoint": "", "metrics": {"primary_metric": "mean_dsc_fg_case_macro", "metric_version": "v3_case_macro", "eval_scope": "case_full_volume", "mean_dsc_fg_case_macro": 0.8144559972373152, "mean_dsc_fg": 0.8144559972373152, "mean_dsc_fg_pooled_diagnostic": 0.8176338146375027, "dsc_per_class_pooled": [0.9990374236168259, 0.7995419952580922, 0.8357256340169132], "dsc_per_class": [0.9990374236168259, 0.7995419952580922, 0.8357256340169132], "n_cases": 65, "n_eval": 65, "structure_detection_rate": 1.0, "missed_structure_rate": 0.0}, "runtime_sec": {"train": 2102.1162066459656, "eval": 1.441305160522461, "select": 18.19238042831421}, "gpu_mem_mb": 9445.65248, "gpu_name": "Tesla V100-PCIE-32GB", "gpu_total_mem_mb": 34072.559616, "foundation": {}, "notes": ""}
{"schema_version": "v3", "run_id": "origa__P6__s1000", "round": 5, "dataset": "origa", "modality": "fundus", "target": "optic_nerve_head", "dim": "2d", "query_unit": "image", "seed": 1000, "round_seed": 1005, "component_seeds": {"model_init_seed": 832088726, "loader_seed": 2738773402, "query_seed": 4045062187, "dropout_seed": 3538979454}, "total_rounds": 7, "budget_denominator": {"full_train_N": 520, "requested_pool_cap": 5000, "actual_AL_pool_N": 520, "budget_plan": [8, 11, 21, 37, 52, 78, 104], "fraction_of_AL_pool": 0.2, "fraction_of_full_train": 0.2}, "policy_id": "P6", "policy_name": "SelectiveUncertaintyAL", "method_version": "1.0", "is_ablation": false, "policy_config": {}, "cumulative_budget": 78, "incremental_query_count": 26, "labeled_count": 78, "labeled_ratio": 0.15, "selected_ids": ["139", "541", "025", "005", "248", "333", "031", "146", "537", "026", "467", "469", "203", "547", "584", "364", "247", "621", "335", "496", "224", "113", "039", "245", "150", "180"], "selected_scores": [0.34244006872177124, 0.3436152935028076, 0.3410309851169586, 0.3405895233154297, 0.3265931010246277, 0.33578601479530334, 0.3269335627555847, 0.33415302634239197, 0.3267803192138672, 0.33569037914276123, 0.3335154056549072, 0.3353407084941864, 0.33550265431404114, 0.33632993698120117, 0.3364498019218445, 0.3283485770225525, 0.32844793796539307, 0.334335595369339, 0.32623884081840515, 0.32457029819488525, 0.33345237374305725, 0.32529762387275696, 0.33133232593536377, 0.32498452067375183, 0.3257344663143158, 0.32527750730514526], "selected_pred_fg_ratio": [0.021610260009765625, 0.014926910400390625, 0.0190277099609375, 0.01690673828125, 0.01830291748046875, 0.0179901123046875, 0.01834869384765625, 0.017772674560546875, 0.012973785400390625, 0.015460968017578125, 0.01395416259765625, 0.018100738525390625, 0.01776123046875, 0.015964508056640625, 0.015216827392578125, 0.01837158203125, 0.012363433837890625, 0.015300750732421875, 0.014476776123046875, 0.01371002197265625, 0.020191192626953125, 0.01068878173828125, 0.01256561279296875, 0.0171661376953125, 0.016773223876953125, 0.0179901123046875], "selected_pred_class_dist": [[0.9783897399902344, 0.01399993896484375, 0.007610321044921875], [0.9850730895996094, 0.01125335693359375, 0.003673553466796875], [0.9809722900390625, 0.01184844970703125, 0.00717926025390625], [0.98309326171875, 0.0099639892578125, 0.0069427490234375], [0.9816970825195312, 0.011829376220703125, 0.006473541259765625], [0.9820098876953125, 0.015491485595703125, 0.002498626708984375], [0.9816513061523438, 0.009914398193359375, 0.008434295654296875], [0.9822273254394531, 0.015583038330078125, 0.00218963623046875], [0.9870262145996094, 0.009662628173828125, 0.0033111572265625], [0.9845390319824219, 0.00749969482421875, 0.007961273193359375], [0.9860458374023438, 0.010723114013671875, 0.003231048583984375], [0.9818992614746094, 0.015293121337890625, 0.0028076171875], [0.98223876953125, 0.01432037353515625, 0.00344085693359375], [0.9840354919433594, 0.010524749755859375, 0.00543975830078125], [0.9847831726074219, 0.008777618408203125, 0.006439208984375], [0.98162841796875, 0.011371612548828125, 0.006999969482421875], [0.9876365661621094, 0.00930023193359375, 0.003063201904296875], [0.9846992492675781, 0.008220672607421875, 0.007080078125], [0.9855232238769531, 0.008575439453125, 0.005901336669921875], [0.9862899780273438, 0.0078125, 0.00589752197265625], [0.9798088073730469, 0.012386322021484375, 0.00780487060546875], [0.9893112182617188, 0.007434844970703125, 0.003253936767578125], [0.9874343872070312, 0.00830841064453125, 0.0042572021484375], [0.9828338623046875, 0.01201629638671875, 0.00514984130859375], [0.9832267761230469, 0.010875701904296875, 0.00589752197265625], [0.9820098876953125, 0.0092315673828125, 0.008758544921875]], "candidate_count": 442, "candidate_scores_path": "/groups/echambe2/gmeng/MedAL-Agent/repo/code/runs/frozen_v5/candidate_scores/origa__P6__s1000__r5.json", "predictions_path": "", "initial_labeled_path": "/groups/echambe2/gmeng/MedAL-Agent/repo/code/runs/frozen_v5/init_sets/origa__s1000__n8.json", "initial_labeled_ids": [], "selection_diagnostics": {"selu_valid_intersected": true, "selu_target_frac": 0.016636844724416733, "selu_boundary_frac": 8.86356137925759e-05, "selu_score_target_mean": 0.018591448664665222, "selu_score_boundary_mean": 0.6267721652984619}, "training": {"num_iters": 1000, "batch_size": 12, "lr": 0.001, "image_size": 512, "aspect_preserve": true, "resolution_policy": "longside_pad32", "preproc_cache": {"pool": "hit", "val": "hit"}, "train_runtime_sec": 1743.0485157966614, "query_runtime_sec": 26.492332220077515, "iters": 3300, "stop_iter": 3300, "mean_loss": 0.18835371116797128, "last_loss": 0.029068049043416977, "stop_reason": "plateau", "hit_max_iters": false, "final_smooth_loss": 0.028798086643218992, "best_smooth_loss": 0.03315760465338826, "diverged": false, "loss_curve": [[1000, 0.1948115599155426], [1100, 0.17197312034666537], [1200, 0.1512953368574381], [1300, 0.13571585103869438], [1400, 0.11296621739864349], [1500, 0.10128834784030914], [1600, 0.08877022176980973], [1700, 0.07998673725873232], [1800, 0.06953830100595951], [1900, 0.06168498616665602], [2000, 0.05566837623715401], [2100, 0.052985593415796756], [2200, 0.047395851500332355], [2300, 0.044493748508393764], [2400, 0.04242810297757387], [2500, 0.039211286343634126], [2600, 0.039059590362012384], [2700, 0.03535071482881904], [2800, 0.03315760465338826], [2900, 0.03324040675535798], [3000, 0.030953596588224174], [3100, 0.030061811674386263], [3200, 0.03191624289378524], [3300, 0.028798086643218992]]}, "ckpt_id": "origa__P6__s1000__r5", "ckpt_path": "", "ckpt_hash": "0472efdc38ded1e506a89a4247b1acc31ee9f0d83d08d5d8c417b37119d68427", "config_hash": "bf4ec5f898291681fce09c32cda12c6918044a048969b35e9673716b3b129d33", "feature_cache_keys": {}, "sam_model_type": "", "sam_checkpoint": "", "metrics": {"primary_metric": "mean_dsc_fg_case_macro", "metric_version": "v3_case_macro", "eval_scope": "case_full_volume", "mean_dsc_fg_case_macro": 0.8321682807661573, "mean_dsc_fg": 0.8321682807661573, "mean_dsc_fg_pooled_diagnostic": 0.835374022635164, "dsc_per_class_pooled": [0.9991780416939566, 0.830474173633111, 0.840273871637217], "dsc_per_class": [0.9991780416939566, 0.830474173633111, 0.840273871637217], "n_cases": 65, "n_eval": 65, "structure_detection_rate": 1.0, "missed_structure_rate": 0.0}, "runtime_sec": {"train": 1743.0485157966614, "eval": 1.6483561992645264, "select": 26.492332220077515}, "gpu_mem_mb": 9448.486912, "gpu_name": "Tesla V100-PCIE-32GB", "gpu_total_mem_mb": 34072.559616, "foundation": {}, "notes": ""}
{"schema_version": "v3", "run_id": "origa__P6__s1000", "round": 6, "dataset": "origa", "modality": "fundus", "target": "optic_nerve_head", "dim": "2d", "query_unit": "image", "seed": 1000, "round_seed": 1006, "component_seeds": {"model_init_seed": 1357972451, "loader_seed": 595547349, "query_seed": 1582134936, "dropout_seed": 3300755214}, "total_rounds": 7, "budget_denominator": {"full_train_N": 520, "requested_pool_cap": 5000, "actual_AL_pool_N": 520, "budget_plan": [8, 11, 21, 37, 52, 78, 104], "fraction_of_AL_pool": 0.2, "fraction_of_full_train": 0.2}, "policy_id": "P6", "policy_name": "SelectiveUncertaintyAL", "method_version": "1.0", "is_ablation": false, "policy_config": {}, "cumulative_budget": 104, "incremental_query_count": 0, "labeled_count": 104, "labeled_ratio": 0.2, "selected_ids": [], "selected_scores": [], "selected_pred_fg_ratio": [], "selected_pred_class_dist": [], "candidate_count": 0, "candidate_scores_path": "", "predictions_path": "/groups/echambe2/gmeng/MedAL-Agent/repo/code/runs/frozen_v5/predictions/origa__P6__s1000__r6.npz", "initial_labeled_path": "/groups/echambe2/gmeng/MedAL-Agent/repo/code/runs/frozen_v5/init_sets/origa__s1000__n8.json", "initial_labeled_ids": [], "selection_diagnostics": {}, "training": {"num_iters": 1000, "batch_size": 12, "lr": 0.001, "image_size": 512, "aspect_preserve": true, "resolution_policy": "longside_pad32", "preproc_cache": {"pool": "hit", "val": "hit"}, "train_runtime_sec": 2627.7625637054443, "query_runtime_sec": 0.0, "iters": 5000, "stop_iter": 5000, "mean_loss": 0.16049856100827456, "last_loss": 0.03649383783340454, "stop_reason": "plateau_max", "hit_max_iters": true, "final_smooth_loss": 0.03801359817385674, "best_smooth_loss": 0.04057545825839043, "diverged": false, "loss_curve": [[1000, 0.244708354473114], [1100, 0.23486003398895264], [1200, 0.21850207418203355], [1300, 0.20566655784845353], [1400, 0.20564668759703636], [1500, 0.1900407664477825], [1600, 0.1812928821146488], [1700, 0.17240513920783995], [1800, 0.15700571224093438], [1900, 0.15044665671885013], [2000, 0.13530533999204636], [2100, 0.12822965353727342], [2200, 0.11824867337942123], [2300, 0.11912574216723443], [2400, 0.10272283293306828], [2500, 0.104437575340271], [2600, 0.09191518820822239], [2700, 0.0895458423346281], [2800, 0.08152316365391016], [2900, 0.0777799317613244], [3000, 0.0706289841979742], [3100, 0.06893773064017296], [3200, 0.0649861704185605], [3300, 0.061746062114834785], [3400, 0.06195785120129585], [3500, 0.058456677719950674], [3600, 0.05573870554566383], [3700, 0.05317992601543665], [3800, 0.05095936793833971], [3900, 0.049436647035181525], [4000, 0.04984562266618013], [4100, 0.046315473392605784], [4200, 0.04647574059665203], [4300, 0.0440425019338727], [4400, 0.0429343406111002], [4500, 0.04305157028138638], [4600, 0.04057545825839043], [4700, 0.041210564337670806], [4800, 0.03817718282341957], [4900, 0.03893386635929346], [5000, 0.03801359817385674]]}, "ckpt_id": "origa__P6__s1000__r6", "ckpt_path": "", "ckpt_hash": "daa1fcfb1d8e86ef20712b250237b74feac2044933f159dc3edd33589e63b981", "config_hash": "bf4ec5f898291681fce09c32cda12c6918044a048969b35e9673716b3b129d33", "feature_cache_keys": {}, "sam_model_type": "", "sam_checkpoint": "", "metrics": {"primary_metric": "mean_dsc_fg_case_macro", "metric_version": "v3_case_macro", "eval_scope": "case_full_volume", "mean_dsc_fg_case_macro": 0.8332487826266783, "mean_dsc_fg": 0.8332487826266783, "mean_dsc_fg_pooled_diagnostic": 0.8372291375491333, "dsc_per_class_pooled": [0.9991903714187896, 0.8315526070763501, 0.8429056680219165], "dsc_per_class": [0.9991903714187896, 0.8315526070763501, 0.8429056680219165], "n_cases": 65, "n_eval": 65, "structure_detection_rate": 1.0, "missed_structure_rate": 0.0}, "runtime_sec": {"train": 2627.7625637054443, "eval": 1.4044997692108154, "select": 0.0}, "gpu_mem_mb": 9446.651904, "gpu_name": "Tesla V100-PCIE-32GB", "gpu_total_mem_mb": 34072.559616, "foundation": {}, "notes": ""}
