{"schema_version": "v3", "run_id": "origa__P5__s1000", "round": 0, "dataset": "origa", "modality": "fundus", "target": "optic_nerve_head", "dim": "2d", "query_unit": "image", "seed": 1000, "round_seed": 1000, "component_seeds": {"model_init_seed": 2989689681, "loader_seed": 4191542321, "query_seed": 2529548519, "dropout_seed": 3619692248}, "total_rounds": 7, "budget_denominator": {"full_train_N": 520, "requested_pool_cap": 5000, "actual_AL_pool_N": 520, "budget_plan": [8, 11, 21, 37, 52, 78, 104], "fraction_of_AL_pool": 0.2, "fraction_of_full_train": 0.2}, "policy_id": "P5", "policy_name": "EntropyCoreSet", "method_version": "1.0", "is_ablation": false, "policy_config": {}, "cumulative_budget": 8, "incremental_query_count": 3, "labeled_count": 8, "labeled_ratio": 0.015384615384615385, "selected_ids": ["176", "510", "634"], "selected_scores": [0.01615513674914837, 0.012240434065461159, 0.0039502535946667194], "selected_pred_fg_ratio": [0.05176544189453125, 0.040248870849609375, 0.028842926025390625], "selected_pred_class_dist": [[0.9482345581054688, 0.0206451416015625, 0.03112030029296875], [0.9597511291503906, 0.0106201171875, 0.029628753662109375], [0.9711570739746094, 0.0197906494140625, 0.009052276611328125]], "candidate_count": 512, "candidate_scores_path": "/groups/echambe2/gmeng/MedAL-Agent/repo/code/runs/frozen_v5/candidate_scores/origa__P5__s1000__r0.json", "predictions_path": "", "initial_labeled_path": "/groups/echambe2/gmeng/MedAL-Agent/repo/code/runs/frozen_v5/init_sets/origa__s1000__n8.json", "initial_labeled_ids": ["229", "339", "372", "470", "471", "526", "546", "603"], "selection_diagnostics": {}, "training": {"num_iters": 1000, "batch_size": 12, "lr": 0.001, "image_size": 512, "aspect_preserve": true, "resolution_policy": "longside_pad32", "preproc_cache": {"pool": "hit", "val": "hit"}, "train_runtime_sec": 917.3805737495422, "query_runtime_sec": 15.86605429649353, "iters": 2400, "stop_iter": 2400, "mean_loss": 0.13857552516739816, "last_loss": 0.023816337808966637, "stop_reason": "plateau", "hit_max_iters": false, "final_smooth_loss": 0.020880720289424063, "best_smooth_loss": 0.024745683092623948, "diverged": false, "loss_curve": [[1000, 0.048876118771731855], [1100, 0.04678049266338349], [1200, 0.03976756263524294], [1300, 0.03780973447486758], [1400, 0.03760305162519217], [1500, 0.030389981772750617], [1600, 0.03053124712780118], [1700, 0.02779022393748164], [1800, 0.028063158504664898], [1900, 0.024745683092623948], [2000, 0.024449147954583167], [2100, 0.022405842151492834], [2200, 0.021441528238356114], [2300, 0.0201270445343107], [2400, 0.020880720289424063]]}, "ckpt_id": "origa__P5__s1000__r0", "ckpt_path": "", "ckpt_hash": "50e4726e7b2677fda3798994d38a801c40de548afad72f555be0adaf5407d648", "config_hash": "bf4ec5f898291681fce09c32cda12c6918044a048969b35e9673716b3b129d33", "feature_cache_keys": {"task_unet": "task_unet_bottleneck@50e4726e7b26"}, "sam_model_type": "", "sam_checkpoint": "", "metrics": {"primary_metric": "mean_dsc_fg_case_macro", "metric_version": "v3_case_macro", "eval_scope": "case_full_volume", "mean_dsc_fg_case_macro": 0.750602489144935, "mean_dsc_fg": 0.750602489144935, "mean_dsc_fg_pooled_diagnostic": 0.7519803648456236, "dsc_per_class_pooled": [0.9985943299621093, 0.7171953600063146, 0.7867653696849327], "dsc_per_class": [0.9985943299621093, 0.7171953600063146, 0.7867653696849327], "n_cases": 65, "n_eval": 65, "structure_detection_rate": 1.0, "missed_structure_rate": 0.0}, "runtime_sec": {"train": 917.3805737495422, "eval": 1.4439270496368408, "select": 15.86605429649353}, "gpu_mem_mb": 8107.887616, "gpu_name": "Tesla V100-PCIE-32GB", "gpu_total_mem_mb": 34072.559616, "foundation": {}, "notes": ""}
{"schema_version": "v3", "run_id": "origa__P5__s1000", "round": 1, "dataset": "origa", "modality": "fundus", "target": "optic_nerve_head", "dim": "2d", "query_unit": "image", "seed": 1000, "round_seed": 1001, "component_seeds": {"model_init_seed": 1028625171, "loader_seed": 316625031, "query_seed": 253434028, "dropout_seed": 3317428529}, "total_rounds": 7, "budget_denominator": {"full_train_N": 520, "requested_pool_cap": 5000, "actual_AL_pool_N": 520, "budget_plan": [8, 11, 21, 37, 52, 78, 104], "fraction_of_AL_pool": 0.2, "fraction_of_full_train": 0.2}, "policy_id": "P5", "policy_name": "EntropyCoreSet", "method_version": "1.0", "is_ablation": false, "policy_config": {}, "cumulative_budget": 11, "incremental_query_count": 10, "labeled_count": 11, "labeled_ratio": 0.021153846153846155, "selected_ids": ["582", "355", "201", "105", "220", "504", "232", "332", "283", "147"], "selected_scores": [0.006135395262390375, 0.0013410018291324377, 0.0013296091929078102, 0.0015986943617463112, 0.0009225386893376708, 0.0020147080067545176, 0.0019702212885022163, 0.0013514242600649595, 0.001067610690370202, 0.0009107619989663363], "selected_pred_fg_ratio": [0.037105560302734375, 0.022991180419921875, 0.02213287353515625, 0.014827728271484375, 0.019886016845703125, 0.030994415283203125, 0.019073486328125, 0.01853179931640625, 0.0240631103515625, 0.0168304443359375], "selected_pred_class_dist": [[0.9628944396972656, 0.008815765380859375, 0.028289794921875], [0.9770088195800781, 0.013397216796875, 0.009593963623046875], [0.9778671264648438, 0.01605224609375, 0.00608062744140625], [0.9851722717285156, 0.009510040283203125, 0.00531768798828125], [0.9801139831542969, 0.012226104736328125, 0.007659912109375], [0.9690055847167969, 0.02017974853515625, 0.010814666748046875], [0.980926513671875, 0.012340545654296875, 0.006732940673828125], [0.9814682006835938, 0.009624481201171875, 0.008907318115234375], [0.9759368896484375, 0.014007568359375, 0.0100555419921875], [0.9831695556640625, 0.01131439208984375, 0.00551605224609375]], "candidate_count": 509, "candidate_scores_path": "/groups/echambe2/gmeng/MedAL-Agent/repo/code/runs/frozen_v5/candidate_scores/origa__P5__s1000__r1.json", "predictions_path": "", "initial_labeled_path": "/groups/echambe2/gmeng/MedAL-Agent/repo/code/runs/frozen_v5/init_sets/origa__s1000__n8.json", "initial_labeled_ids": [], "selection_diagnostics": {}, "training": {"num_iters": 1000, "batch_size": 12, "lr": 0.001, "image_size": 512, "aspect_preserve": true, "resolution_policy": "longside_pad32", "preproc_cache": {"pool": "hit", "val": "hit"}, "train_runtime_sec": 1516.1133887767792, "query_runtime_sec": 16.029772758483887, "iters": 3100, "stop_iter": 3100, "mean_loss": 0.1270260128210629, "last_loss": 0.025763556361198425, "stop_reason": "plateau", "hit_max_iters": false, "final_smooth_loss": 0.03238408114761114, "best_smooth_loss": 0.03589932955801487, "diverged": false, "loss_curve": [[1000, 0.0835357990115881], [1100, 0.07209042500704527], [1200, 0.06994359977543355], [1300, 0.06296760901808739], [1400, 0.059665283970534805], [1500, 0.05720932066440582], [1600, 0.05385081145912409], [1700, 0.050642366260290145], [1800, 0.05295107889920473], [1900, 0.04605265520513058], [2000, 0.04990978110581636], [2100, 0.04294241331517697], [2200, 0.043165363185107705], [2300, 0.04094839118421078], [2400, 0.041833635270595554], [2500, 0.04188782023265958], [2600, 0.03589932955801487], [2700, 0.03637710245326162], [2800, 0.03285841323435307], [2900, 0.031208963617682457], [3000, 0.033204161077737805], [3100, 0.03238408114761114]]}, "ckpt_id": "origa__P5__s1000__r1", "ckpt_path": "", "ckpt_hash": "128683160e64955cba61147776d58280b51721fcf058f0629d47945b4170daab", "config_hash": "bf4ec5f898291681fce09c32cda12c6918044a048969b35e9673716b3b129d33", "feature_cache_keys": {"task_unet": "task_unet_bottleneck@128683160e64"}, "sam_model_type": "", "sam_checkpoint": "", "metrics": {"primary_metric": "mean_dsc_fg_case_macro", "metric_version": "v3_case_macro", "eval_scope": "case_full_volume", "mean_dsc_fg_case_macro": 0.7775443326952766, "mean_dsc_fg": 0.7775443326952766, "mean_dsc_fg_pooled_diagnostic": 0.7829348164378886, "dsc_per_class_pooled": [0.9988270692759357, 0.7525389323338612, 0.8133307005419163], "dsc_per_class": [0.9988270692759357, 0.7525389323338612, 0.8133307005419163], "n_cases": 65, "n_eval": 65, "structure_detection_rate": 1.0, "missed_structure_rate": 0.0}, "runtime_sec": {"train": 1516.1133887767792, "eval": 1.4666240215301514, "select": 16.029772758483887}, "gpu_mem_mb": 8663.578624, "gpu_name": "Tesla V100-PCIE-32GB", "gpu_total_mem_mb": 34072.559616, "foundation": {}, "notes": ""}
{"schema_version": "v3", "run_id": "origa__P5__s1000", "round": 2, "dataset": "origa", "modality": "fundus", "target": "optic_nerve_head", "dim": "2d", "query_unit": "image", "seed": 1000, "round_seed": 1002, "component_seeds": {"model_init_seed": 265999627, "loader_seed": 1465654863, "query_seed": 2544461518, "dropout_seed": 3552612840}, "total_rounds": 7, "budget_denominator": {"full_train_N": 520, "requested_pool_cap": 5000, "actual_AL_pool_N": 520, "budget_plan": [8, 11, 21, 37, 52, 78, 104], "fraction_of_AL_pool": 0.2, "fraction_of_full_train": 0.2}, "policy_id": "P5", "policy_name": "EntropyCoreSet", "method_version": "1.0", "is_ablation": false, "policy_config": {}, "cumulative_budget": 21, "incremental_query_count": 16, "labeled_count": 21, "labeled_ratio": 0.04038461538461539, "selected_ids": ["181", "227", "511", "058", "462", "224", "180", "528", "468", "411", "427", "579", "349", "001", "314", "300"], "selected_scores": [0.0008614429971203208, 0.000743102456908673, 0.0009094075066968799, 0.0005863560363650322, 0.001562786754220724, 0.0008632763638161123, 0.0007525665569119155, 0.0007895113667473197, 0.0006496309069916606, 0.0007332569221034646, 0.0007762080058455467, 0.0006827592733316123, 0.0006778107490390539, 0.0006257327040657401, 0.0006298724329099059, 0.0006463922909460962], "selected_pred_fg_ratio": [0.023193359375, 0.02152252197265625, 0.0166473388671875, 0.01837921142578125, 0.01801300048828125, 0.020381927490234375, 0.02072906494140625, 0.016780853271484375, 0.018642425537109375, 0.017536163330078125, 0.017360687255859375, 0.019428253173828125, 0.02048492431640625, 0.01897430419921875, 0.012699127197265625, 0.013336181640625], "selected_pred_class_dist": [[0.976806640625, 0.0144195556640625, 0.0087738037109375], [0.9784774780273438, 0.01505279541015625, 0.0064697265625], [0.9833526611328125, 0.01418304443359375, 0.00246429443359375], [0.9816207885742188, 0.0117645263671875, 0.00661468505859375], [0.9819869995117188, 0.011348724365234375, 0.006664276123046875], [0.9796180725097656, 0.0135498046875, 0.006832122802734375], [0.9792709350585938, 0.0130615234375, 0.00766754150390625], [0.9832191467285156, 0.010631561279296875, 0.0061492919921875], [0.9813575744628906, 0.013885498046875, 0.004756927490234375], [0.9824638366699219, 0.01219940185546875, 0.005336761474609375], [0.9826393127441406, 0.013515472412109375, 0.00384521484375], [0.9805717468261719, 0.012744903564453125, 0.006683349609375], [0.9795150756835938, 0.013477325439453125, 0.007007598876953125], [0.9810256958007812, 0.010822296142578125, 0.008152008056640625], [0.9873008728027344, 0.007354736328125, 0.005344390869140625], [0.986663818359375, 0.01021575927734375, 0.00312042236328125]], "candidate_count": 499, "candidate_scores_path": "/groups/echambe2/gmeng/MedAL-Agent/repo/code/runs/frozen_v5/candidate_scores/origa__P5__s1000__r2.json", "predictions_path": "", "initial_labeled_path": "/groups/echambe2/gmeng/MedAL-Agent/repo/code/runs/frozen_v5/init_sets/origa__s1000__n8.json", "initial_labeled_ids": [], "selection_diagnostics": {}, "training": {"num_iters": 1000, "batch_size": 12, "lr": 0.001, "image_size": 512, "aspect_preserve": true, "resolution_policy": "longside_pad32", "preproc_cache": {"pool": "hit", "val": "hit"}, "train_runtime_sec": 1413.4965546131134, "query_runtime_sec": 15.781463623046875, "iters": 2700, "stop_iter": 2700, "mean_loss": 0.1340916479703177, "last_loss": 0.018472222611308098, "stop_reason": "plateau", "hit_max_iters": false, "final_smooth_loss": 0.019823572244495154, "best_smooth_loss": 0.02376795921474695, "diverged": false, "loss_curve": [[1000, 0.05031186264008283], [1100, 0.04854114376008511], [1200, 0.043454235903918746], [1300, 0.03960868204012513], [1400, 0.039375424832105634], [1500, 0.03586958894506097], [1600, 0.03480637885630131], [1700, 0.033996521290391685], [1800, 0.02936639865860343], [1900, 0.0280524125136435], [2000, 0.025599726717919113], [2100, 0.025087277945131062], [2200, 0.02376795921474695], [2300, 0.022247080113738774], [2400, 0.021954172533005478], [2500, 0.020519249550998212], [2600, 0.020359768513590098], [2700, 0.019823572244495154]]}, "ckpt_id": "origa__P5__s1000__r2", "ckpt_path": "", "ckpt_hash": "28bcc9d06129f2e1c860a01d111c429c4833df91d0c8016c934fcf32cd15f392", "config_hash": "bf4ec5f898291681fce09c32cda12c6918044a048969b35e9673716b3b129d33", "feature_cache_keys": {"task_unet": "task_unet_bottleneck@28bcc9d06129"}, "sam_model_type": "", "sam_checkpoint": "", "metrics": {"primary_metric": "mean_dsc_fg_case_macro", "metric_version": "v3_case_macro", "eval_scope": "case_full_volume", "mean_dsc_fg_case_macro": 0.7864387455492562, "mean_dsc_fg": 0.7864387455492562, "mean_dsc_fg_pooled_diagnostic": 0.7891176116896406, "dsc_per_class_pooled": [0.9988362711508799, 0.7796501577205129, 0.7985850656587682], "dsc_per_class": [0.9988362711508799, 0.7796501577205129, 0.7985850656587682], "n_cases": 65, "n_eval": 65, "structure_detection_rate": 1.0, "missed_structure_rate": 0.0}, "runtime_sec": {"train": 1413.4965546131134, "eval": 1.368938684463501, "select": 15.781463623046875}, "gpu_mem_mb": 9445.128192, "gpu_name": "Tesla V100-PCIE-32GB", "gpu_total_mem_mb": 34072.559616, "foundation": {}, "notes": ""}
{"schema_version": "v3", "run_id": "origa__P5__s1000", "round": 3, "dataset": "origa", "modality": "fundus", "target": "optic_nerve_head", "dim": "2d", "query_unit": "image", "seed": 1000, "round_seed": 1003, "component_seeds": {"model_init_seed": 3831074496, "loader_seed": 3670334330, "query_seed": 47901082, "dropout_seed": 2333647153}, "total_rounds": 7, "budget_denominator": {"full_train_N": 520, "requested_pool_cap": 5000, "actual_AL_pool_N": 520, "budget_plan": [8, 11, 21, 37, 52, 78, 104], "fraction_of_AL_pool": 0.2, "fraction_of_full_train": 0.2}, "policy_id": "P5", "policy_name": "EntropyCoreSet", "method_version": "1.0", "is_ablation": false, "policy_config": {}, "cumulative_budget": 37, "incremental_query_count": 15, "labeled_count": 37, "labeled_ratio": 0.07115384615384615, "selected_ids": ["556", "342", "158", "241", "643", "233", "607", "327", "362", "650", "221", "143", "644", "200", "025"], "selected_scores": [0.00047821077168919146, 0.0015634939773008227, 0.0005445685237646103, 0.0006582472706213593, 0.0004994418704882264, 0.0005259623867459595, 0.00046781657147221267, 0.0005921313422732055, 0.0005190501105971634, 0.0004738153947982937, 0.0006034689722582698, 0.000499673536978662, 0.0005064407014288008, 0.0005325871170498431, 0.0006697892094962299], "selected_pred_fg_ratio": [0.01922607421875, 0.020862579345703125, 0.016277313232421875, 0.022197723388671875, 0.021106719970703125, 0.018627166748046875, 0.01660919189453125, 0.01636505126953125, 0.01952362060546875, 0.019123077392578125, 0.017673492431640625, 0.02228546142578125, 0.021778106689453125, 0.0219268798828125, 0.02109527587890625], "selected_pred_class_dist": [[0.98077392578125, 0.010929107666015625, 0.008296966552734375], [0.9791374206542969, 0.0189056396484375, 0.001956939697265625], [0.9837226867675781, 0.009784698486328125, 0.00649261474609375], [0.9778022766113281, 0.01396942138671875, 0.008228302001953125], [0.9788932800292969, 0.010967254638671875, 0.01013946533203125], [0.9813728332519531, 0.010929107666015625, 0.00769805908203125], [0.9833908081054688, 0.0091400146484375, 0.00746917724609375], [0.9836349487304688, 0.008441925048828125, 0.007923126220703125], [0.9804763793945312, 0.011920928955078125, 0.007602691650390625], [0.9808769226074219, 0.012176513671875, 0.006946563720703125], [0.9823265075683594, 0.014278411865234375, 0.00339508056640625], [0.9777145385742188, 0.0118560791015625, 0.01042938232421875], [0.9782218933105469, 0.012584686279296875, 0.00919342041015625], [0.9780731201171875, 0.0133514404296875, 0.008575439453125], [0.9789047241210938, 0.01348114013671875, 0.0076141357421875]], "candidate_count": 483, "candidate_scores_path": "/groups/echambe2/gmeng/MedAL-Agent/repo/code/runs/frozen_v5/candidate_scores/origa__P5__s1000__r3.json", "predictions_path": "", "initial_labeled_path": "/groups/echambe2/gmeng/MedAL-Agent/repo/code/runs/frozen_v5/init_sets/origa__s1000__n8.json", "initial_labeled_ids": [], "selection_diagnostics": {}, "training": {"num_iters": 1000, "batch_size": 12, "lr": 0.001, "image_size": 512, "aspect_preserve": true, "resolution_policy": "longside_pad32", "preproc_cache": {"pool": "hit", "val": "hit"}, "train_runtime_sec": 2252.2005248069763, "query_runtime_sec": 15.188845872879028, "iters": 4300, "stop_iter": 4300, "mean_loss": 0.12321139371845612, "last_loss": 0.02994161657989025, "stop_reason": "plateau", "hit_max_iters": false, "final_smooth_loss": 0.02709668770432472, "best_smooth_loss": 0.030546933878213167, "diverged": false, "loss_curve": [[1000, 0.14088860169053077], [1100, 0.12740729987621308], [1200, 0.11632576875388623], [1300, 0.10148907721042633], [1400, 0.10007709950208664], [1500, 0.08834880188107491], [1600, 0.08077402777969837], [1700, 0.07351350232958793], [1800, 0.07398800693452358], [1900, 0.07074025306850672], [2000, 0.062331426776945593], [2100, 0.06004124037921429], [2200, 0.05972402155399323], [2300, 0.05245813176035881], [2400, 0.048421702086925505], [2500, 0.05072266515344381], [2600, 0.04714590411633253], [2700, 0.04663850240409374], [2800, 0.041799538545310495], [2900, 0.04150921359658241], [3000, 0.04295897401869297], [3100, 0.03931034432724118], [3200, 0.03799978418275714], [3300, 0.03600996658205986], [3400, 0.034333607796579596], [3500, 0.03353691041469574], [3600, 0.03361990822479129], [3700, 0.0321913026086986], [3800, 0.030546933878213167], [3900, 0.031784095279872415], [4000, 0.030349047016352416], [4100, 0.029464233312755824], [4200, 0.03152581378817558], [4300, 0.02709668770432472]]}, "ckpt_id": "origa__P5__s1000__r3", "ckpt_path": "", "ckpt_hash": "a620f5fad5fc6f1017200203818648a7e1112775e112559119ffc46fc597b33b", "config_hash": "bf4ec5f898291681fce09c32cda12c6918044a048969b35e9673716b3b129d33", "feature_cache_keys": {"task_unet": "task_unet_bottleneck@a620f5fad5fc"}, "sam_model_type": "", "sam_checkpoint": "", "metrics": {"primary_metric": "mean_dsc_fg_case_macro", "metric_version": "v3_case_macro", "eval_scope": "case_full_volume", "mean_dsc_fg_case_macro": 0.8043521923914464, "mean_dsc_fg": 0.8043521923914464, "mean_dsc_fg_pooled_diagnostic": 0.810010339785098, "dsc_per_class_pooled": [0.9990077531425153, 0.7899215278434338, 0.830099151726762], "dsc_per_class": [0.9990077531425153, 0.7899215278434338, 0.830099151726762], "n_cases": 65, "n_eval": 65, "structure_detection_rate": 1.0, "missed_structure_rate": 0.0}, "runtime_sec": {"train": 2252.2005248069763, "eval": 1.3949711322784424, "select": 15.188845872879028}, "gpu_mem_mb": 9446.438912, "gpu_name": "Tesla V100-PCIE-32GB", "gpu_total_mem_mb": 34072.559616, "foundation": {}, "notes": ""}
{"schema_version": "v3", "run_id": "origa__P5__s1000", "round": 4, "dataset": "origa", "modality": "fundus", "target": "optic_nerve_head", "dim": "2d", "query_unit": "image", "seed": 1000, "round_seed": 1004, "component_seeds": {"model_init_seed": 1635232385, "loader_seed": 570107477, "query_seed": 4277118228, "dropout_seed": 1981512765}, "total_rounds": 7, "budget_denominator": {"full_train_N": 520, "requested_pool_cap": 5000, "actual_AL_pool_N": 520, "budget_plan": [8, 11, 21, 37, 52, 78, 104], "fraction_of_AL_pool": 0.2, "fraction_of_full_train": 0.2}, "policy_id": "P5", "policy_name": "EntropyCoreSet", "method_version": "1.0", "is_ablation": false, "policy_config": {}, "cumulative_budget": 52, "incremental_query_count": 26, "labeled_count": 52, "labeled_ratio": 0.1, "selected_ids": ["304", "093", "149", "433", "527", "341", "524", "239", "600", "533", "097", "345", "494", "388", "391", "251", "337", "522", "306", "596", "153", "069", "121", "544", "523", "091"], "selected_scores": [0.000695071357768029, 0.0005657583242282271, 0.0006118426099419594, 0.0005919174291193485, 0.0006765655125491321, 0.0006401205901056528, 0.0006869627395644784, 0.0007053461740724742, 0.0006011761142872274, 0.0005757306353189051, 0.0006173309520818293, 0.0007007058593444526, 0.0006440684664994478, 0.0007687340257689357, 0.0011756931198760867, 0.0005853448528796434, 0.0006846556207165122, 0.0007826804649084806, 0.0006100382306613028, 0.000670693174470216, 0.000640935031697154, 0.0007172857876867056, 0.0007046996033750474, 0.0007521765655837953, 0.0005802977248094976, 0.0005804009269922972], "selected_pred_fg_ratio": [0.01624298095703125, 0.01718902587890625, 0.016387939453125, 0.019287109375, 0.01322174072265625, 0.018436431884765625, 0.01847076416015625, 0.020519256591796875, 0.015277862548828125, 0.018062591552734375, 0.02056884765625, 0.0166473388671875, 0.013751983642578125, 0.019916534423828125, 0.022769927978515625, 0.018413543701171875, 0.016571044921875, 0.016704559326171875, 0.019561767578125, 0.01734161376953125, 0.0186767578125, 0.0225372314453125, 0.019222259521484375, 0.0185394287109375, 0.016323089599609375, 0.016452789306640625], "selected_pred_class_dist": [[0.9837570190429688, 0.007373809814453125, 0.008869171142578125], [0.9828109741210938, 0.009143829345703125, 0.008045196533203125], [0.983612060546875, 0.008899688720703125, 0.007488250732421875], [0.980712890625, 0.0079345703125, 0.0113525390625], [0.9867782592773438, 0.00615692138671875, 0.0070648193359375], [0.9815635681152344, 0.012294769287109375, 0.00614166259765625], [0.9815292358398438, 0.008846282958984375, 0.009624481201171875], [0.9794807434082031, 0.012020111083984375, 0.0084991455078125], [0.9847221374511719, 0.00775146484375, 0.007526397705078125], [0.9819374084472656, 0.008434295654296875, 0.0096282958984375], [0.97943115234375, 0.008640289306640625, 0.011928558349609375], [0.9833526611328125, 0.007564544677734375, 0.009082794189453125], [0.9862480163574219, 0.00844573974609375, 0.005306243896484375], [0.9800834655761719, 0.01241302490234375, 0.007503509521484375], [0.9772300720214844, 0.012805938720703125, 0.0099639892578125], [0.9815864562988281, 0.010059356689453125, 0.00835418701171875], [0.983428955078125, 0.01081085205078125, 0.00576019287109375], [0.9832954406738281, 0.010471343994140625, 0.00623321533203125], [0.980438232421875, 0.008960723876953125, 0.010601043701171875], [0.9826583862304688, 0.006023406982421875, 0.011318206787109375], [0.9813232421875, 0.011501312255859375, 0.007175445556640625], [0.9774627685546875, 0.013736724853515625, 0.008800506591796875], [0.9807777404785156, 0.01230621337890625, 0.006916046142578125], [0.9814605712890625, 0.008792877197265625, 0.009746551513671875], [0.9836769104003906, 0.007358551025390625, 0.00896453857421875], [0.9835472106933594, 0.00829315185546875, 0.008159637451171875]], "candidate_count": 468, "candidate_scores_path": "/groups/echambe2/gmeng/MedAL-Agent/repo/code/runs/frozen_v5/candidate_scores/origa__P5__s1000__r4.json", "predictions_path": "", "initial_labeled_path": "/groups/echambe2/gmeng/MedAL-Agent/repo/code/runs/frozen_v5/init_sets/origa__s1000__n8.json", "initial_labeled_ids": [], "selection_diagnostics": {}, "training": {"num_iters": 1000, "batch_size": 12, "lr": 0.001, "image_size": 512, "aspect_preserve": true, "resolution_policy": "longside_pad32", "preproc_cache": {"pool": "hit", "val": "hit"}, "train_runtime_sec": 2095.5439331531525, "query_runtime_sec": 15.134836435317993, "iters": 4000, "stop_iter": 4000, "mean_loss": 0.1559450687477365, "last_loss": 0.036257848143577576, "stop_reason": "plateau", "hit_max_iters": false, "final_smooth_loss": 0.031322606038302184, "best_smooth_loss": 0.03609551656991243, "diverged": false, "loss_curve": [[1000, 0.18570690616965294], [1100, 0.16735172390937805], [1200, 0.1653089429438114], [1300, 0.14958581112325192], [1400, 0.14531548529863358], [1500, 0.13115683816373347], [1600, 0.11609894089400769], [1700, 0.11055255070328712], [1800, 0.10010647483170032], [1900, 0.08854473106563092], [2000, 0.08160140626132488], [2100, 0.0761270509660244], [2200, 0.07001645732671022], [2300, 0.06617239065468311], [2400, 0.06302669256925583], [2500, 0.058959934115409854], [2600, 0.05438031625002623], [2700, 0.0515366817638278], [2800, 0.04934781115502119], [2900, 0.04546982005238533], [3000, 0.043722414411604404], [3100, 0.04473202295601368], [3200, 0.04041317924857139], [3300, 0.039735697694122794], [3400, 0.03949990935623646], [3500, 0.03609551656991243], [3600, 0.03421589557081461], [3700, 0.03420416597276926], [3800, 0.03362684840336442], [3900, 0.03204078532755375], [4000, 0.031322606038302184]]}, "ckpt_id": "origa__P5__s1000__r4", "ckpt_path": "", "ckpt_hash": "a77a8fee8ab84536006b1d50a8607a62d513a1b0672631b50f6e6fc9885d470c", "config_hash": "bf4ec5f898291681fce09c32cda12c6918044a048969b35e9673716b3b129d33", "feature_cache_keys": {"task_unet": "task_unet_bottleneck@a77a8fee8ab8"}, "sam_model_type": "", "sam_checkpoint": "", "metrics": {"primary_metric": "mean_dsc_fg_case_macro", "metric_version": "v3_case_macro", "eval_scope": "case_full_volume", "mean_dsc_fg_case_macro": 0.8069744465254456, "mean_dsc_fg": 0.8069744465254456, "mean_dsc_fg_pooled_diagnostic": 0.8140082663959325, "dsc_per_class_pooled": [0.9991472050762822, 0.7958212830538278, 0.832195249738037], "dsc_per_class": [0.9991472050762822, 0.7958212830538278, 0.832195249738037], "n_cases": 65, "n_eval": 65, "structure_detection_rate": 1.0, "missed_structure_rate": 0.0}, "runtime_sec": {"train": 2095.5439331531525, "eval": 1.3740019798278809, "select": 15.134836435317993}, "gpu_mem_mb": 9445.65248, "gpu_name": "Tesla V100-PCIE-32GB", "gpu_total_mem_mb": 34072.559616, "foundation": {}, "notes": ""}
{"schema_version": "v3", "run_id": "origa__P5__s1000", "round": 5, "dataset": "origa", "modality": "fundus", "target": "optic_nerve_head", "dim": "2d", "query_unit": "image", "seed": 1000, "round_seed": 1005, "component_seeds": {"model_init_seed": 832088726, "loader_seed": 2738773402, "query_seed": 4045062187, "dropout_seed": 3538979454}, "total_rounds": 7, "budget_denominator": {"full_train_N": 520, "requested_pool_cap": 5000, "actual_AL_pool_N": 520, "budget_plan": [8, 11, 21, 37, 52, 78, 104], "fraction_of_AL_pool": 0.2, "fraction_of_full_train": 0.2}, "policy_id": "P5", "policy_name": "EntropyCoreSet", "method_version": "1.0", "is_ablation": false, "policy_config": {}, "cumulative_budget": 78, "incremental_query_count": 26, "labeled_count": 78, "labeled_ratio": 0.15, "selected_ids": ["084", "162", "404", "378", "131", "375", "521", "213", "165", "340", "432", "454", "393", "377", "018", "595", "036", "418", "630", "515", "172", "299", "103", "486", "501", "443"], "selected_scores": [0.0007318974239751697, 0.0005031552282162011, 0.0005084371077828109, 0.0004489386628847569, 0.0004531154118012637, 0.0005065064178779721, 0.0004772488318849355, 0.0004488524573389441, 0.0004511272127274424, 0.0009510189993306994, 0.0004898787010461092, 0.0004572824400383979, 0.0005285620572976768, 0.0005049637402407825, 0.00045568353380076587, 0.0004475451714824885, 0.0004578659136313945, 0.00046224065590649843, 0.0005119508714415133, 0.0004718362761195749, 0.0005330707062967122, 0.00047982664545997977, 0.0004930129507556558, 0.0004954306059516966, 0.00044612749479711056, 0.00044432986760511994], "selected_pred_fg_ratio": [0.0107421875, 0.017364501953125, 0.012050628662109375, 0.01641082763671875, 0.01819610595703125, 0.024662017822265625, 0.020259857177734375, 0.014980316162109375, 0.017169952392578125, 0.0116119384765625, 0.01953125, 0.017192840576171875, 0.017818450927734375, 0.01519775390625, 0.01519775390625, 0.017536163330078125, 0.01953125, 0.01721954345703125, 0.01674652099609375, 0.01885986328125, 0.016345977783203125, 0.0164031982421875, 0.02256011962890625, 0.0164947509765625, 0.018627166748046875, 0.015689849853515625], "selected_pred_class_dist": [[0.9892578125, 0.007518768310546875, 0.003223419189453125], [0.982635498046875, 0.0105133056640625, 0.0068511962890625], [0.9879493713378906, 0.0082855224609375, 0.003765106201171875], [0.9835891723632812, 0.008930206298828125, 0.007480621337890625], [0.9818038940429688, 0.0101470947265625, 0.00804901123046875], [0.9753379821777344, 0.011810302734375, 0.012851715087890625], [0.9797401428222656, 0.0138702392578125, 0.006389617919921875], [0.9850196838378906, 0.007518768310546875, 0.0074615478515625], [0.9828300476074219, 0.009159088134765625, 0.0080108642578125], [0.9883880615234375, 0.0065765380859375, 0.005035400390625], [0.98046875, 0.0094757080078125, 0.0100555419921875], [0.9828071594238281, 0.009258270263671875, 0.0079345703125], [0.9821815490722656, 0.00811767578125, 0.009700775146484375], [0.98480224609375, 0.010997772216796875, 0.004199981689453125], [0.98480224609375, 0.0081024169921875, 0.0070953369140625], [0.9824638366699219, 0.00920867919921875, 0.008327484130859375], [0.98046875, 0.010875701904296875, 0.008655548095703125], [0.9827804565429688, 0.00917816162109375, 0.0080413818359375], [0.9832534790039062, 0.00994873046875, 0.00679779052734375], [0.98114013671875, 0.01032257080078125, 0.00853729248046875], [0.9836540222167969, 0.010623931884765625, 0.0057220458984375], [0.9835968017578125, 0.008518218994140625, 0.007884979248046875], [0.9774398803710938, 0.013668060302734375, 0.008892059326171875], [0.9835052490234375, 0.009105682373046875, 0.007389068603515625], [0.9813728332519531, 0.0109100341796875, 0.007717132568359375], [0.9843101501464844, 0.008617401123046875, 0.00707244873046875]], "candidate_count": 442, "candidate_scores_path": "/groups/echambe2/gmeng/MedAL-Agent/repo/code/runs/frozen_v5/candidate_scores/origa__P5__s1000__r5.json", "predictions_path": "", "initial_labeled_path": "/groups/echambe2/gmeng/MedAL-Agent/repo/code/runs/frozen_v5/init_sets/origa__s1000__n8.json", "initial_labeled_ids": [], "selection_diagnostics": {}, "training": {"num_iters": 1000, "batch_size": 12, "lr": 0.001, "image_size": 512, "aspect_preserve": true, "resolution_policy": "longside_pad32", "preproc_cache": {"pool": "hit", "val": "hit"}, "train_runtime_sec": 2146.4091815948486, "query_runtime_sec": 14.33475637435913, "iters": 4100, "stop_iter": 4100, "mean_loss": 0.16028962812363737, "last_loss": 0.029187824577093124, "stop_reason": "plateau", "hit_max_iters": false, "final_smooth_loss": 0.0327481816150248, "best_smooth_loss": 0.035444230623543266, "diverged": false, "loss_curve": [[1000, 0.19018381029367448], [1100, 0.16833304673433303], [1200, 0.16112980611622332], [1300, 0.1423249901086092], [1400, 0.13945165932178497], [1500, 0.12588787607848645], [1600, 0.10851969614624978], [1700, 0.10473449669778347], [1800, 0.09117563307285309], [1900, 0.0864319221675396], [2000, 0.0775994148105383], [2100, 0.07555435255169868], [2200, 0.06740313719958067], [2300, 0.06469942688941956], [2400, 0.05979275956749916], [2500, 0.05588350560516119], [2600, 0.054661729373037815], [2700, 0.05127182476222515], [2800, 0.049686252400279046], [2900, 0.04817132201045751], [3000, 0.04706334453076124], [3100, 0.04592949613928795], [3200, 0.04134378351271153], [3300, 0.03806791976094246], [3400, 0.040008049942553046], [3500, 0.03834082242101431], [3600, 0.035444230623543266], [3700, 0.03429227098822594], [3800, 0.034542931597679856], [3900, 0.03393346095457673], [4000, 0.03375926773995161], [4100, 0.0327481816150248]]}, "ckpt_id": "origa__P5__s1000__r5", "ckpt_path": "", "ckpt_hash": "35d0daaff1899bef83d85bba877f14ac3d04c19f14668fb6adc2a2454c998d38", "config_hash": "bf4ec5f898291681fce09c32cda12c6918044a048969b35e9673716b3b129d33", "feature_cache_keys": {"task_unet": "task_unet_bottleneck@35d0daaff189"}, "sam_model_type": "", "sam_checkpoint": "", "metrics": {"primary_metric": "mean_dsc_fg_case_macro", "metric_version": "v3_case_macro", "eval_scope": "case_full_volume", "mean_dsc_fg_case_macro": 0.8189199482219798, "mean_dsc_fg": 0.8189199482219798, "mean_dsc_fg_pooled_diagnostic": 0.8229142202767086, "dsc_per_class_pooled": [0.9990766253025073, 0.8052081548740792, 0.8406202856793379], "dsc_per_class": [0.9990766253025073, 0.8052081548740792, 0.8406202856793379], "n_cases": 65, "n_eval": 65, "structure_detection_rate": 1.0, "missed_structure_rate": 0.0}, "runtime_sec": {"train": 2146.4091815948486, "eval": 1.3897173404693604, "select": 14.33475637435913}, "gpu_mem_mb": 9448.486912, "gpu_name": "Tesla V100-PCIE-32GB", "gpu_total_mem_mb": 34072.559616, "foundation": {}, "notes": ""}
{"schema_version": "v3", "run_id": "origa__P5__s1000", "round": 6, "dataset": "origa", "modality": "fundus", "target": "optic_nerve_head", "dim": "2d", "query_unit": "image", "seed": 1000, "round_seed": 1006, "component_seeds": {"model_init_seed": 1357972451, "loader_seed": 595547349, "query_seed": 1582134936, "dropout_seed": 3300755214}, "total_rounds": 7, "budget_denominator": {"full_train_N": 520, "requested_pool_cap": 5000, "actual_AL_pool_N": 520, "budget_plan": [8, 11, 21, 37, 52, 78, 104], "fraction_of_AL_pool": 0.2, "fraction_of_full_train": 0.2}, "policy_id": "P5", "policy_name": "EntropyCoreSet", "method_version": "1.0", "is_ablation": false, "policy_config": {}, "cumulative_budget": 104, "incremental_query_count": 0, "labeled_count": 104, "labeled_ratio": 0.2, "selected_ids": [], "selected_scores": [], "selected_pred_fg_ratio": [], "selected_pred_class_dist": [], "candidate_count": 0, "candidate_scores_path": "", "predictions_path": "/groups/echambe2/gmeng/MedAL-Agent/repo/code/runs/frozen_v5/predictions/origa__P5__s1000__r6.npz", "initial_labeled_path": "/groups/echambe2/gmeng/MedAL-Agent/repo/code/runs/frozen_v5/init_sets/origa__s1000__n8.json", "initial_labeled_ids": [], "selection_diagnostics": {}, "training": {"num_iters": 1000, "batch_size": 12, "lr": 0.001, "image_size": 512, "aspect_preserve": true, "resolution_policy": "longside_pad32", "preproc_cache": {"pool": "hit", "val": "hit"}, "train_runtime_sec": 2515.4661087989807, "query_runtime_sec": 0.0, "iters": 4800, "stop_iter": 4800, "mean_loss": 0.1770959120996607, "last_loss": 0.04595367982983589, "stop_reason": "plateau", "hit_max_iters": false, "final_smooth_loss": 0.0445753513276577, "best_smooth_loss": 0.04842388164252043, "diverged": false, "loss_curve": [[1000, 0.22626962170004844], [1100, 0.2322249734401703], [1200, 0.23829061895608902], [1300, 0.20922551795840263], [1400, 0.20666082262992858], [1500, 0.20815772622823714], [1600, 0.1985258001089096], [1700, 0.1867280913889408], [1800, 0.1864046932756901], [1900, 0.18606377951800823], [2000, 0.1748946824669838], [2100, 0.1680262790620327], [2200, 0.1576708535850048], [2300, 0.15395419962704182], [2400, 0.14263681761920452], [2500, 0.13034506611526012], [2600, 0.1201280726492405], [2700, 0.1132726813852787], [2800, 0.10647537596523762], [2900, 0.10135511986911297], [3000, 0.09402282014489174], [3100, 0.08778555072844028], [3200, 0.08352253943681717], [3300, 0.07562308385968208], [3400, 0.07313811980187893], [3500, 0.06713373146951199], [3600, 0.06497566677629947], [3700, 0.06121918596327305], [3800, 0.06148131024092436], [3900, 0.05885728299617767], [4000, 0.054475261680781845], [4100, 0.05354503527283669], [4200, 0.052456441447138784], [4300, 0.04842388164252043], [4400, 0.04843455482274294], [4500, 0.04663680177181959], [4600, 0.04524806458503008], [4700, 0.04494452308863402], [4800, 0.0445753513276577]]}, "ckpt_id": "origa__P5__s1000__r6", "ckpt_path": "", "ckpt_hash": "ff1bab5743ac7a50b12cd3603d1c044c94822ac5fd014c2ae884dccaa4bf245b", "config_hash": "bf4ec5f898291681fce09c32cda12c6918044a048969b35e9673716b3b129d33", "feature_cache_keys": {}, "sam_model_type": "", "sam_checkpoint": "", "metrics": {"primary_metric": "mean_dsc_fg_case_macro", "metric_version": "v3_case_macro", "eval_scope": "case_full_volume", "mean_dsc_fg_case_macro": 0.8339434566446541, "mean_dsc_fg": 0.8339434566446541, "mean_dsc_fg_pooled_diagnostic": 0.8385037251106979, "dsc_per_class_pooled": [0.9992000966744993, 0.8280426988075634, 0.8489647514138323], "dsc_per_class": [0.9992000966744993, 0.8280426988075634, 0.8489647514138323], "n_cases": 65, "n_eval": 65, "structure_detection_rate": 1.0, "missed_structure_rate": 0.0}, "runtime_sec": {"train": 2515.4661087989807, "eval": 1.4100565910339355, "select": 0.0}, "gpu_mem_mb": 9446.651904, "gpu_name": "Tesla V100-PCIE-32GB", "gpu_total_mem_mb": 34072.559616, "foundation": {}, "notes": ""}
