{"schema_version": "v3", "run_id": "origa__P1__s1000", "round": 0, "dataset": "origa", "modality": "fundus", "target": "optic_nerve_head", "dim": "2d", "query_unit": "image", "seed": 1000, "round_seed": 1000, "component_seeds": {"model_init_seed": 2989689681, "loader_seed": 4191542321, "query_seed": 2529548519, "dropout_seed": 3619692248}, "total_rounds": 7, "budget_denominator": {"full_train_N": 520, "requested_pool_cap": 5000, "actual_AL_pool_N": 520, "budget_plan": [8, 11, 21, 37, 52, 78, 104], "fraction_of_AL_pool": 0.2, "fraction_of_full_train": 0.2}, "policy_id": "P1", "policy_name": "EntropyFull", "method_version": "1.0", "is_ablation": false, "policy_config": {}, "cumulative_budget": 8, "incremental_query_count": 3, "labeled_count": 8, "labeled_ratio": 0.015384615384615385, "selected_ids": ["176", "377", "084"], "selected_scores": [0.01615513674914837, 0.014145894907414913, 0.012371002696454525], "selected_pred_fg_ratio": [0.05176544189453125, 0.04671478271484375, 0.049396514892578125], "selected_pred_class_dist": [[0.9482345581054688, 0.0206451416015625, 0.03112030029296875], [0.9532852172851562, 0.01792144775390625, 0.0287933349609375], [0.9506034851074219, 0.014129638671875, 0.035266876220703125]], "candidate_count": 512, "candidate_scores_path": "/groups/echambe2/gmeng/MedAL-Agent/repo/code/runs/frozen_v5/candidate_scores/origa__P1__s1000__r0.json", "predictions_path": "", "initial_labeled_path": "/groups/echambe2/gmeng/MedAL-Agent/repo/code/runs/frozen_v5/init_sets/origa__s1000__n8.json", "initial_labeled_ids": ["229", "339", "372", "470", "471", "526", "546", "603"], "selection_diagnostics": {}, "training": {"num_iters": 1000, "batch_size": 12, "lr": 0.001, "image_size": 512, "aspect_preserve": true, "resolution_policy": "longside_pad32", "preproc_cache": {"pool": "hit", "val": "hit"}, "train_runtime_sec": 884.8791205883026, "query_runtime_sec": 12.577064275741577, "iters": 2400, "stop_iter": 2400, "mean_loss": 0.13857552516739816, "last_loss": 0.023816337808966637, "stop_reason": "plateau", "hit_max_iters": false, "final_smooth_loss": 0.020880720289424063, "best_smooth_loss": 0.024745683092623948, "diverged": false, "loss_curve": [[1000, 0.048876118771731855], [1100, 0.04678049266338349], [1200, 0.03976756263524294], [1300, 0.03780973447486758], [1400, 0.03760305162519217], [1500, 0.030389981772750617], [1600, 0.03053124712780118], [1700, 0.02779022393748164], [1800, 0.028063158504664898], [1900, 0.024745683092623948], [2000, 0.024449147954583167], [2100, 0.022405842151492834], [2200, 0.021441528238356114], [2300, 0.0201270445343107], [2400, 0.020880720289424063]]}, "ckpt_id": "origa__P1__s1000__r0", "ckpt_path": "", "ckpt_hash": "50e4726e7b2677fda3798994d38a801c40de548afad72f555be0adaf5407d648", "config_hash": "bf4ec5f898291681fce09c32cda12c6918044a048969b35e9673716b3b129d33", "feature_cache_keys": {}, "sam_model_type": "", "sam_checkpoint": "", "metrics": {"primary_metric": "mean_dsc_fg_case_macro", "metric_version": "v3_case_macro", "eval_scope": "case_full_volume", "mean_dsc_fg_case_macro": 0.750602489144935, "mean_dsc_fg": 0.750602489144935, "mean_dsc_fg_pooled_diagnostic": 0.7519803648456236, "dsc_per_class_pooled": [0.9985943299621093, 0.7171953600063146, 0.7867653696849327], "dsc_per_class": [0.9985943299621093, 0.7171953600063146, 0.7867653696849327], "n_cases": 65, "n_eval": 65, "structure_detection_rate": 1.0, "missed_structure_rate": 0.0}, "runtime_sec": {"train": 884.8791205883026, "eval": 1.4572112560272217, "select": 12.577064275741577}, "gpu_mem_mb": 8107.887616, "gpu_name": "Tesla V100-PCIE-32GB", "gpu_total_mem_mb": 34072.559616, "foundation": {}, "notes": ""}
{"schema_version": "v3", "run_id": "origa__P1__s1000", "round": 1, "dataset": "origa", "modality": "fundus", "target": "optic_nerve_head", "dim": "2d", "query_unit": "image", "seed": 1000, "round_seed": 1001, "component_seeds": {"model_init_seed": 1028625171, "loader_seed": 316625031, "query_seed": 253434028, "dropout_seed": 3317428529}, "total_rounds": 7, "budget_denominator": {"full_train_N": 520, "requested_pool_cap": 5000, "actual_AL_pool_N": 520, "budget_plan": [8, 11, 21, 37, 52, 78, 104], "fraction_of_AL_pool": 0.2, "fraction_of_full_train": 0.2}, "policy_id": "P1", "policy_name": "EntropyFull", "method_version": "1.0", "is_ablation": false, "policy_config": {}, "cumulative_budget": 11, "incremental_query_count": 10, "labeled_count": 11, "labeled_ratio": 0.021153846153846155, "selected_ids": ["355", "582", "203", "147", "232", "589", "333", "200", "284", "202"], "selected_scores": [0.0036028248723596334, 0.002656088676303625, 0.002035648562014103, 0.0019503840012475848, 0.0017611745279282331, 0.0016830269014462829, 0.0015588811365887523, 0.001521558966487646, 0.0014173126546666026, 0.0014046174474060535], "selected_pred_fg_ratio": [0.028606414794921875, 0.015899658203125, 0.02392578125, 0.018894195556640625, 0.016445159912109375, 0.020122528076171875, 0.018978118896484375, 0.020160675048828125, 0.022548675537109375, 0.02298736572265625], "selected_pred_class_dist": [[0.9713935852050781, 0.015193939208984375, 0.0134124755859375], [0.984100341796875, 0.009540557861328125, 0.006359100341796875], [0.97607421875, 0.013195037841796875, 0.010730743408203125], [0.9811058044433594, 0.01213836669921875, 0.006755828857421875], [0.9835548400878906, 0.00832366943359375, 0.008121490478515625], [0.9798774719238281, 0.0094146728515625, 0.010707855224609375], [0.9810218811035156, 0.00902557373046875, 0.009952545166015625], [0.9798393249511719, 0.009510040283203125, 0.010650634765625], [0.9774513244628906, 0.01129913330078125, 0.011249542236328125], [0.9770126342773438, 0.013568878173828125, 0.009418487548828125]], "candidate_count": 509, "candidate_scores_path": "/groups/echambe2/gmeng/MedAL-Agent/repo/code/runs/frozen_v5/candidate_scores/origa__P1__s1000__r1.json", "predictions_path": "", "initial_labeled_path": "/groups/echambe2/gmeng/MedAL-Agent/repo/code/runs/frozen_v5/init_sets/origa__s1000__n8.json", "initial_labeled_ids": [], "selection_diagnostics": {}, "training": {"num_iters": 1000, "batch_size": 12, "lr": 0.001, "image_size": 512, "aspect_preserve": true, "resolution_policy": "longside_pad32", "preproc_cache": {"pool": "hit", "val": "hit"}, "train_runtime_sec": 1306.913301229477, "query_runtime_sec": 12.683823108673096, "iters": 2800, "stop_iter": 2800, "mean_loss": 0.11650422914485846, "last_loss": 0.02042965590953827, "stop_reason": "plateau", "hit_max_iters": false, "final_smooth_loss": 0.023076884001493454, "best_smooth_loss": 0.027575196120887994, "diverged": false, "loss_curve": [[1000, 0.05794581573456526], [1100, 0.05283542845398188], [1200, 0.05012723259627819], [1300, 0.046073463633656504], [1400, 0.044223036468029026], [1500, 0.04116448953747749], [1600, 0.038333242479711774], [1700, 0.037983442284166814], [1800, 0.0328986712731421], [1900, 0.03326306583359837], [2000, 0.03222502868622541], [2100, 0.032750107645988465], [2200, 0.028451325669884682], [2300, 0.027575196120887994], [2400, 0.025256217680871485], [2500, 0.025303067993372678], [2600, 0.02512236451730132], [2700, 0.023665762096643447], [2800, 0.023076884001493454]]}, "ckpt_id": "origa__P1__s1000__r1", "ckpt_path": "", "ckpt_hash": "e01d12fd549a3b7584d6b033efe00093dc4867d07b7f4fcecbc206162c00bf62", "config_hash": "bf4ec5f898291681fce09c32cda12c6918044a048969b35e9673716b3b129d33", "feature_cache_keys": {}, "sam_model_type": "", "sam_checkpoint": "", "metrics": {"primary_metric": "mean_dsc_fg_case_macro", "metric_version": "v3_case_macro", "eval_scope": "case_full_volume", "mean_dsc_fg_case_macro": 0.7825257032062334, "mean_dsc_fg": 0.7825257032062334, "mean_dsc_fg_pooled_diagnostic": 0.7860198069541104, "dsc_per_class_pooled": [0.9989079856346867, 0.7616081868666978, 0.810431427041523], "dsc_per_class": [0.9989079856346867, 0.7616081868666978, 0.810431427041523], "n_cases": 65, "n_eval": 65, "structure_detection_rate": 1.0, "missed_structure_rate": 0.0}, "runtime_sec": {"train": 1306.913301229477, "eval": 1.439507246017456, "select": 12.683823108673096}, "gpu_mem_mb": 8663.578624, "gpu_name": "Tesla V100-PCIE-32GB", "gpu_total_mem_mb": 34072.559616, "foundation": {}, "notes": ""}
{"schema_version": "v3", "run_id": "origa__P1__s1000", "round": 2, "dataset": "origa", "modality": "fundus", "target": "optic_nerve_head", "dim": "2d", "query_unit": "image", "seed": 1000, "round_seed": 1002, "component_seeds": {"model_init_seed": 265999627, "loader_seed": 1465654863, "query_seed": 2544461518, "dropout_seed": 3552612840}, "total_rounds": 7, "budget_denominator": {"full_train_N": 520, "requested_pool_cap": 5000, "actual_AL_pool_N": 520, "budget_plan": [8, 11, 21, 37, 52, 78, 104], "fraction_of_AL_pool": 0.2, "fraction_of_full_train": 0.2}, "policy_id": "P1", "policy_name": "EntropyFull", "method_version": "1.0", "is_ablation": false, "policy_config": {}, "cumulative_budget": 21, "incremental_query_count": 16, "labeled_count": 21, "labeled_ratio": 0.04038461538461539, "selected_ids": ["121", "510", "301", "405", "283", "167", "515", "183", "483", "025", "404", "003", "327", "340", "324", "349"], "selected_scores": [0.0016693869838491082, 0.0016199389938265085, 0.0016165123088285327, 0.001464424654841423, 0.0013136838097125292, 0.0012508677318692207, 0.0012164178770035505, 0.001198868383653462, 0.0011987595353275537, 0.001181144965812564, 0.0011755020823329687, 0.0011652419343590736, 0.0011245171772316098, 0.0011010412126779556, 0.001089124009013176, 0.0010686474852263927], "selected_pred_fg_ratio": [0.024616241455078125, 0.017303466796875, 0.014190673828125, 0.01326751708984375, 0.01885986328125, 0.02227020263671875, 0.018680572509765625, 0.01366424560546875, 0.019817352294921875, 0.019207000732421875, 0.013500213623046875, 0.0205078125, 0.017024993896484375, 0.0148773193359375, 0.022380828857421875, 0.023448944091796875], "selected_pred_class_dist": [[0.9753837585449219, 0.01929473876953125, 0.005321502685546875], [0.982696533203125, 0.00719451904296875, 0.01010894775390625], [0.985809326171875, 0.010707855224609375, 0.003482818603515625], [0.9867324829101562, 0.00644683837890625, 0.0068206787109375], [0.98114013671875, 0.010223388671875, 0.008636474609375], [0.9777297973632812, 0.013759613037109375, 0.008510589599609375], [0.9813194274902344, 0.0133819580078125, 0.005298614501953125], [0.9863357543945312, 0.008426666259765625, 0.005237579345703125], [0.9801826477050781, 0.012325286865234375, 0.0074920654296875], [0.9807929992675781, 0.01483917236328125, 0.004367828369140625], [0.9864997863769531, 0.0107574462890625, 0.002742767333984375], [0.9794921875, 0.013957977294921875, 0.006549835205078125], [0.9829750061035156, 0.007213592529296875, 0.0098114013671875], [0.9851226806640625, 0.008697509765625, 0.0061798095703125], [0.9776191711425781, 0.01706695556640625, 0.005313873291015625], [0.9765510559082031, 0.015720367431640625, 0.00772857666015625]], "candidate_count": 499, "candidate_scores_path": "/groups/echambe2/gmeng/MedAL-Agent/repo/code/runs/frozen_v5/candidate_scores/origa__P1__s1000__r2.json", "predictions_path": "", "initial_labeled_path": "/groups/echambe2/gmeng/MedAL-Agent/repo/code/runs/frozen_v5/init_sets/origa__s1000__n8.json", "initial_labeled_ids": [], "selection_diagnostics": {}, "training": {"num_iters": 1000, "batch_size": 12, "lr": 0.001, "image_size": 512, "aspect_preserve": true, "resolution_policy": "longside_pad32", "preproc_cache": {"pool": "hit", "val": "hit"}, "train_runtime_sec": 1393.8769941329956, "query_runtime_sec": 11.836874961853027, "iters": 2800, "stop_iter": 2800, "mean_loss": 0.13911212886916474, "last_loss": 0.015009318478405476, "stop_reason": "plateau", "hit_max_iters": false, "final_smooth_loss": 0.016792820869013667, "best_smooth_loss": 0.02054170997813344, "diverged": false, "loss_curve": [[1000, 0.06119347088038921], [1100, 0.055940278880298136], [1200, 0.04657632738351822], [1300, 0.04142803404480219], [1400, 0.03654814686626196], [1500, 0.033693852201104164], [1600, 0.0314498308300972], [1700, 0.030214413944631816], [1800, 0.02928015321493149], [1900, 0.026426794826984405], [2000, 0.02507962891831994], [2100, 0.02447092639282346], [2200, 0.02224928142502904], [2300, 0.02054170997813344], [2400, 0.02139995263889432], [2500, 0.01899502448737621], [2600, 0.019046866055577993], [2700, 0.01969663569703698], [2800, 0.016792820869013667]]}, "ckpt_id": "origa__P1__s1000__r2", "ckpt_path": "", "ckpt_hash": "51f89e843bf4ca91edc6254b2cb6b9add2b92bb0aa1d9fdbb4454922b7fe2cf6", "config_hash": "bf4ec5f898291681fce09c32cda12c6918044a048969b35e9673716b3b129d33", "feature_cache_keys": {}, "sam_model_type": "", "sam_checkpoint": "", "metrics": {"primary_metric": "mean_dsc_fg_case_macro", "metric_version": "v3_case_macro", "eval_scope": "case_full_volume", "mean_dsc_fg_case_macro": 0.7589302289887357, "mean_dsc_fg": 0.7589302289887357, "mean_dsc_fg_pooled_diagnostic": 0.7636501929088113, "dsc_per_class_pooled": [0.9989482965198341, 0.7621680581583573, 0.7651323276592653], "dsc_per_class": [0.9989482965198341, 0.7621680581583573, 0.7651323276592653], "n_cases": 65, "n_eval": 65, "structure_detection_rate": 1.0, "missed_structure_rate": 0.0}, "runtime_sec": {"train": 1393.8769941329956, "eval": 1.3619353771209717, "select": 11.836874961853027}, "gpu_mem_mb": 9445.128192, "gpu_name": "Tesla V100-PCIE-32GB", "gpu_total_mem_mb": 34072.559616, "foundation": {}, "notes": ""}
{"schema_version": "v3", "run_id": "origa__P1__s1000", "round": 3, "dataset": "origa", "modality": "fundus", "target": "optic_nerve_head", "dim": "2d", "query_unit": "image", "seed": 1000, "round_seed": 1003, "component_seeds": {"model_init_seed": 3831074496, "loader_seed": 3670334330, "query_seed": 47901082, "dropout_seed": 2333647153}, "total_rounds": 7, "budget_denominator": {"full_train_N": 520, "requested_pool_cap": 5000, "actual_AL_pool_N": 520, "budget_plan": [8, 11, 21, 37, 52, 78, 104], "fraction_of_AL_pool": 0.2, "fraction_of_full_train": 0.2}, "policy_id": "P1", "policy_name": "EntropyFull", "method_version": "1.0", "is_ablation": false, "policy_config": {}, "cumulative_budget": 37, "incremental_query_count": 15, "labeled_count": 37, "labeled_ratio": 0.07115384615384615, "selected_ids": ["241", "069", "181", "505", "508", "224", "375", "363", "057", "588", "233", "509", "614", "006", "206"], "selected_scores": [0.0008154080132953823, 0.0008036247454583645, 0.0007866403320804238, 0.0007728089112788439, 0.0007481482462026179, 0.0007448996766470373, 0.0006922378670424223, 0.0006781905540265143, 0.0006779520190320909, 0.0006702167447656393, 0.0006656948826275766, 0.0006555550498887897, 0.0006547036464326084, 0.0006397607503458858, 0.0006371954805217683], "selected_pred_fg_ratio": [0.020534515380859375, 0.021961212158203125, 0.016143798828125, 0.01399993896484375, 0.013332366943359375, 0.01889801025390625, 0.023525238037109375, 0.016391754150390625, 0.02046966552734375, 0.018962860107421875, 0.018283843994140625, 0.013751983642578125, 0.019367218017578125, 0.01739501953125, 0.02089691162109375], "selected_pred_class_dist": [[0.9794654846191406, 0.01358795166015625, 0.006946563720703125], [0.9780387878417969, 0.015636444091796875, 0.00632476806640625], [0.983856201171875, 0.0039825439453125, 0.0121612548828125], [0.9860000610351562, 0.00878143310546875, 0.005218505859375], [0.9866676330566406, 0.006053924560546875, 0.0072784423828125], [0.9811019897460938, 0.014862060546875, 0.00403594970703125], [0.9764747619628906, 0.01456451416015625, 0.008960723876953125], [0.9836082458496094, 0.0086822509765625, 0.007709503173828125], [0.9795303344726562, 0.01325225830078125, 0.0072174072265625], [0.9810371398925781, 0.0121307373046875, 0.006832122802734375], [0.9817161560058594, 0.0067901611328125, 0.011493682861328125], [0.9862480163574219, 0.010059356689453125, 0.003692626953125], [0.9806327819824219, 0.011383056640625, 0.007984161376953125], [0.98260498046875, 0.010608673095703125, 0.006786346435546875], [0.9791030883789062, 0.011066436767578125, 0.009830474853515625]], "candidate_count": 483, "candidate_scores_path": "/groups/echambe2/gmeng/MedAL-Agent/repo/code/runs/frozen_v5/candidate_scores/origa__P1__s1000__r3.json", "predictions_path": "", "initial_labeled_path": "/groups/echambe2/gmeng/MedAL-Agent/repo/code/runs/frozen_v5/init_sets/origa__s1000__n8.json", "initial_labeled_ids": [], "selection_diagnostics": {}, "training": {"num_iters": 1000, "batch_size": 12, "lr": 0.001, "image_size": 512, "aspect_preserve": true, "resolution_policy": "longside_pad32", "preproc_cache": {"pool": "hit", "val": "hit"}, "train_runtime_sec": 2098.8815262317657, "query_runtime_sec": 12.006282567977905, "iters": 4200, "stop_iter": 4200, "mean_loss": 0.13652058106004483, "last_loss": 0.02632804401218891, "stop_reason": "plateau", "hit_max_iters": false, "final_smooth_loss": 0.027032766304910184, "best_smooth_loss": 0.03043367147445679, "diverged": false, "loss_curve": [[1000, 0.1608465826511383], [1100, 0.13804780662059785], [1200, 0.1268799802660942], [1300, 0.11477416895329952], [1400, 0.09760768547654151], [1500, 0.09474723190069198], [1600, 0.0849766781926155], [1700, 0.07565312340855598], [1800, 0.07216603118926286], [1900, 0.07097323670983315], [2000, 0.06660855859518051], [2100, 0.06136398047208786], [2200, 0.06316577922552824], [2300, 0.05351728186011315], [2400, 0.05141097526997328], [2500, 0.049587909020483496], [2600, 0.047433768659830094], [2700, 0.04476179208606482], [2800, 0.04443454820662737], [2900, 0.04201005455106497], [3000, 0.03987141700461507], [3100, 0.03783771846443415], [3200, 0.036332177966833114], [3300, 0.035466102305799725], [3400, 0.035791970063000916], [3500, 0.03297593146562576], [3600, 0.03193734562024474], [3700, 0.03043367147445679], [3800, 0.030716377031058072], [3900, 0.02865486912429333], [4000, 0.027833232842385768], [4100, 0.027205917183309794], [4200, 0.027032766304910184]]}, "ckpt_id": "origa__P1__s1000__r3", "ckpt_path": "", "ckpt_hash": "cfb7c85a02141cf31752b21203ff2ab83cd5c4a5e5cf5f624c56c2d86b4cb45c", "config_hash": "bf4ec5f898291681fce09c32cda12c6918044a048969b35e9673716b3b129d33", "feature_cache_keys": {}, "sam_model_type": "", "sam_checkpoint": "", "metrics": {"primary_metric": "mean_dsc_fg_case_macro", "metric_version": "v3_case_macro", "eval_scope": "case_full_volume", "mean_dsc_fg_case_macro": 0.8076265734869427, "mean_dsc_fg": 0.8076265734869427, "mean_dsc_fg_pooled_diagnostic": 0.8132227361158173, "dsc_per_class_pooled": [0.9990622997296027, 0.7951624099384829, 0.8312830622931516], "dsc_per_class": [0.9990622997296027, 0.7951624099384829, 0.8312830622931516], "n_cases": 65, "n_eval": 65, "structure_detection_rate": 1.0, "missed_structure_rate": 0.0}, "runtime_sec": {"train": 2098.8815262317657, "eval": 1.4597299098968506, "select": 12.006282567977905}, "gpu_mem_mb": 9446.438912, "gpu_name": "Tesla V100-PCIE-32GB", "gpu_total_mem_mb": 34072.559616, "foundation": {}, "notes": ""}
{"schema_version": "v3", "run_id": "origa__P1__s1000", "round": 4, "dataset": "origa", "modality": "fundus", "target": "optic_nerve_head", "dim": "2d", "query_unit": "image", "seed": 1000, "round_seed": 1004, "component_seeds": {"model_init_seed": 1635232385, "loader_seed": 570107477, "query_seed": 4277118228, "dropout_seed": 1981512765}, "total_rounds": 7, "budget_denominator": {"full_train_N": 520, "requested_pool_cap": 5000, "actual_AL_pool_N": 520, "budget_plan": [8, 11, 21, 37, 52, 78, 104], "fraction_of_AL_pool": 0.2, "fraction_of_full_train": 0.2}, "policy_id": "P1", "policy_name": "EntropyFull", "method_version": "1.0", "is_ablation": false, "policy_config": {}, "cumulative_budget": 52, "incremental_query_count": 26, "labeled_count": 52, "labeled_ratio": 0.1, "selected_ids": ["634", "391", "139", "511", "348", "031", "116", "388", "306", "443", "525", "389", "220", "227", "242", "239", "259", "481", "364", "161", "521", "643", "469", "501", "225", "427"], "selected_scores": [0.0018670698627829552, 0.0009277439676225185, 0.000850443437229842, 0.0008135253447107971, 0.0008101100102066994, 0.0007854223949834704, 0.0007546606357209384, 0.0007338346913456917, 0.0007226777961477637, 0.0006939295562915504, 0.0006834822706878185, 0.0006487937644124031, 0.0006429826025851071, 0.0006408156477846205, 0.0006331250187940896, 0.0006255292682908475, 0.0006240434013307095, 0.0006193146691657603, 0.0006168941035866737, 0.0006125280051492155, 0.0006057613645680249, 0.0005990030476823449, 0.0005983553710393608, 0.0005953616346232593, 0.0005926835583522916, 0.0005913599743507802], "selected_pred_fg_ratio": [0.01274871826171875, 0.025146484375, 0.021251678466796875, 0.018138885498046875, 0.0155487060546875, 0.016147613525390625, 0.01775360107421875, 0.0200653076171875, 0.02099609375, 0.017269134521484375, 0.018657684326171875, 0.0237274169921875, 0.016979217529296875, 0.020660400390625, 0.021404266357421875, 0.02420806884765625, 0.01895904541015625, 0.018795013427734375, 0.020511627197265625, 0.015125274658203125, 0.019069671630859375, 0.020763397216796875, 0.01847076416015625, 0.019496917724609375, 0.0135498046875, 0.014255523681640625], "selected_pred_class_dist": [[0.9872512817382812, 0.00873565673828125, 0.0040130615234375], [0.974853515625, 0.014331817626953125, 0.010814666748046875], [0.9787483215332031, 0.01157379150390625, 0.009677886962890625], [0.9818611145019531, 0.007991790771484375, 0.0101470947265625], [0.9844512939453125, 0.00975799560546875, 0.00579071044921875], [0.9838523864746094, 0.006557464599609375, 0.00959014892578125], [0.9822463989257812, 0.009063720703125, 0.00868988037109375], [0.9799346923828125, 0.01313018798828125, 0.00693511962890625], [0.97900390625, 0.00958251953125, 0.01141357421875], [0.9827308654785156, 0.007904052734375, 0.009365081787109375], [0.9813423156738281, 0.009632110595703125, 0.00902557373046875], [0.9762725830078125, 0.009738922119140625, 0.013988494873046875], [0.9830207824707031, 0.0083770751953125, 0.008602142333984375], [0.979339599609375, 0.010089874267578125, 0.010570526123046875], [0.9785957336425781, 0.0101165771484375, 0.011287689208984375], [0.9757919311523438, 0.012233734130859375, 0.011974334716796875], [0.9810409545898438, 0.010707855224609375, 0.008251190185546875], [0.9812049865722656, 0.009311676025390625, 0.00948333740234375], [0.9794883728027344, 0.009128570556640625, 0.011383056640625], [0.9848747253417969, 0.00839996337890625, 0.006725311279296875], [0.9809303283691406, 0.009021759033203125, 0.01004791259765625], [0.9792366027832031, 0.010951995849609375, 0.0098114013671875], [0.9815292358398438, 0.012699127197265625, 0.005771636962890625], [0.9805030822753906, 0.011562347412109375, 0.0079345703125], [0.9864501953125, 0.006763458251953125, 0.006786346435546875], [0.9857444763183594, 0.007205963134765625, 0.007049560546875]], "candidate_count": 468, "candidate_scores_path": "/groups/echambe2/gmeng/MedAL-Agent/repo/code/runs/frozen_v5/candidate_scores/origa__P1__s1000__r4.json", "predictions_path": "", "initial_labeled_path": "/groups/echambe2/gmeng/MedAL-Agent/repo/code/runs/frozen_v5/init_sets/origa__s1000__n8.json", "initial_labeled_ids": [], "selection_diagnostics": {}, "training": {"num_iters": 1000, "batch_size": 12, "lr": 0.001, "image_size": 512, "aspect_preserve": true, "resolution_policy": "longside_pad32", "preproc_cache": {"pool": "hit", "val": "hit"}, "train_runtime_sec": 1892.1137208938599, "query_runtime_sec": 11.432548999786377, "iters": 3800, "stop_iter": 3800, "mean_loss": 0.18987800658974602, "last_loss": 0.027489222586154938, "stop_reason": "plateau", "hit_max_iters": false, "final_smooth_loss": 0.029276779387146235, "best_smooth_loss": 0.03390542102977633, "diverged": false, "loss_curve": [[1000, 0.24514029800891876], [1100, 0.23129053816199302], [1200, 0.21875344693660737], [1300, 0.19912662595510483], [1400, 0.1905979458987713], [1500, 0.17007954455912114], [1600, 0.15230955615639685], [1700, 0.13412832029163838], [1800, 0.11445763133466244], [1900, 0.09971244744956494], [2000, 0.08845382496714592], [2100, 0.08251368157565593], [2200, 0.07101524870842696], [2300, 0.0638116704300046], [2400, 0.060967197827994826], [2500, 0.056881339214742185], [2600, 0.05250911131501198], [2700, 0.049550033323466774], [2800, 0.047582557164132594], [2900, 0.04750521145761013], [3000, 0.0399412127956748], [3100, 0.03788270464166999], [3200, 0.03698935026302934], [3300, 0.03390542102977633], [3400, 0.03459804404526949], [3500, 0.03294473879039288], [3600, 0.0304236981831491], [3700, 0.03047935213893652], [3800, 0.029276779387146235]]}, "ckpt_id": "origa__P1__s1000__r4", "ckpt_path": "", "ckpt_hash": "b55f2b0e28f19de09e364e54d3466cbf44c6afc054657c90cbe87733f61f5ff3", "config_hash": "bf4ec5f898291681fce09c32cda12c6918044a048969b35e9673716b3b129d33", "feature_cache_keys": {}, "sam_model_type": "", "sam_checkpoint": "", "metrics": {"primary_metric": "mean_dsc_fg_case_macro", "metric_version": "v3_case_macro", "eval_scope": "case_full_volume", "mean_dsc_fg_case_macro": 0.7937146718925174, "mean_dsc_fg": 0.7937146718925174, "mean_dsc_fg_pooled_diagnostic": 0.8002309089867997, "dsc_per_class_pooled": [0.9991213104367541, 0.7847099774340609, 0.8157518405395385], "dsc_per_class": [0.9991213104367541, 0.7847099774340609, 0.8157518405395385], "n_cases": 65, "n_eval": 65, "structure_detection_rate": 1.0, "missed_structure_rate": 0.0}, "runtime_sec": {"train": 1892.1137208938599, "eval": 1.3737292289733887, "select": 11.432548999786377}, "gpu_mem_mb": 9445.65248, "gpu_name": "Tesla V100-PCIE-32GB", "gpu_total_mem_mb": 34072.559616, "foundation": {}, "notes": ""}
{"schema_version": "v3", "run_id": "origa__P1__s1000", "round": 5, "dataset": "origa", "modality": "fundus", "target": "optic_nerve_head", "dim": "2d", "query_unit": "image", "seed": 1000, "round_seed": 1005, "component_seeds": {"model_init_seed": 832088726, "loader_seed": 2738773402, "query_seed": 4045062187, "dropout_seed": 3538979454}, "total_rounds": 7, "budget_denominator": {"full_train_N": 520, "requested_pool_cap": 5000, "actual_AL_pool_N": 520, "budget_plan": [8, 11, 21, 37, 52, 78, 104], "fraction_of_AL_pool": 0.2, "fraction_of_full_train": 0.2}, "policy_id": "P1", "policy_name": "EntropyFull", "method_version": "1.0", "is_ablation": false, "policy_config": {}, "cumulative_budget": 78, "incremental_query_count": 26, "labeled_count": 78, "labeled_ratio": 0.15, "selected_ids": ["342", "162", "040", "569", "226", "165", "037", "314", "180", "362", "331", "544", "376", "075", "547", "294", "228", "609", "454", "626", "410", "143", "411", "277", "578", "103"], "selected_scores": [0.0006591994315385818, 0.0006156747695058584, 0.0005747487884946167, 0.0005501006962731481, 0.0005482200649566948, 0.0005336939939297736, 0.0005244508502073586, 0.0005207124049775302, 0.0005206562345847487, 0.0005109038320370018, 0.000505506235640496, 0.0005047890008427203, 0.0004948285641148686, 0.0004901182255707681, 0.00048508585314266384, 0.0004829225945286453, 0.000481041322927922, 0.00047490623546764255, 0.00047275368706323206, 0.0004723372985608876, 0.000471891718916595, 0.00046992924762889743, 0.00046989627298898995, 0.00046843368909321725, 0.0004674577503465116, 0.0004661445564124733], "selected_pred_fg_ratio": [0.020374298095703125, 0.0169219970703125, 0.018459320068359375, 0.020263671875, 0.021739959716796875, 0.015514373779296875, 0.018646240234375, 0.012920379638671875, 0.014965057373046875, 0.01934814453125, 0.02017974853515625, 0.017330169677734375, 0.02301025390625, 0.020050048828125, 0.016681671142578125, 0.019012451171875, 0.02233123779296875, 0.021518707275390625, 0.01660919189453125, 0.02227020263671875, 0.018558502197265625, 0.0220489501953125, 0.018978118896484375, 0.020465850830078125, 0.019618988037109375, 0.021945953369140625], "selected_pred_class_dist": [[0.9796257019042969, 0.0151214599609375, 0.005252838134765625], [0.9830780029296875, 0.00884246826171875, 0.00807952880859375], [0.9815406799316406, 0.012065887451171875, 0.0063934326171875], [0.979736328125, 0.013031005859375, 0.007232666015625], [0.9782600402832031, 0.013530731201171875, 0.008209228515625], [0.9844856262207031, 0.008655548095703125, 0.00685882568359375], [0.981353759765625, 0.010898590087890625, 0.007747650146484375], [0.9870796203613281, 0.004734039306640625, 0.00818634033203125], [0.9850349426269531, 0.007541656494140625, 0.00742340087890625], [0.98065185546875, 0.01233673095703125, 0.00701141357421875], [0.9798202514648438, 0.01166534423828125, 0.008514404296875], [0.9826698303222656, 0.008304595947265625, 0.00902557373046875], [0.97698974609375, 0.015628814697265625, 0.007381439208984375], [0.979949951171875, 0.012660980224609375, 0.007389068603515625], [0.9833183288574219, 0.00933837890625, 0.007343292236328125], [0.980987548828125, 0.01241302490234375, 0.00659942626953125], [0.9776687622070312, 0.01230621337890625, 0.0100250244140625], [0.9784812927246094, 0.01470947265625, 0.006809234619140625], [0.9833908081054688, 0.009647369384765625, 0.006961822509765625], [0.9777297973632812, 0.014495849609375, 0.00777435302734375], [0.9814414978027344, 0.010639190673828125, 0.0079193115234375], [0.9779510498046875, 0.011669158935546875, 0.010379791259765625], [0.9810218811035156, 0.01006317138671875, 0.008914947509765625], [0.9795341491699219, 0.0120697021484375, 0.008396148681640625], [0.9803810119628906, 0.0125732421875, 0.007045745849609375], [0.9780540466308594, 0.01233673095703125, 0.009609222412109375]], "candidate_count": 442, "candidate_scores_path": "/groups/echambe2/gmeng/MedAL-Agent/repo/code/runs/frozen_v5/candidate_scores/origa__P1__s1000__r5.json", "predictions_path": "", "initial_labeled_path": "/groups/echambe2/gmeng/MedAL-Agent/repo/code/runs/frozen_v5/init_sets/origa__s1000__n8.json", "initial_labeled_ids": [], "selection_diagnostics": {}, "training": {"num_iters": 1000, "batch_size": 12, "lr": 0.001, "image_size": 512, "aspect_preserve": true, "resolution_policy": "longside_pad32", "preproc_cache": {"pool": "hit", "val": "hit"}, "train_runtime_sec": 2336.9825797080994, "query_runtime_sec": 11.071774244308472, "iters": 4700, "stop_iter": 4700, "mean_loss": 0.15968420243326653, "last_loss": 0.023610178381204605, "stop_reason": "plateau", "hit_max_iters": false, "final_smooth_loss": 0.025204752571880817, "best_smooth_loss": 0.028864594399929045, "diverged": false, "loss_curve": [[1000, 0.2314655265212059], [1100, 0.2160669183731079], [1200, 0.20428989097476005], [1300, 0.1942392235994339], [1400, 0.17592165231704712], [1500, 0.16063454128801824], [1600, 0.1425762641429901], [1700, 0.12737323708832263], [1800, 0.11402565486729145], [1900, 0.10831544898450375], [2000, 0.09962943375110626], [2100, 0.09327724531292915], [2200, 0.08692312881350517], [2300, 0.0749811264500022], [2400, 0.07014926698058843], [2500, 0.06428915604948998], [2600, 0.059515880234539506], [2700, 0.055521809831261634], [2800, 0.05292452462017536], [2900, 0.051686113588511946], [3000, 0.04742266945540905], [3100, 0.0443445647880435], [3200, 0.042540029436349866], [3300, 0.03995487619191408], [3400, 0.038281846698373555], [3500, 0.03627989189699292], [3600, 0.03537630805745721], [3700, 0.03507347317412496], [3800, 0.034433113653212784], [3900, 0.03271156445145607], [4000, 0.03076539993286133], [4100, 0.02971655098721385], [4200, 0.028864594399929045], [4300, 0.027753792237490416], [4400, 0.02800295926630497], [4500, 0.026175784040242435], [4600, 0.024819716215133666], [4700, 0.025204752571880817]]}, "ckpt_id": "origa__P1__s1000__r5", "ckpt_path": "", "ckpt_hash": "6715bcabdf79e60ae8258ff135ec055e385dcdaf9a56e55c4e69a285fcc4c75c", "config_hash": "bf4ec5f898291681fce09c32cda12c6918044a048969b35e9673716b3b129d33", "feature_cache_keys": {}, "sam_model_type": "", "sam_checkpoint": "", "metrics": {"primary_metric": "mean_dsc_fg_case_macro", "metric_version": "v3_case_macro", "eval_scope": "case_full_volume", "mean_dsc_fg_case_macro": 0.8212251477710648, "mean_dsc_fg": 0.8212251477710648, "mean_dsc_fg_pooled_diagnostic": 0.8276017166553622, "dsc_per_class_pooled": [0.9991761000088156, 0.8180892524841122, 0.8371141808266123], "dsc_per_class": [0.9991761000088156, 0.8180892524841122, 0.8371141808266123], "n_cases": 65, "n_eval": 65, "structure_detection_rate": 1.0, "missed_structure_rate": 0.0}, "runtime_sec": {"train": 2336.9825797080994, "eval": 1.3840398788452148, "select": 11.071774244308472}, "gpu_mem_mb": 9448.486912, "gpu_name": "Tesla V100-PCIE-32GB", "gpu_total_mem_mb": 34072.559616, "foundation": {}, "notes": ""}
{"schema_version": "v3", "run_id": "origa__P1__s1000", "round": 6, "dataset": "origa", "modality": "fundus", "target": "optic_nerve_head", "dim": "2d", "query_unit": "image", "seed": 1000, "round_seed": 1006, "component_seeds": {"model_init_seed": 1357972451, "loader_seed": 595547349, "query_seed": 1582134936, "dropout_seed": 3300755214}, "total_rounds": 7, "budget_denominator": {"full_train_N": 520, "requested_pool_cap": 5000, "actual_AL_pool_N": 520, "budget_plan": [8, 11, 21, 37, 52, 78, 104], "fraction_of_AL_pool": 0.2, "fraction_of_full_train": 0.2}, "policy_id": "P1", "policy_name": "EntropyFull", "method_version": "1.0", "is_ablation": false, "policy_config": {}, "cumulative_budget": 104, "incremental_query_count": 0, "labeled_count": 104, "labeled_ratio": 0.2, "selected_ids": [], "selected_scores": [], "selected_pred_fg_ratio": [], "selected_pred_class_dist": [], "candidate_count": 0, "candidate_scores_path": "", "predictions_path": "/groups/echambe2/gmeng/MedAL-Agent/repo/code/runs/frozen_v5/predictions/origa__P1__s1000__r6.npz", "initial_labeled_path": "/groups/echambe2/gmeng/MedAL-Agent/repo/code/runs/frozen_v5/init_sets/origa__s1000__n8.json", "initial_labeled_ids": [], "selection_diagnostics": {}, "training": {"num_iters": 1000, "batch_size": 12, "lr": 0.001, "image_size": 512, "aspect_preserve": true, "resolution_policy": "longside_pad32", "preproc_cache": {"pool": "hit", "val": "hit"}, "train_runtime_sec": 2485.994812965393, "query_runtime_sec": 0.0, "iters": 5000, "stop_iter": 5000, "mean_loss": 0.17888014730773866, "last_loss": 0.04118633642792702, "stop_reason": "plateau_max", "hit_max_iters": true, "final_smooth_loss": 0.039809831529855726, "best_smooth_loss": 0.042365808337926865, "diverged": false, "loss_curve": [[1000, 0.24477087423205376], [1100, 0.2377973848581314], [1200, 0.227526026815176], [1300, 0.22508408457040788], [1400, 0.22881178483366965], [1500, 0.21244903966784479], [1600, 0.22276060074567794], [1700, 0.21345495492219924], [1800, 0.2002997064590454], [1900, 0.19050804495811463], [2000, 0.18873158007860183], [2100, 0.17944476328790188], [2200, 0.1795397375524044], [2300, 0.1710544004291296], [2400, 0.15466390445828437], [2500, 0.14364586561918258], [2600, 0.13496076300740242], [2700, 0.13201230637729167], [2800, 0.12115783780813218], [2900, 0.11271023623645306], [3000, 0.10325885683298111], [3100, 0.09601037360727788], [3200, 0.08733963668346405], [3300, 0.08440874814987183], [3400, 0.07814353182911873], [3500, 0.07193265859037638], [3600, 0.06710267301648855], [3700, 0.06764915950596333], [3800, 0.06098403465002775], [3900, 0.058537837266921994], [4000, 0.05525484185665846], [4100, 0.053772166930139066], [4200, 0.050752014592289924], [4300, 0.047877014577388764], [4400, 0.04736973352730274], [4500, 0.046759948171675204], [4600, 0.0455009887740016], [4700, 0.042365808337926865], [4800, 0.0416325730457902], [4900, 0.041371429171413183], [5000, 0.039809831529855726]]}, "ckpt_id": "origa__P1__s1000__r6", "ckpt_path": "", "ckpt_hash": "db0cc30ad69db0c2f397a8e39e0bab191687c1face75e049eeffac741bf6a088", "config_hash": "bf4ec5f898291681fce09c32cda12c6918044a048969b35e9673716b3b129d33", "feature_cache_keys": {}, "sam_model_type": "", "sam_checkpoint": "", "metrics": {"primary_metric": "mean_dsc_fg_case_macro", "metric_version": "v3_case_macro", "eval_scope": "case_full_volume", "mean_dsc_fg_case_macro": 0.8500615634386736, "mean_dsc_fg": 0.8500615634386736, "mean_dsc_fg_pooled_diagnostic": 0.8541208545793433, "dsc_per_class_pooled": [0.9991561565144536, 0.8392507736201977, 0.8689909355384888], "dsc_per_class": [0.9991561565144536, 0.8392507736201977, 0.8689909355384888], "n_cases": 65, "n_eval": 65, "structure_detection_rate": 1.0, "missed_structure_rate": 0.0}, "runtime_sec": {"train": 2485.994812965393, "eval": 1.4170618057250977, "select": 0.0}, "gpu_mem_mb": 9446.651904, "gpu_name": "Tesla V100-PCIE-32GB", "gpu_total_mem_mb": 34072.559616, "foundation": {}, "notes": ""}
