{"schema_version": "v3", "run_id": "origa__P6__s2000", "round": 0, "dataset": "origa", "modality": "fundus", "target": "optic_nerve_head", "dim": "2d", "query_unit": "image", "seed": 2000, "round_seed": 2000, "component_seeds": {"model_init_seed": 1733582241, "loader_seed": 3333593949, "query_seed": 2915079519, "dropout_seed": 1768907296}, "total_rounds": 7, "budget_denominator": {"full_train_N": 520, "requested_pool_cap": 5000, "actual_AL_pool_N": 520, "budget_plan": [8, 11, 21, 37, 52, 78, 104], "fraction_of_AL_pool": 0.2, "fraction_of_full_train": 0.2}, "policy_id": "P6", "policy_name": "SelectiveUncertaintyAL", "method_version": "1.0", "is_ablation": false, "policy_config": {}, "cumulative_budget": 8, "incremental_query_count": 3, "labeled_count": 8, "labeled_ratio": 0.015384615384615385, "selected_ids": ["299", "377", "634"], "selected_scores": [0.40836161375045776, 0.38569268584251404, 0.38546475768089294], "selected_pred_fg_ratio": [0.020084381103515625, 0.030033111572265625, 0.026645660400390625], "selected_pred_class_dist": [[0.9799156188964844, 0.014404296875, 0.005680084228515625], [0.9699668884277344, 0.01561737060546875, 0.014415740966796875], [0.9733543395996094, 0.015232086181640625, 0.01141357421875]], "candidate_count": 512, "candidate_scores_path": "/groups/echambe2/gmeng/MedAL-Agent/repo/code/runs/frozen_v5/candidate_scores/origa__P6__s2000__r0.json", "predictions_path": "", "initial_labeled_path": "/groups/echambe2/gmeng/MedAL-Agent/repo/code/runs/frozen_v5/init_sets/origa__s2000__n8.json", "initial_labeled_ids": ["043", "059", "116", "179", "233", "276", "599", "606"], "selection_diagnostics": {"selu_valid_intersected": true, "selu_target_frac": 0.01831166446208954, "selu_boundary_frac": 0.00012371689081192017, "selu_score_target_mean": 0.022586625069379807, "selu_score_boundary_mean": 0.6314396858215332}, "training": {"num_iters": 1000, "batch_size": 12, "lr": 0.001, "image_size": 512, "aspect_preserve": true, "resolution_policy": "longside_pad32", "preproc_cache": {"pool": "hit", "val": "hit"}, "train_runtime_sec": 1011.1094691753387, "query_runtime_sec": 19.976556062698364, "iters": 2600, "stop_iter": 2600, "mean_loss": 0.1306256902164135, "last_loss": 0.014093087986111641, "stop_reason": "plateau", "hit_max_iters": false, "final_smooth_loss": 0.017353866323828696, "best_smooth_loss": 0.021167382430285216, "diverged": false, "loss_curve": [[1000, 0.05069471538066864], [1100, 0.04945845883339643], [1200, 0.040407523494213816], [1300, 0.03771662788465619], [1400, 0.03451879262924194], [1500, 0.03426842810586095], [1600, 0.03100270910188556], [1700, 0.028233566880226137], [1800, 0.027363911233842374], [1900, 0.023746879305690527], [2000, 0.02340783316642046], [2100, 0.021167382430285216], [2200, 0.021498668529093264], [2300, 0.01992658831179142], [2400, 0.01870245593599975], [2500, 0.018054308723658322], [2600, 0.017353866323828696]]}, "ckpt_id": "origa__P6__s2000__r0", "ckpt_path": "", "ckpt_hash": "e08d805481bad026b1e7a34c3208692c48926ed193d9e4f0ad62ebd3bc3895d8", "config_hash": "bf4ec5f898291681fce09c32cda12c6918044a048969b35e9673716b3b129d33", "feature_cache_keys": {}, "sam_model_type": "", "sam_checkpoint": "", "metrics": {"primary_metric": "mean_dsc_fg_case_macro", "metric_version": "v3_case_macro", "eval_scope": "case_full_volume", "mean_dsc_fg_case_macro": 0.7026407594013236, "mean_dsc_fg": 0.7026407594013236, "mean_dsc_fg_pooled_diagnostic": 0.6958056811997941, "dsc_per_class_pooled": [0.9978220016038043, 0.6554336361570332, 0.7361777262425552], "dsc_per_class": [0.9978220016038043, 0.6554336361570332, 0.7361777262425552], "n_cases": 65, "n_eval": 65, "structure_detection_rate": 1.0, "missed_structure_rate": 0.0}, "runtime_sec": {"train": 1011.1094691753387, "eval": 1.569364309310913, "select": 19.976556062698364}, "gpu_mem_mb": 8107.887616, "gpu_name": "Tesla V100-PCIE-32GB", "gpu_total_mem_mb": 34072.559616, "foundation": {}, "notes": ""}
{"schema_version": "v3", "run_id": "origa__P6__s2000", "round": 1, "dataset": "origa", "modality": "fundus", "target": "optic_nerve_head", "dim": "2d", "query_unit": "image", "seed": 2000, "round_seed": 2001, "component_seeds": {"model_init_seed": 4092542587, "loader_seed": 4022314598, "query_seed": 1275594993, "dropout_seed": 1443935428}, "total_rounds": 7, "budget_denominator": {"full_train_N": 520, "requested_pool_cap": 5000, "actual_AL_pool_N": 520, "budget_plan": [8, 11, 21, 37, 52, 78, 104], "fraction_of_AL_pool": 0.2, "fraction_of_full_train": 0.2}, "policy_id": "P6", "policy_name": "SelectiveUncertaintyAL", "method_version": "1.0", "is_ablation": false, "policy_config": {}, "cumulative_budget": 11, "incremental_query_count": 10, "labeled_count": 11, "labeled_ratio": 0.021153846153846155, "selected_ids": ["355", "349", "084", "521", "582", "476", "288", "031", "485", "613"], "selected_scores": [0.3614735007286072, 0.4011518657207489, 0.36158961057662964, 0.359993040561676, 0.35499465465545654, 0.3553932309150696, 0.3401302695274353, 0.35694724321365356, 0.3421916961669922, 0.35015806555747986], "selected_pred_fg_ratio": [0.03701019287109375, 0.024768829345703125, 0.024265289306640625, 0.0252227783203125, 0.01998138427734375, 0.0183868408203125, 0.022556304931640625, 0.019046783447265625, 0.0335235595703125, 0.019866943359375], "selected_pred_class_dist": [[0.9629898071289062, 0.024562835693359375, 0.012447357177734375], [0.9752311706542969, 0.014347076416015625, 0.0104217529296875], [0.9757347106933594, 0.018245697021484375, 0.00601959228515625], [0.9747772216796875, 0.012012481689453125, 0.013210296630859375], [0.9800186157226562, 0.011455535888671875, 0.008525848388671875], [0.9816131591796875, 0.010463714599609375, 0.007923126220703125], [0.9774436950683594, 0.01459503173828125, 0.007961273193359375], [0.9809532165527344, 0.011745452880859375, 0.00730133056640625], [0.9664764404296875, 0.02610015869140625, 0.00742340087890625], [0.980133056640625, 0.008075714111328125, 0.011791229248046875]], "candidate_count": 509, "candidate_scores_path": "/groups/echambe2/gmeng/MedAL-Agent/repo/code/runs/frozen_v5/candidate_scores/origa__P6__s2000__r1.json", "predictions_path": "", "initial_labeled_path": "/groups/echambe2/gmeng/MedAL-Agent/repo/code/runs/frozen_v5/init_sets/origa__s2000__n8.json", "initial_labeled_ids": [], "selection_diagnostics": {"selu_valid_intersected": true, "selu_target_frac": 0.018067283555865288, "selu_boundary_frac": 0.00010600961104501039, "selu_score_target_mean": 0.019633853808045387, "selu_score_boundary_mean": 0.6317908763885498}, "training": {"num_iters": 1000, "batch_size": 12, "lr": 0.001, "image_size": 512, "aspect_preserve": true, "resolution_policy": "longside_pad32", "preproc_cache": {"pool": "hit", "val": "hit"}, "train_runtime_sec": 1561.016056060791, "query_runtime_sec": 19.4655544757843, "iters": 3100, "stop_iter": 3100, "mean_loss": 0.10535733551267655, "last_loss": 0.01765112206339836, "stop_reason": "plateau", "hit_max_iters": false, "final_smooth_loss": 0.018875514725223183, "best_smooth_loss": 0.022377229519188403, "diverged": false, "loss_curve": [[1000, 0.05538848638534546], [1100, 0.050541978403925894], [1200, 0.04676727961748838], [1300, 0.042571410797536374], [1400, 0.039759901072829965], [1500, 0.03987476358190179], [1600, 0.03695619534701109], [1700, 0.03375740705057979], [1800, 0.03231119513511658], [1900, 0.03000932775437832], [2000, 0.030843704789876938], [2100, 0.027658011205494402], [2200, 0.026794509943574667], [2300, 0.026453317236155273], [2400, 0.02445439551025629], [2500, 0.022856962289661168], [2600, 0.022377229519188403], [2700, 0.023184478189796208], [2800, 0.021269407588988543], [2900, 0.02088527603074908], [3000, 0.02017888211645186], [3100, 0.018875514725223183]]}, "ckpt_id": "origa__P6__s2000__r1", "ckpt_path": "", "ckpt_hash": "455dd53c124833084c90d0cbe66b10daa7fde688b0724abc8cb4537cbb74a29f", "config_hash": "bf4ec5f898291681fce09c32cda12c6918044a048969b35e9673716b3b129d33", "feature_cache_keys": {}, "sam_model_type": "", "sam_checkpoint": "", "metrics": {"primary_metric": "mean_dsc_fg_case_macro", "metric_version": "v3_case_macro", "eval_scope": "case_full_volume", "mean_dsc_fg_case_macro": 0.711850483319931, "mean_dsc_fg": 0.711850483319931, "mean_dsc_fg_pooled_diagnostic": 0.7116293514024152, "dsc_per_class_pooled": [0.9981914157832182, 0.6652259955018175, 0.7580327073030129], "dsc_per_class": [0.9981914157832182, 0.6652259955018175, 0.7580327073030129], "n_cases": 65, "n_eval": 65, "structure_detection_rate": 1.0, "missed_structure_rate": 0.0}, "runtime_sec": {"train": 1561.016056060791, "eval": 1.4112639427185059, "select": 19.4655544757843}, "gpu_mem_mb": 8663.578624, "gpu_name": "Tesla V100-PCIE-32GB", "gpu_total_mem_mb": 34072.559616, "foundation": {}, "notes": ""}
{"schema_version": "v3", "run_id": "origa__P6__s2000", "round": 2, "dataset": "origa", "modality": "fundus", "target": "optic_nerve_head", "dim": "2d", "query_unit": "image", "seed": 2000, "round_seed": 2002, "component_seeds": {"model_init_seed": 1225426498, "loader_seed": 1158739311, "query_seed": 3667345588, "dropout_seed": 1372419812}, "total_rounds": 7, "budget_denominator": {"full_train_N": 520, "requested_pool_cap": 5000, "actual_AL_pool_N": 520, "budget_plan": [8, 11, 21, 37, 52, 78, 104], "fraction_of_AL_pool": 0.2, "fraction_of_full_train": 0.2}, "policy_id": "P6", "policy_name": "SelectiveUncertaintyAL", "method_version": "1.0", "is_ablation": false, "policy_config": {}, "cumulative_budget": 21, "incremental_query_count": 16, "labeled_count": 21, "labeled_ratio": 0.04038461538461539, "selected_ids": ["176", "150", "232", "294", "617", "290", "225", "337", "224", "389", "166", "511", "206", "505", "442", "358"], "selected_scores": [0.3543112874031067, 0.35166674852371216, 0.35227468609809875, 0.3543145954608917, 0.3552940785884857, 0.35183578729629517, 0.34132859110832214, 0.3526829183101654, 0.3397938907146454, 0.3482348322868347, 0.34604865312576294, 0.3395458459854126, 0.34865105152130127, 0.3284129202365875, 0.3486007750034332, 0.3407333791255951], "selected_pred_fg_ratio": [0.022075653076171875, 0.0196990966796875, 0.025951385498046875, 0.019573211669921875, 0.020854949951171875, 0.0242919921875, 0.020206451416015625, 0.02197265625, 0.018871307373046875, 0.026256561279296875, 0.01613616943359375, 0.015949249267578125, 0.022747039794921875, 0.0118560791015625, 0.017246246337890625, 0.020389556884765625], "selected_pred_class_dist": [[0.9779243469238281, 0.01328277587890625, 0.008792877197265625], [0.9803009033203125, 0.01251220703125, 0.0071868896484375], [0.9740486145019531, 0.01457977294921875, 0.011371612548828125], [0.9804267883300781, 0.011241912841796875, 0.008331298828125], [0.9791450500488281, 0.0126190185546875, 0.008235931396484375], [0.9757080078125, 0.0143585205078125, 0.0099334716796875], [0.9797935485839844, 0.012058258056640625, 0.008148193359375], [0.97802734375, 0.0123443603515625, 0.0096282958984375], [0.9811286926269531, 0.012119293212890625, 0.00675201416015625], [0.9737434387207031, 0.01656341552734375, 0.009693145751953125], [0.9838638305664062, 0.0111236572265625, 0.00501251220703125], [0.9840507507324219, 0.01055145263671875, 0.005397796630859375], [0.9772529602050781, 0.011333465576171875, 0.01141357421875], [0.9881439208984375, 0.007854461669921875, 0.004001617431640625], [0.9827537536621094, 0.01080322265625, 0.006443023681640625], [0.9796104431152344, 0.01345062255859375, 0.006938934326171875]], "candidate_count": 499, "candidate_scores_path": "/groups/echambe2/gmeng/MedAL-Agent/repo/code/runs/frozen_v5/candidate_scores/origa__P6__s2000__r2.json", "predictions_path": "", "initial_labeled_path": "/groups/echambe2/gmeng/MedAL-Agent/repo/code/runs/frozen_v5/init_sets/origa__s2000__n8.json", "initial_labeled_ids": [], "selection_diagnostics": {"selu_valid_intersected": true, "selu_target_frac": 0.017257506027817726, "selu_boundary_frac": 7.753238605801016e-05, "selu_score_target_mean": 0.015471752732992172, "selu_score_boundary_mean": 0.6355543732643127}, "training": {"num_iters": 1000, "batch_size": 12, "lr": 0.001, "image_size": 512, "aspect_preserve": true, "resolution_policy": "longside_pad32", "preproc_cache": {"pool": "hit", "val": "hit"}, "train_runtime_sec": 1783.5269463062286, "query_runtime_sec": 19.101187705993652, "iters": 3300, "stop_iter": 3300, "mean_loss": 0.10919100215376326, "last_loss": 0.018198270350694656, "stop_reason": "plateau", "hit_max_iters": false, "final_smooth_loss": 0.016746638398617505, "best_smooth_loss": 0.02085372546687722, "diverged": false, "loss_curve": [[1000, 0.06068727895617485], [1100, 0.055578877404332164], [1200, 0.052275147773325446], [1300, 0.048626673705875874], [1400, 0.0464836385846138], [1500, 0.04311761040240526], [1600, 0.04083636440336704], [1700, 0.03733824549242854], [1800, 0.034924977850168945], [1900, 0.032190223839133975], [2000, 0.031208142954856157], [2100, 0.030167031213641168], [2200, 0.029869694374501706], [2300, 0.02694685021415353], [2400, 0.02537150751799345], [2500, 0.02378673154860735], [2600, 0.024248972535133362], [2700, 0.022010931316763162], [2800, 0.02085372546687722], [2900, 0.02083134461194277], [3000, 0.018692628517746925], [3100, 0.018193277325481177], [3200, 0.018007136713713408], [3300, 0.016746638398617505]]}, "ckpt_id": "origa__P6__s2000__r2", "ckpt_path": "", "ckpt_hash": "e285a08aee697d71dd8c79103c0a804cf40806aaa9bea0b149ff63eea1c4d13a", "config_hash": "bf4ec5f898291681fce09c32cda12c6918044a048969b35e9673716b3b129d33", "feature_cache_keys": {}, "sam_model_type": "", "sam_checkpoint": "", "metrics": {"primary_metric": "mean_dsc_fg_case_macro", "metric_version": "v3_case_macro", "eval_scope": "case_full_volume", "mean_dsc_fg_case_macro": 0.7871110183124302, "mean_dsc_fg": 0.7871110183124302, "mean_dsc_fg_pooled_diagnostic": 0.7924771844549197, "dsc_per_class_pooled": [0.998866559194914, 0.7682666090110867, 0.8166877598987525], "dsc_per_class": [0.998866559194914, 0.7682666090110867, 0.8166877598987525], "n_cases": 65, "n_eval": 65, "structure_detection_rate": 1.0, "missed_structure_rate": 0.0}, "runtime_sec": {"train": 1783.5269463062286, "eval": 1.4211857318878174, "select": 19.101187705993652}, "gpu_mem_mb": 9445.128192, "gpu_name": "Tesla V100-PCIE-32GB", "gpu_total_mem_mb": 34072.559616, "foundation": {}, "notes": ""}
{"schema_version": "v3", "run_id": "origa__P6__s2000", "round": 3, "dataset": "origa", "modality": "fundus", "target": "optic_nerve_head", "dim": "2d", "query_unit": "image", "seed": 2000, "round_seed": 2003, "component_seeds": {"model_init_seed": 1786941200, "loader_seed": 315035857, "query_seed": 1656248978, "dropout_seed": 3607744384}, "total_rounds": 7, "budget_denominator": {"full_train_N": 520, "requested_pool_cap": 5000, "actual_AL_pool_N": 520, "budget_plan": [8, 11, 21, 37, 52, 78, 104], "fraction_of_AL_pool": 0.2, "fraction_of_full_train": 0.2}, "policy_id": "P6", "policy_name": "SelectiveUncertaintyAL", "method_version": "1.0", "is_ablation": false, "policy_config": {}, "cumulative_budget": 37, "incremental_query_count": 15, "labeled_count": 37, "labeled_ratio": 0.07115384615384615, "selected_ids": ["405", "483", "340", "364", "434", "003", "315", "196", "033", "391", "214", "088", "162", "526", "482"], "selected_scores": [0.3506157398223877, 0.3637188673019409, 0.33850714564323425, 0.35064268112182617, 0.3332751393318176, 0.34645509719848633, 0.3346523642539978, 0.35168325901031494, 0.3310835361480713, 0.3462205231189728, 0.3335806429386139, 0.3428398370742798, 0.3423255383968353, 0.3478216826915741, 0.3307878077030182], "selected_pred_fg_ratio": [0.02327728271484375, 0.016811370849609375, 0.017566680908203125, 0.021099090576171875, 0.013256072998046875, 0.022216796875, 0.015933990478515625, 0.015773773193359375, 0.015872955322265625, 0.023365020751953125, 0.012180328369140625, 0.015880584716796875, 0.01915740966796875, 0.018329620361328125, 0.016628265380859375], "selected_pred_class_dist": [[0.9767227172851562, 0.0149383544921875, 0.00833892822265625], [0.9831886291503906, 0.0115203857421875, 0.005290985107421875], [0.9824333190917969, 0.009601593017578125, 0.007965087890625], [0.9789009094238281, 0.011882781982421875, 0.00921630859375], [0.9867439270019531, 0.009387969970703125, 0.00386810302734375], [0.977783203125, 0.01067352294921875, 0.01154327392578125], [0.9840660095214844, 0.011157989501953125, 0.0047760009765625], [0.9842262268066406, 0.00971221923828125, 0.006061553955078125], [0.9841270446777344, 0.010478973388671875, 0.00539398193359375], [0.9766349792480469, 0.012115478515625, 0.011249542236328125], [0.9878196716308594, 0.00728607177734375, 0.004894256591796875], [0.9841194152832031, 0.00914764404296875, 0.006732940673828125], [0.9808425903320312, 0.0103607177734375, 0.00879669189453125], [0.9816703796386719, 0.008480072021484375, 0.00984954833984375], [0.9833717346191406, 0.0106353759765625, 0.005992889404296875]], "candidate_count": 483, "candidate_scores_path": "/groups/echambe2/gmeng/MedAL-Agent/repo/code/runs/frozen_v5/candidate_scores/origa__P6__s2000__r3.json", "predictions_path": "", "initial_labeled_path": "/groups/echambe2/gmeng/MedAL-Agent/repo/code/runs/frozen_v5/init_sets/origa__s2000__n8.json", "initial_labeled_ids": [], "selection_diagnostics": {"selu_valid_intersected": true, "selu_target_frac": 0.017172258347272873, "selu_boundary_frac": 9.801323903957382e-05, "selu_score_target_mean": 0.020033098757267, "selu_score_boundary_mean": 0.6305772662162781}, "training": {"num_iters": 1000, "batch_size": 12, "lr": 0.001, "image_size": 512, "aspect_preserve": true, "resolution_policy": "longside_pad32", "preproc_cache": {"pool": "hit", "val": "hit"}, "train_runtime_sec": 1819.6069428920746, "query_runtime_sec": 30.585362672805786, "iters": 3100, "stop_iter": 3100, "mean_loss": 0.16657123879379324, "last_loss": 0.02248699776828289, "stop_reason": "plateau", "hit_max_iters": false, "final_smooth_loss": 0.02585685418918729, "best_smooth_loss": 0.030503544416278602, "diverged": false, "loss_curve": [[1000, 0.10125682935118675], [1100, 0.09262419678270817], [1200, 0.0815079640597105], [1300, 0.07326124083250761], [1400, 0.06411331079900265], [1500, 0.05953249447047711], [1600, 0.0551924180239439], [1700, 0.05244641683995724], [1800, 0.04777902849018574], [1900, 0.04409610643982887], [2000, 0.04195683222264052], [2100, 0.04060460098087788], [2200, 0.03926754655316472], [2300, 0.03590284150093794], [2400, 0.034100406356155875], [2500, 0.0324251495487988], [2600, 0.030503544416278602], [2700, 0.029162322618067265], [2800, 0.02769111145287752], [2900, 0.02775934962555766], [3000, 0.027800112068653106], [3100, 0.02585685418918729]]}, "ckpt_id": "origa__P6__s2000__r3", "ckpt_path": "", "ckpt_hash": "e41462c73d1036a90bfd6e8527b934317938b5a11043226b29d4e1bcd8718cd7", "config_hash": "bf4ec5f898291681fce09c32cda12c6918044a048969b35e9673716b3b129d33", "feature_cache_keys": {}, "sam_model_type": "", "sam_checkpoint": "", "metrics": {"primary_metric": "mean_dsc_fg_case_macro", "metric_version": "v3_case_macro", "eval_scope": "case_full_volume", "mean_dsc_fg_case_macro": 0.7935585678282666, "mean_dsc_fg": 0.7935585678282666, "mean_dsc_fg_pooled_diagnostic": 0.7987134100816407, "dsc_per_class_pooled": [0.9989688480443262, 0.7807089934070155, 0.8167178267562659], "dsc_per_class": [0.9989688480443262, 0.7807089934070155, 0.8167178267562659], "n_cases": 65, "n_eval": 65, "structure_detection_rate": 1.0, "missed_structure_rate": 0.0}, "runtime_sec": {"train": 1819.6069428920746, "eval": 1.4778881072998047, "select": 30.585362672805786}, "gpu_mem_mb": 9446.438912, "gpu_name": "Tesla V100-PCIE-32GB", "gpu_total_mem_mb": 34072.559616, "foundation": {}, "notes": ""}
{"schema_version": "v3", "run_id": "origa__P6__s2000", "round": 4, "dataset": "origa", "modality": "fundus", "target": "optic_nerve_head", "dim": "2d", "query_unit": "image", "seed": 2000, "round_seed": 2004, "component_seeds": {"model_init_seed": 45534947, "loader_seed": 4200637250, "query_seed": 2043315399, "dropout_seed": 1875314724}, "total_rounds": 7, "budget_denominator": {"full_train_N": 520, "requested_pool_cap": 5000, "actual_AL_pool_N": 520, "budget_plan": [8, 11, 21, 37, 52, 78, 104], "fraction_of_AL_pool": 0.2, "fraction_of_full_train": 0.2}, "policy_id": "P6", "policy_name": "SelectiveUncertaintyAL", "method_version": "1.0", "is_ablation": false, "policy_config": {}, "cumulative_budget": 52, "incremental_query_count": 26, "labeled_count": 52, "labeled_ratio": 0.1, "selected_ids": ["508", "327", "356", "314", "620", "122", "426", "283", "146", "547", "287", "467", "571", "413", "638", "239", "241", "464", "242", "286", "510", "522", "572", "411", "156", "085"], "selected_scores": [0.369335412979126, 0.3386401832103729, 0.36171093583106995, 0.34313324093818665, 0.34355905652046204, 0.34798455238342285, 0.34430691599845886, 0.33333641290664673, 0.3382111191749573, 0.33914434909820557, 0.33911022543907166, 0.33705487847328186, 0.3349676728248596, 0.33078327775001526, 0.33239805698394775, 0.33381471037864685, 0.33564531803131104, 0.32757338881492615, 0.33567142486572266, 0.32777395844459534, 0.3353210389614105, 0.3293488323688507, 0.32897403836250305, 0.332884281873703, 0.3335438072681427, 0.32857635617256165], "selected_pred_fg_ratio": [0.010158538818359375, 0.014034271240234375, 0.016117095947265625, 0.012989044189453125, 0.01650238037109375, 0.0214385986328125, 0.018890380859375, 0.017490386962890625, 0.018383026123046875, 0.014892578125, 0.013851165771484375, 0.01371002197265625, 0.024608612060546875, 0.0131683349609375, 0.0157012939453125, 0.02371978759765625, 0.021320343017578125, 0.011020660400390625, 0.02187347412109375, 0.014751434326171875, 0.01385498046875, 0.01786041259765625, 0.0194091796875, 0.01849365234375, 0.014087677001953125, 0.017810821533203125], "selected_pred_class_dist": [[0.9898414611816406, 0.004848480224609375, 0.00531005859375], [0.9859657287597656, 0.0078277587890625, 0.006206512451171875], [0.9838829040527344, 0.00830841064453125, 0.007808685302734375], [0.9870109558105469, 0.00688934326171875, 0.006099700927734375], [0.9834976196289062, 0.009159088134765625, 0.007343292236328125], [0.9785614013671875, 0.013576507568359375, 0.007862091064453125], [0.981109619140625, 0.012340545654296875, 0.006549835205078125], [0.9825096130371094, 0.01123809814453125, 0.006252288818359375], [0.9816169738769531, 0.0114288330078125, 0.006954193115234375], [0.985107421875, 0.00862884521484375, 0.00626373291015625], [0.9861488342285156, 0.00798797607421875, 0.005863189697265625], [0.9862899780273438, 0.009357452392578125, 0.004352569580078125], [0.9753913879394531, 0.01262664794921875, 0.011981964111328125], [0.9868316650390625, 0.00768280029296875, 0.00548553466796875], [0.9842987060546875, 0.00916290283203125, 0.00653839111328125], [0.9762802124023438, 0.01473236083984375, 0.0089874267578125], [0.9786796569824219, 0.013790130615234375, 0.00753021240234375], [0.9889793395996094, 0.00701904296875, 0.004001617431640625], [0.9781265258789062, 0.0129547119140625, 0.00891876220703125], [0.9852485656738281, 0.009433746337890625, 0.00531768798828125], [0.98614501953125, 0.008167266845703125, 0.005687713623046875], [0.9821395874023438, 0.012004852294921875, 0.005855560302734375], [0.9805908203125, 0.0095977783203125, 0.0098114013671875], [0.98150634765625, 0.0105438232421875, 0.0079498291015625], [0.9859123229980469, 0.008731842041015625, 0.0053558349609375], [0.9821891784667969, 0.010524749755859375, 0.00728607177734375]], "candidate_count": 468, "candidate_scores_path": "/groups/echambe2/gmeng/MedAL-Agent/repo/code/runs/frozen_v5/candidate_scores/origa__P6__s2000__r4.json", "predictions_path": "", "initial_labeled_path": "/groups/echambe2/gmeng/MedAL-Agent/repo/code/runs/frozen_v5/init_sets/origa__s2000__n8.json", "initial_labeled_ids": [], "selection_diagnostics": {"selu_valid_intersected": true, "selu_target_frac": 0.016551727429032326, "selu_boundary_frac": 8.597740816185251e-05, "selu_score_target_mean": 0.01808919385075569, "selu_score_boundary_mean": 0.6324639320373535}, "training": {"num_iters": 1000, "batch_size": 12, "lr": 0.001, "image_size": 512, "aspect_preserve": true, "resolution_policy": "longside_pad32", "preproc_cache": {"pool": "hit", "val": "hit"}, "train_runtime_sec": 2260.580283641815, "query_runtime_sec": 23.048765420913696, "iters": 4200, "stop_iter": 4200, "mean_loss": 0.14576352232135834, "last_loss": 0.02696334570646286, "stop_reason": "plateau", "hit_max_iters": false, "final_smooth_loss": 0.027815164662897587, "best_smooth_loss": 0.031053529623895883, "diverged": false, "loss_curve": [[1000, 0.19073674082756042], [1100, 0.16976515263319014], [1200, 0.1530223124474287], [1300, 0.13992128051817418], [1400, 0.13845323219895364], [1500, 0.11853558033704757], [1600, 0.10179407529532909], [1700, 0.09339537873864173], [1800, 0.08430446580052375], [1900, 0.08114490658044815], [2000, 0.07003433685749769], [2100, 0.06730590734630823], [2200, 0.06156519196927548], [2300, 0.06051425643265247], [2400, 0.05494918745011091], [2500, 0.05196784883737564], [2600, 0.05049230318516493], [2700, 0.048542036525905136], [2800, 0.04664634209126234], [2900, 0.041954928599298], [3000, 0.044015386551618574], [3100, 0.04006507597863674], [3200, 0.039318747073411944], [3300, 0.036347268968820574], [3400, 0.036201948653906586], [3500, 0.03551023712381721], [3600, 0.03249310249462724], [3700, 0.031053529623895883], [3800, 0.03151519410312176], [3900, 0.02979561572894454], [4000, 0.02985438348725438], [4100, 0.028490670192986726], [4200, 0.027815164662897587]]}, "ckpt_id": "origa__P6__s2000__r4", "ckpt_path": "", "ckpt_hash": "7533e9047895800df3f610509c75399f27568c5d996b98390e5f0d7b3ef437de", "config_hash": "bf4ec5f898291681fce09c32cda12c6918044a048969b35e9673716b3b129d33", "feature_cache_keys": {}, "sam_model_type": "", "sam_checkpoint": "", "metrics": {"primary_metric": "mean_dsc_fg_case_macro", "metric_version": "v3_case_macro", "eval_scope": "case_full_volume", "mean_dsc_fg_case_macro": 0.8194016534846272, "mean_dsc_fg": 0.8194016534846272, "mean_dsc_fg_pooled_diagnostic": 0.8235728458671923, "dsc_per_class_pooled": [0.9991419612550991, 0.8090958258132341, 0.8380498659211503], "dsc_per_class": [0.9991419612550991, 0.8090958258132341, 0.8380498659211503], "n_cases": 65, "n_eval": 65, "structure_detection_rate": 1.0, "missed_structure_rate": 0.0}, "runtime_sec": {"train": 2260.580283641815, "eval": 1.404916763305664, "select": 23.048765420913696}, "gpu_mem_mb": 9445.65248, "gpu_name": "Tesla V100-PCIE-32GB", "gpu_total_mem_mb": 34072.559616, "foundation": {}, "notes": ""}
{"schema_version": "v3", "run_id": "origa__P6__s2000", "round": 5, "dataset": "origa", "modality": "fundus", "target": "optic_nerve_head", "dim": "2d", "query_unit": "image", "seed": 2000, "round_seed": 2005, "component_seeds": {"model_init_seed": 3201858957, "loader_seed": 336650979, "query_seed": 736189286, "dropout_seed": 1600783356}, "total_rounds": 7, "budget_denominator": {"full_train_N": 520, "requested_pool_cap": 5000, "actual_AL_pool_N": 520, "budget_plan": [8, 11, 21, 37, 52, 78, 104], "fraction_of_AL_pool": 0.2, "fraction_of_full_train": 0.2}, "policy_id": "P6", "policy_name": "SelectiveUncertaintyAL", "method_version": "1.0", "is_ablation": false, "policy_config": {}, "cumulative_budget": 78, "incremental_query_count": 26, "labeled_count": 78, "labeled_ratio": 0.15, "selected_ids": ["215", "311", "284", "065", "229", "612", "025", "228", "371", "570", "306", "134", "351", "342", "486", "254", "021", "375", "591", "487", "412", "536", "610", "410", "623", "631"], "selected_scores": [0.3369867205619812, 0.32755377888679504, 0.3332381248474121, 0.3282977044582367, 0.328314870595932, 0.32734599709510803, 0.3277701735496521, 0.3245009779930115, 0.3280809819698334, 0.32430920004844666, 0.32686713337898254, 0.3267930746078491, 0.32662633061408997, 0.3249104917049408, 0.32676103711128235, 0.3263145089149475, 0.32593515515327454, 0.3231699764728546, 0.3271728456020355, 0.32474273443222046, 0.3251635730266571, 0.3261052072048187, 0.3253065049648285, 0.32506775856018066, 0.32587960362434387, 0.32493701577186584], "selected_pred_fg_ratio": [0.010654449462890625, 0.014911651611328125, 0.020900726318359375, 0.01696014404296875, 0.021331787109375, 0.010650634765625, 0.020992279052734375, 0.021984100341796875, 0.01776885986328125, 0.018795013427734375, 0.019107818603515625, 0.014667510986328125, 0.01898956298828125, 0.020786285400390625, 0.01540374755859375, 0.015773773193359375, 0.017780303955078125, 0.02294921875, 0.0193939208984375, 0.018253326416015625, 0.012302398681640625, 0.0137939453125, 0.021160125732421875, 0.01800537109375, 0.01995086669921875, 0.0179901123046875], "selected_pred_class_dist": [[0.9893455505371094, 0.00647735595703125, 0.004177093505859375], [0.9850883483886719, 0.011081695556640625, 0.0038299560546875], [0.9790992736816406, 0.01282501220703125, 0.008075714111328125], [0.9830398559570312, 0.0117645263671875, 0.00519561767578125], [0.978668212890625, 0.012279510498046875, 0.009052276611328125], [0.989349365234375, 0.0056304931640625, 0.0050201416015625], [0.9790077209472656, 0.014980316162109375, 0.006011962890625], [0.9780158996582031, 0.0150604248046875, 0.006923675537109375], [0.9822311401367188, 0.01201629638671875, 0.0057525634765625], [0.9812049865722656, 0.01143646240234375, 0.007358551025390625], [0.9808921813964844, 0.010631561279296875, 0.00847625732421875], [0.9853324890136719, 0.008625030517578125, 0.00604248046875], [0.9810104370117188, 0.012477874755859375, 0.006511688232421875], [0.9792137145996094, 0.01318359375, 0.007602691650390625], [0.9845962524414062, 0.01056671142578125, 0.0048370361328125], [0.9842262268066406, 0.009311676025390625, 0.00646209716796875], [0.9822196960449219, 0.01171112060546875, 0.006069183349609375], [0.97705078125, 0.016155242919921875, 0.006793975830078125], [0.9806060791015625, 0.012729644775390625, 0.006664276123046875], [0.9817466735839844, 0.01062774658203125, 0.007625579833984375], [0.9876976013183594, 0.00926971435546875, 0.003032684326171875], [0.9862060546875, 0.008563995361328125, 0.005229949951171875], [0.9788398742675781, 0.011226654052734375, 0.0099334716796875], [0.98199462890625, 0.011730194091796875, 0.006275177001953125], [0.9800491333007812, 0.012645721435546875, 0.007305145263671875], [0.9820098876953125, 0.010833740234375, 0.0071563720703125]], "candidate_count": 442, "candidate_scores_path": "/groups/echambe2/gmeng/MedAL-Agent/repo/code/runs/frozen_v5/candidate_scores/origa__P6__s2000__r5.json", "predictions_path": "", "initial_labeled_path": "/groups/echambe2/gmeng/MedAL-Agent/repo/code/runs/frozen_v5/init_sets/origa__s2000__n8.json", "initial_labeled_ids": [], "selection_diagnostics": {"selu_valid_intersected": true, "selu_target_frac": 0.01646951586008072, "selu_boundary_frac": 9.843127190833911e-05, "selu_score_target_mean": 0.020809737965464592, "selu_score_boundary_mean": 0.625553548336029}, "training": {"num_iters": 1000, "batch_size": 12, "lr": 0.001, "image_size": 512, "aspect_preserve": true, "resolution_policy": "longside_pad32", "preproc_cache": {"pool": "hit", "val": "hit"}, "train_runtime_sec": 2693.1142020225525, "query_runtime_sec": 21.612457275390625, "iters": 5000, "stop_iter": 5000, "mean_loss": 0.17095545651838184, "last_loss": 0.03226154297590256, "stop_reason": "plateau_max", "hit_max_iters": true, "final_smooth_loss": 0.03796141631901264, "best_smooth_loss": 0.03796141631901264, "diverged": false, "loss_curve": [[1000, 0.2449825596809387], [1100, 0.2246312281489372], [1200, 0.22299567967653275], [1300, 0.23747699797153474], [1400, 0.22982340961694717], [1500, 0.20579062268137932], [1600, 0.18551547661423684], [1700, 0.1847117881476879], [1800, 0.16376504696905614], [1900, 0.16169752903282641], [2000, 0.1513097508996725], [2100, 0.1436965633928776], [2200, 0.13572644233703612], [2300, 0.12229298867285252], [2400, 0.11658169567584992], [2500, 0.10958642639219761], [2600, 0.1070187385380268], [2700, 0.09411286599934102], [2800, 0.09473779909312725], [2900, 0.08450345128774643], [3000, 0.08147300913929939], [3100, 0.07865176673978568], [3200, 0.07246096093207598], [3300, 0.06857133831828832], [3400, 0.06812398292124272], [3500, 0.06169203277677297], [3600, 0.06100459270179272], [3700, 0.05732918195426464], [3800, 0.0556422122195363], [3900, 0.053257708363235], [4000, 0.050657421536743644], [4100, 0.04942033465951681], [4200, 0.04893028974533081], [4300, 0.045906039662659166], [4400, 0.045983410254120824], [4500, 0.04522282015532255], [4600, 0.043735694848001], [4700, 0.040858797654509546], [4800, 0.040283220149576665], [4900, 0.03959340494126082], [5000, 0.03796141631901264]]}, "ckpt_id": "origa__P6__s2000__r5", "ckpt_path": "", "ckpt_hash": "592533245e509701f76e94e3c6838484ae231dec41e0a273372fea3718c36756", "config_hash": "bf4ec5f898291681fce09c32cda12c6918044a048969b35e9673716b3b129d33", "feature_cache_keys": {}, "sam_model_type": "", "sam_checkpoint": "", "metrics": {"primary_metric": "mean_dsc_fg_case_macro", "metric_version": "v3_case_macro", "eval_scope": "case_full_volume", "mean_dsc_fg_case_macro": 0.8332512188514777, "mean_dsc_fg": 0.8332512188514777, "mean_dsc_fg_pooled_diagnostic": 0.8355124090244653, "dsc_per_class_pooled": [0.9991668316583694, 0.8271023248050461, 0.8439224932438846], "dsc_per_class": [0.9991668316583694, 0.8271023248050461, 0.8439224932438846], "n_cases": 65, "n_eval": 65, "structure_detection_rate": 1.0, "missed_structure_rate": 0.0}, "runtime_sec": {"train": 2693.1142020225525, "eval": 1.4054536819458008, "select": 21.612457275390625}, "gpu_mem_mb": 9448.486912, "gpu_name": "Tesla V100-PCIE-32GB", "gpu_total_mem_mb": 34072.559616, "foundation": {}, "notes": ""}
{"schema_version": "v3", "run_id": "origa__P6__s2000", "round": 6, "dataset": "origa", "modality": "fundus", "target": "optic_nerve_head", "dim": "2d", "query_unit": "image", "seed": 2000, "round_seed": 2006, "component_seeds": {"model_init_seed": 950698087, "loader_seed": 2450784194, "query_seed": 3575377544, "dropout_seed": 3212423667}, "total_rounds": 7, "budget_denominator": {"full_train_N": 520, "requested_pool_cap": 5000, "actual_AL_pool_N": 520, "budget_plan": [8, 11, 21, 37, 52, 78, 104], "fraction_of_AL_pool": 0.2, "fraction_of_full_train": 0.2}, "policy_id": "P6", "policy_name": "SelectiveUncertaintyAL", "method_version": "1.0", "is_ablation": false, "policy_config": {}, "cumulative_budget": 104, "incremental_query_count": 0, "labeled_count": 104, "labeled_ratio": 0.2, "selected_ids": [], "selected_scores": [], "selected_pred_fg_ratio": [], "selected_pred_class_dist": [], "candidate_count": 0, "candidate_scores_path": "", "predictions_path": "/groups/echambe2/gmeng/MedAL-Agent/repo/code/runs/frozen_v5/predictions/origa__P6__s2000__r6.npz", "initial_labeled_path": "/groups/echambe2/gmeng/MedAL-Agent/repo/code/runs/frozen_v5/init_sets/origa__s2000__n8.json", "initial_labeled_ids": [], "selection_diagnostics": {}, "training": {"num_iters": 1000, "batch_size": 12, "lr": 0.001, "image_size": 512, "aspect_preserve": true, "resolution_policy": "longside_pad32", "preproc_cache": {"pool": "hit", "val": "hit"}, "train_runtime_sec": 2421.6836845874786, "query_runtime_sec": 0.0, "iters": 4500, "stop_iter": 4500, "mean_loss": 0.1766152598236998, "last_loss": 0.03286289423704147, "stop_reason": "plateau", "hit_max_iters": false, "final_smooth_loss": 0.03520012591034174, "best_smooth_loss": 0.03983132848516106, "diverged": false, "loss_curve": [[1000, 0.24387980595231057], [1100, 0.23612957939505577], [1200, 0.23070311143994332], [1300, 0.22536575347185134], [1400, 0.22392573028802873], [1500, 0.20772483214735984], [1600, 0.1986965373158455], [1700, 0.18187355056405066], [1800, 0.17512589782476426], [1900, 0.1599272557348013], [2000, 0.14800586089491843], [2100, 0.14047746494412422], [2200, 0.1221660789102316], [2300, 0.11358745761215687], [2400, 0.10310521125793456], [2500, 0.09402259513735771], [2600, 0.08451424345374108], [2700, 0.07792941734194755], [2800, 0.07469675857573747], [2900, 0.06982004918158054], [3000, 0.06347599118947983], [3100, 0.06150656256824732], [3200, 0.05802893467247486], [3300, 0.05329658597707748], [3400, 0.05187425073236227], [3500, 0.04924135513603687], [3600, 0.04725449733436107], [3700, 0.04573764573782682], [3800, 0.04446641195565462], [3900, 0.04303788967430591], [4000, 0.03983132848516106], [4100, 0.03845867285504937], [4200, 0.03795424561947584], [4300, 0.03729670884087682], [4400, 0.036526186708360914], [4500, 0.03520012591034174]]}, "ckpt_id": "origa__P6__s2000__r6", "ckpt_path": "", "ckpt_hash": "13290c1886661f956b66081bb1518f937f91e22e55027c5cfc6d0d9481c4d7c6", "config_hash": "bf4ec5f898291681fce09c32cda12c6918044a048969b35e9673716b3b129d33", "feature_cache_keys": {}, "sam_model_type": "", "sam_checkpoint": "", "metrics": {"primary_metric": "mean_dsc_fg_case_macro", "metric_version": "v3_case_macro", "eval_scope": "case_full_volume", "mean_dsc_fg_case_macro": 0.8402066957577968, "mean_dsc_fg": 0.8402066957577968, "mean_dsc_fg_pooled_diagnostic": 0.843591586232501, "dsc_per_class_pooled": [0.9991486181162494, 0.8320328734407652, 0.8551502990242367], "dsc_per_class": [0.9991486181162494, 0.8320328734407652, 0.8551502990242367], "n_cases": 65, "n_eval": 65, "structure_detection_rate": 1.0, "missed_structure_rate": 0.0}, "runtime_sec": {"train": 2421.6836845874786, "eval": 1.4246585369110107, "select": 0.0}, "gpu_mem_mb": 9446.651904, "gpu_name": "Tesla V100-PCIE-32GB", "gpu_total_mem_mb": 34072.559616, "foundation": {}, "notes": ""}
