{"schema_version": "v3", "run_id": "origa__P9__s3000", "round": 0, "dataset": "origa", "modality": "fundus", "target": "optic_nerve_head", "dim": "2d", "query_unit": "image", "seed": 3000, "round_seed": 3000, "component_seeds": {"model_init_seed": 4268717614, "loader_seed": 3761024140, "query_seed": 1653928250, "dropout_seed": 3551934248}, "total_rounds": 7, "budget_denominator": {"full_train_N": 520, "requested_pool_cap": 5000, "actual_AL_pool_N": 520, "budget_plan": [8, 11, 21, 37, 52, 78, 104], "fraction_of_AL_pool": 0.2, "fraction_of_full_train": 0.2}, "policy_id": "P9", "policy_name": "PAAL", "method_version": "1.0", "is_ablation": false, "policy_config": {}, "cumulative_budget": 8, "incremental_query_count": 3, "labeled_count": 8, "labeled_ratio": 0.015384615384615385, "selected_ids": ["304", "024", "340"], "selected_scores": [0.016241000965237617, 0.007057628594338894, 0.008049435913562775], "selected_pred_fg_ratio": [0.0120849609375, 0.017887115478515625, 0.01239013671875], "selected_pred_class_dist": [[0.9879150390625, 0.0093536376953125, 0.0027313232421875], [0.9821128845214844, 0.0132904052734375, 0.004596710205078125], [0.98760986328125, 0.00788116455078125, 0.00450897216796875]], "candidate_count": 512, "candidate_scores_path": "/groups/echambe2/gmeng/MedAL-Agent/repo/code/runs/frozen_v5/candidate_scores/origa__P9__s3000__r0.json", "predictions_path": "", "initial_labeled_path": "/groups/echambe2/gmeng/MedAL-Agent/repo/code/runs/frozen_v5/init_sets/origa__s3000__n8.json", "initial_labeled_ids": ["104", "132", "318", "322", "342", "478", "515", "552"], "selection_diagnostics": {"paal_ap_epochs": 200, "paal_ap_loss_mean": 0.0009713118465327853, "paal_ap_loss_last": 2.2057297428546008e-05, "paal_ap_val_corr": NaN, "paal_ap_n_train": 8, "paal_ap_n_val": 0, "paal_pred_acc_mean": 0.995246171951294, "paal_pred_acc_std": 0.0026678370777517557, "paal_score_mean": 0.00476865004748106, "paal_score_std": 0.000990030006505549, "paal_n_clusters": 3, "paal_cluster_sizes": [194, 94, 224], "paal_selected_clusters": [0, 1, 2]}, "training": {"num_iters": 1000, "batch_size": 12, "lr": 0.001, "image_size": 512, "aspect_preserve": true, "resolution_policy": "longside_pad32", "preproc_cache": {"pool": "hit", "val": "hit"}, "train_runtime_sec": 1062.009122133255, "query_runtime_sec": 60.382702589035034, "iters": 2800, "stop_iter": 2800, "mean_loss": 0.12993528304621577, "last_loss": 0.016950633376836777, "stop_reason": "plateau", "hit_max_iters": false, "final_smooth_loss": 0.018084201738238336, "best_smooth_loss": 0.02002161357551813, "diverged": false, "loss_curve": [[1000, 0.03965573541820049], [1100, 0.03788378916680813], [1200, 0.03518330555409193], [1300, 0.03551701620221138], [1400, 0.03300409907475114], [1500, 0.02859612984582782], [1600, 0.03157402604818344], [1700, 0.02818808052688837], [1800, 0.026360917910933493], [1900, 0.02352674450725317], [2000, 0.02336350629106164], [2100, 0.02284255310893059], [2200, 0.022540223095566036], [2300, 0.02002161357551813], [2400, 0.02562976846471429], [2500, 0.02156417679041624], [2600, 0.019534616563469172], [2700, 0.01840637091547251], [2800, 0.018084201738238336]]}, "ckpt_id": "origa__P9__s3000__r0", "ckpt_path": "", "ckpt_hash": "4b7bb28761c766602720f2310b115f02afcdffc5b6cf749bd8227cd385c2fb03", "config_hash": "bf4ec5f898291681fce09c32cda12c6918044a048969b35e9673716b3b129d33", "feature_cache_keys": {"task_unet": "task_unet_bottleneck@4b7bb28761c7"}, "sam_model_type": "", "sam_checkpoint": "", "metrics": {"primary_metric": "mean_dsc_fg_case_macro", "metric_version": "v3_case_macro", "eval_scope": "case_full_volume", "mean_dsc_fg_case_macro": 0.6917775835912267, "mean_dsc_fg": 0.6917775835912267, "mean_dsc_fg_pooled_diagnostic": 0.6819929523242382, "dsc_per_class_pooled": [0.9980626277305584, 0.6934465800855741, 0.6705393245629022], "dsc_per_class": [0.9980626277305584, 0.6934465800855741, 0.6705393245629022], "n_cases": 65, "n_eval": 65, "structure_detection_rate": 1.0, "missed_structure_rate": 0.0}, "runtime_sec": {"train": 1062.009122133255, "eval": 1.4834437370300293, "select": 60.382702589035034}, "gpu_mem_mb": 8107.887616, "gpu_name": "Tesla V100-PCIE-32GB", "gpu_total_mem_mb": 34072.559616, "foundation": {}, "notes": ""}
{"schema_version": "v3", "run_id": "origa__P9__s3000", "round": 1, "dataset": "origa", "modality": "fundus", "target": "optic_nerve_head", "dim": "2d", "query_unit": "image", "seed": 3000, "round_seed": 3001, "component_seeds": {"model_init_seed": 1368497401, "loader_seed": 724338150, "query_seed": 2939650167, "dropout_seed": 1283938365}, "total_rounds": 7, "budget_denominator": {"full_train_N": 520, "requested_pool_cap": 5000, "actual_AL_pool_N": 520, "budget_plan": [8, 11, 21, 37, 52, 78, 104], "fraction_of_AL_pool": 0.2, "fraction_of_full_train": 0.2}, "policy_id": "P9", "policy_name": "PAAL", "method_version": "1.0", "is_ablation": false, "policy_config": {}, "cumulative_budget": 11, "incremental_query_count": 10, "labeled_count": 11, "labeled_ratio": 0.021153846153846155, "selected_ids": ["273", "547", "548", "282", "224", "419", "520", "168", "508", "383"], "selected_scores": [0.01271381787955761, 0.012163719162344933, 0.013979065231978893, 0.008736594580113888, 0.015538024716079235, 0.008353646844625473, 0.009825186803936958, 0.010884496383368969, 0.009387707337737083, 0.007492411881685257], "selected_pred_fg_ratio": [0.01372528076171875, 0.01238250732421875, 0.01371002197265625, 0.01546478271484375, 0.0136566162109375, 0.02193450927734375, 0.01371002197265625, 0.012729644775390625, 0.015384674072265625, 0.015895843505859375], "selected_pred_class_dist": [[0.9862747192382812, 0.006694793701171875, 0.007030487060546875], [0.9876174926757812, 0.008056640625, 0.00432586669921875], [0.9862899780273438, 0.00586700439453125, 0.007843017578125], [0.9845352172851562, 0.00893402099609375, 0.00653076171875], [0.9863433837890625, 0.007465362548828125, 0.006191253662109375], [0.9780654907226562, 0.014923095703125, 0.00701141357421875], [0.9862899780273438, 0.00736236572265625, 0.00634765625], [0.9872703552246094, 0.00865936279296875, 0.004070281982421875], [0.9846153259277344, 0.0079498291015625, 0.007434844970703125], [0.9841041564941406, 0.010852813720703125, 0.00504302978515625]], "candidate_count": 509, "candidate_scores_path": "/groups/echambe2/gmeng/MedAL-Agent/repo/code/runs/frozen_v5/candidate_scores/origa__P9__s3000__r1.json", "predictions_path": "", "initial_labeled_path": "/groups/echambe2/gmeng/MedAL-Agent/repo/code/runs/frozen_v5/init_sets/origa__s3000__n8.json", "initial_labeled_ids": [], "selection_diagnostics": {"paal_ap_epochs": 200, "paal_ap_loss_mean": 3.50556135917941e-05, "paal_ap_loss_last": 1.7037260295182933e-05, "paal_ap_val_corr": 0.9491030944310007, "paal_ap_n_train": 10, "paal_ap_n_val": 1, "paal_pred_acc_mean": 0.9949148297309875, "paal_pred_acc_std": 0.0050264946185052395, "paal_score_mean": 0.005110952537506819, "paal_score_std": 0.002091336762532592, "paal_n_clusters": 6, "paal_cluster_sizes": [66, 117, 43, 100, 72, 111], "paal_selected_clusters": [0, 1, 2, 3, 4, 5, 0, 1, 2, 3]}, "training": {"num_iters": 1000, "batch_size": 12, "lr": 0.001, "image_size": 512, "aspect_preserve": true, "resolution_policy": "longside_pad32", "preproc_cache": {"pool": "hit", "val": "hit"}, "train_runtime_sec": 1330.5641994476318, "query_runtime_sec": 74.90831518173218, "iters": 2700, "stop_iter": 2700, "mean_loss": 0.1139682341836117, "last_loss": 0.02256755530834198, "stop_reason": "plateau", "hit_max_iters": false, "final_smooth_loss": 0.02250591531395912, "best_smooth_loss": 0.025944134797900916, "diverged": false, "loss_curve": [[1000, 0.05621758535504341], [1100, 0.05180329814553261], [1200, 0.04387175949290395], [1300, 0.04477599427103996], [1400, 0.03751939363777637], [1500, 0.036875357013195754], [1600, 0.03569743167608976], [1700, 0.034409506414085626], [1800, 0.03142278080806136], [1900, 0.03025233682245016], [2000, 0.028804403338581322], [2100, 0.02898468455299735], [2200, 0.025944134797900916], [2300, 0.02647921983152628], [2400, 0.02573632599785924], [2500, 0.024424234684556723], [2600, 0.02229155080392957], [2700, 0.02250591531395912]]}, "ckpt_id": "origa__P9__s3000__r1", "ckpt_path": "", "ckpt_hash": "9c215854bc521c37c091b41ca7074bbba8e33f5bba943a3ea70ba5ff9301e394", "config_hash": "bf4ec5f898291681fce09c32cda12c6918044a048969b35e9673716b3b129d33", "feature_cache_keys": {"task_unet": "task_unet_bottleneck@9c215854bc52"}, "sam_model_type": "", "sam_checkpoint": "", "metrics": {"primary_metric": "mean_dsc_fg_case_macro", "metric_version": "v3_case_macro", "eval_scope": "case_full_volume", "mean_dsc_fg_case_macro": 0.7455260813663253, "mean_dsc_fg": 0.7455260813663253, "mean_dsc_fg_pooled_diagnostic": 0.7349473625992649, "dsc_per_class_pooled": [0.9982517490340588, 0.7447898737606022, 0.7251048514379275], "dsc_per_class": [0.9982517490340588, 0.7447898737606022, 0.7251048514379275], "n_cases": 65, "n_eval": 65, "structure_detection_rate": 1.0, "missed_structure_rate": 0.0}, "runtime_sec": {"train": 1330.5641994476318, "eval": 1.460615634918213, "select": 74.90831518173218}, "gpu_mem_mb": 8824.356864, "gpu_name": "Tesla V100-PCIE-32GB", "gpu_total_mem_mb": 34072.559616, "foundation": {}, "notes": ""}
{"schema_version": "v3", "run_id": "origa__P9__s3000", "round": 2, "dataset": "origa", "modality": "fundus", "target": "optic_nerve_head", "dim": "2d", "query_unit": "image", "seed": 3000, "round_seed": 3002, "component_seeds": {"model_init_seed": 3745551808, "loader_seed": 2465835433, "query_seed": 2701088630, "dropout_seed": 1393056386}, "total_rounds": 7, "budget_denominator": {"full_train_N": 520, "requested_pool_cap": 5000, "actual_AL_pool_N": 520, "budget_plan": [8, 11, 21, 37, 52, 78, 104], "fraction_of_AL_pool": 0.2, "fraction_of_full_train": 0.2}, "policy_id": "P9", "policy_name": "PAAL", "method_version": "1.0", "is_ablation": false, "policy_config": {}, "cumulative_budget": 21, "incremental_query_count": 16, "labeled_count": 21, "labeled_ratio": 0.04038461538461539, "selected_ids": ["212", "526", "158", "557", "327", "218", "462", "464", "502", "386", "009", "611", "438", "536", "614", "146"], "selected_scores": [0.005863470491021872, 0.005719417240470648, 0.006234829314053059, 0.0076994686387479305, 0.006336227059364319, 0.005814609583467245, 0.005712124519050121, 0.005715297069400549, 0.005216955207288265, 0.0058303228579461575, 0.0066472007893025875, 0.006217833608388901, 0.005778069607913494, 0.005019466858357191, 0.005254478193819523, 0.005205453373491764], "selected_pred_fg_ratio": [0.015575408935546875, 0.0185699462890625, 0.01611328125, 0.01390838623046875, 0.01334381103515625, 0.012638092041015625, 0.014495849609375, 0.012081146240234375, 0.020587921142578125, 0.014736175537109375, 0.016815185546875, 0.01324462890625, 0.015430450439453125, 0.016048431396484375, 0.014728546142578125, 0.02146148681640625], "selected_pred_class_dist": [[0.9844245910644531, 0.009578704833984375, 0.0059967041015625], [0.9814300537109375, 0.008148193359375, 0.0104217529296875], [0.98388671875, 0.008029937744140625, 0.008083343505859375], [0.9860916137695312, 0.005207061767578125, 0.008701324462890625], [0.9866561889648438, 0.00689697265625, 0.00644683837890625], [0.9873619079589844, 0.006404876708984375, 0.00623321533203125], [0.985504150390625, 0.00780487060546875, 0.00669097900390625], [0.9879188537597656, 0.007965087890625, 0.004116058349609375], [0.9794120788574219, 0.009685516357421875, 0.01090240478515625], [0.9852638244628906, 0.00731658935546875, 0.007419586181640625], [0.983184814453125, 0.00734710693359375, 0.00946807861328125], [0.98675537109375, 0.005550384521484375, 0.007694244384765625], [0.9845695495605469, 0.007793426513671875, 0.00763702392578125], [0.9839515686035156, 0.00904083251953125, 0.007007598876953125], [0.9852714538574219, 0.00963592529296875, 0.005092620849609375], [0.9785385131835938, 0.01036834716796875, 0.0110931396484375]], "candidate_count": 499, "candidate_scores_path": "/groups/echambe2/gmeng/MedAL-Agent/repo/code/runs/frozen_v5/candidate_scores/origa__P9__s3000__r2.json", "predictions_path": "", "initial_labeled_path": "/groups/echambe2/gmeng/MedAL-Agent/repo/code/runs/frozen_v5/init_sets/origa__s3000__n8.json", "initial_labeled_ids": [], "selection_diagnostics": {"paal_ap_epochs": 200, "paal_ap_loss_mean": 9.246092780757994e-06, "paal_ap_loss_last": 6.957586863695485e-06, "paal_ap_val_corr": 0.8915675650521083, "paal_ap_n_train": 19, "paal_ap_n_val": 2, "paal_pred_acc_mean": 0.9960361123085022, "paal_pred_acc_std": 0.003171323100104928, "paal_score_mean": 0.003976814914494753, "paal_score_std": 0.0008326026145368814, "paal_n_clusters": 7, "paal_cluster_sizes": [101, 58, 23, 97, 98, 63, 59], "paal_selected_clusters": [0, 1, 2, 3, 4, 5, 6, 0, 1, 2, 3, 4, 5, 6, 0, 1]}, "training": {"num_iters": 1000, "batch_size": 12, "lr": 0.001, "image_size": 512, "aspect_preserve": true, "resolution_policy": "longside_pad32", "preproc_cache": {"pool": "hit", "val": "hit"}, "train_runtime_sec": 1474.5759437084198, "query_runtime_sec": 124.56776857376099, "iters": 2800, "stop_iter": 2800, "mean_loss": 0.1268711937867504, "last_loss": 0.01855270378291607, "stop_reason": "plateau", "hit_max_iters": false, "final_smooth_loss": 0.01940855017863214, "best_smooth_loss": 0.022058833669871093, "diverged": false, "loss_curve": [[1000, 0.05529491741210222], [1100, 0.04798644170165062], [1200, 0.04489315222948789], [1300, 0.04085055503994226], [1400, 0.038088688310235735], [1500, 0.0347970181144774], [1600, 0.032430552821606395], [1700, 0.031005025394260883], [1800, 0.03001521687954664], [1900, 0.027585189621895552], [2000, 0.02565690057352185], [2100, 0.025416296161711215], [2200, 0.02373267127200961], [2300, 0.022058833669871093], [2400, 0.022232066988945007], [2500, 0.020817978344857692], [2600, 0.02025877807289362], [2700, 0.019003042709082364], [2800, 0.01940855017863214]]}, "ckpt_id": "origa__P9__s3000__r2", "ckpt_path": "", "ckpt_hash": "4bf20af0cb2ba4016b9df6e97cc4fbadcb0532ee42800dad2b2e8c1495491375", "config_hash": "bf4ec5f898291681fce09c32cda12c6918044a048969b35e9673716b3b129d33", "feature_cache_keys": {"task_unet": "task_unet_bottleneck@4bf20af0cb2b"}, "sam_model_type": "", "sam_checkpoint": "", "metrics": {"primary_metric": "mean_dsc_fg_case_macro", "metric_version": "v3_case_macro", "eval_scope": "case_full_volume", "mean_dsc_fg_case_macro": 0.7387890260460688, "mean_dsc_fg": 0.7387890260460688, "mean_dsc_fg_pooled_diagnostic": 0.7358683681205735, "dsc_per_class_pooled": [0.9983615075872735, 0.7225710926272699, 0.7491656436138772], "dsc_per_class": [0.9983615075872735, 0.7225710926272699, 0.7491656436138772], "n_cases": 65, "n_eval": 65, "structure_detection_rate": 1.0, "missed_structure_rate": 0.0}, "runtime_sec": {"train": 1474.5759437084198, "eval": 1.448270559310913, "select": 124.56776857376099}, "gpu_mem_mb": 9605.218304, "gpu_name": "Tesla V100-PCIE-32GB", "gpu_total_mem_mb": 34072.559616, "foundation": {}, "notes": ""}
{"schema_version": "v3", "run_id": "origa__P9__s3000", "round": 3, "dataset": "origa", "modality": "fundus", "target": "optic_nerve_head", "dim": "2d", "query_unit": "image", "seed": 3000, "round_seed": 3003, "component_seeds": {"model_init_seed": 3579842532, "loader_seed": 3462212509, "query_seed": 3091667733, "dropout_seed": 1977868587}, "total_rounds": 7, "budget_denominator": {"full_train_N": 520, "requested_pool_cap": 5000, "actual_AL_pool_N": 520, "budget_plan": [8, 11, 21, 37, 52, 78, 104], "fraction_of_AL_pool": 0.2, "fraction_of_full_train": 0.2}, "policy_id": "P9", "policy_name": "PAAL", "method_version": "1.0", "is_ablation": false, "policy_config": {}, "cumulative_budget": 37, "incremental_query_count": 15, "labeled_count": 37, "labeled_ratio": 0.07115384615384615, "selected_ids": ["457", "509", "473", "152", "620", "053", "532", "186", "325", "454", "314", "529", "412", "302", "344"], "selected_scores": [0.012273825705051422, 0.013735226355493069, 0.01159140095114708, 0.012002116069197655, 0.013130503706634045, 0.01190142147243023, 0.011258403770625591, 0.013160920701920986, 0.011493472382426262, 0.011305726133286953, 0.013073965907096863, 0.01118980348110199, 0.011150499805808067, 0.012471931986510754, 0.011224590241909027], "selected_pred_fg_ratio": [0.014495849609375, 0.011508941650390625, 0.014026641845703125, 0.012470245361328125, 0.014331817626953125, 0.01587677001953125, 0.012882232666015625, 0.012714385986328125, 0.0145263671875, 0.015491485595703125, 0.012287139892578125, 0.01653289794921875, 0.0118560791015625, 0.01305389404296875, 0.0139007568359375], "selected_pred_class_dist": [[0.985504150390625, 0.008655548095703125, 0.005840301513671875], [0.9884910583496094, 0.007228851318359375, 0.00428009033203125], [0.9859733581542969, 0.006465911865234375, 0.00756072998046875], [0.9875297546386719, 0.008693695068359375, 0.00377655029296875], [0.9856681823730469, 0.00780487060546875, 0.006526947021484375], [0.9841232299804688, 0.00888824462890625, 0.006988525390625], [0.9871177673339844, 0.00910186767578125, 0.003780364990234375], [0.9872856140136719, 0.0088043212890625, 0.003910064697265625], [0.9854736328125, 0.009311676025390625, 0.005214691162109375], [0.9845085144042969, 0.009212493896484375, 0.00627899169921875], [0.9877128601074219, 0.005603790283203125, 0.006683349609375], [0.9834671020507812, 0.011890411376953125, 0.004642486572265625], [0.9881439208984375, 0.0081939697265625, 0.003662109375], [0.9869461059570312, 0.0082855224609375, 0.00476837158203125], [0.9860992431640625, 0.009662628173828125, 0.004238128662109375]], "candidate_count": 483, "candidate_scores_path": "/groups/echambe2/gmeng/MedAL-Agent/repo/code/runs/frozen_v5/candidate_scores/origa__P9__s3000__r3.json", "predictions_path": "", "initial_labeled_path": "/groups/echambe2/gmeng/MedAL-Agent/repo/code/runs/frozen_v5/init_sets/origa__s3000__n8.json", "initial_labeled_ids": [], "selection_diagnostics": {"paal_ap_epochs": 200, "paal_ap_loss_mean": 2.4868801663068458e-05, "paal_ap_loss_last": 2.233951957297155e-05, "paal_ap_val_corr": 0.7944784999166232, "paal_ap_n_train": 34, "paal_ap_n_val": 3, "paal_pred_acc_mean": 0.9912652969360352, "paal_pred_acc_std": 0.006642406806349754, "paal_score_mean": 0.008795592933893204, "paal_score_std": 0.001483418163843453, "paal_n_clusters": 6, "paal_cluster_sizes": [81, 81, 105, 44, 75, 97], "paal_selected_clusters": [0, 1, 2, 3, 4, 5, 0, 1, 2, 3, 4, 5, 0, 1, 2]}, "training": {"num_iters": 1000, "batch_size": 12, "lr": 0.001, "image_size": 512, "aspect_preserve": true, "resolution_policy": "longside_pad32", "preproc_cache": {"pool": "hit", "val": "hit"}, "train_runtime_sec": 1780.5087895393372, "query_runtime_sec": 210.58138847351074, "iters": 3400, "stop_iter": 3400, "mean_loss": 0.14014908381956903, "last_loss": 0.022700974717736244, "stop_reason": "plateau", "hit_max_iters": false, "final_smooth_loss": 0.023297297712415458, "best_smooth_loss": 0.02806965271010995, "diverged": false, "loss_curve": [[1000, 0.10906577415764332], [1100, 0.09667676389217376], [1200, 0.08385002292692662], [1300, 0.07141868837177753], [1400, 0.0644031399488449], [1500, 0.060905014984309676], [1600, 0.05346218317747116], [1700, 0.05100331671535969], [1800, 0.049392833933234216], [1900, 0.04540585920214653], [2000, 0.04259814795106649], [2100, 0.03964296188205481], [2200, 0.03710979780182242], [2300, 0.034832405485212804], [2400, 0.03308328894898296], [2500, 0.0312161460891366], [2600, 0.03288018712773919], [2700, 0.03047714838758111], [2800, 0.028397445436567068], [2900, 0.02806965271010995], [3000, 0.026095301397144794], [3100, 0.024701375458389522], [3200, 0.024310288280248643], [3300, 0.023103346321731805], [3400, 0.023297297712415458]]}, "ckpt_id": "origa__P9__s3000__r3", "ckpt_path": "", "ckpt_hash": "a94c09ef3067ca4bdcdaec22fdf72687218c99797b4310858cff51a2ea08e48c", "config_hash": "bf4ec5f898291681fce09c32cda12c6918044a048969b35e9673716b3b129d33", "feature_cache_keys": {"task_unet": "task_unet_bottleneck@a94c09ef3067"}, "sam_model_type": "", "sam_checkpoint": "", "metrics": {"primary_metric": "mean_dsc_fg_case_macro", "metric_version": "v3_case_macro", "eval_scope": "case_full_volume", "mean_dsc_fg_case_macro": 0.7599368330539723, "mean_dsc_fg": 0.7599368330539723, "mean_dsc_fg_pooled_diagnostic": 0.7538164695760288, "dsc_per_class_pooled": [0.9984956350274472, 0.7526670854935209, 0.7549658536585366], "dsc_per_class": [0.9984956350274472, 0.7526670854935209, 0.7549658536585366], "n_cases": 65, "n_eval": 65, "structure_detection_rate": 1.0, "missed_structure_rate": 0.0}, "runtime_sec": {"train": 1780.5087895393372, "eval": 1.4013845920562744, "select": 210.58138847351074}, "gpu_mem_mb": 9606.250496, "gpu_name": "Tesla V100-PCIE-32GB", "gpu_total_mem_mb": 34072.559616, "foundation": {}, "notes": ""}
{"schema_version": "v3", "run_id": "origa__P9__s3000", "round": 4, "dataset": "origa", "modality": "fundus", "target": "optic_nerve_head", "dim": "2d", "query_unit": "image", "seed": 3000, "round_seed": 3004, "component_seeds": {"model_init_seed": 1298922563, "loader_seed": 4234259380, "query_seed": 3641520638, "dropout_seed": 3440374736}, "total_rounds": 7, "budget_denominator": {"full_train_N": 520, "requested_pool_cap": 5000, "actual_AL_pool_N": 520, "budget_plan": [8, 11, 21, 37, 52, 78, 104], "fraction_of_AL_pool": 0.2, "fraction_of_full_train": 0.2}, "policy_id": "P9", "policy_name": "PAAL", "method_version": "1.0", "is_ablation": false, "policy_config": {}, "cumulative_budget": 52, "incremental_query_count": 26, "labeled_count": 52, "labeled_ratio": 0.1, "selected_ids": ["120", "538", "554", "455", "112", "378", "594", "522", "521", "628", "109", "209", "157", "315", "534", "300", "090", "451", "108", "288", "519", "601", "281", "471", "291", "081"], "selected_scores": [0.013917929492890835, 0.015133018605411053, 0.014887282624840736, 0.013453908264636993, 0.01560700312256813, 0.013066555373370647, 0.017603885382413864, 0.012148715555667877, 0.014443822205066681, 0.014353754930198193, 0.013349197804927826, 0.01509932056069374, 0.01142725721001625, 0.014271197840571404, 0.011928032152354717, 0.013131234794855118, 0.013493776321411133, 0.013297687284648418, 0.013280913233757019, 0.010498268529772758, 0.013242913410067558, 0.0117851747199893, 0.012770665809512138, 0.013485414907336235, 0.01302073709666729, 0.013276341371238232], "selected_pred_fg_ratio": [0.012287139892578125, 0.013439178466796875, 0.0125274658203125, 0.0143280029296875, 0.011051177978515625, 0.015048980712890625, 0.011768341064453125, 0.016696929931640625, 0.018459320068359375, 0.01764678955078125, 0.013668060302734375, 0.013530731201171875, 0.01709747314453125, 0.011745452880859375, 0.017669677734375, 0.01372528076171875, 0.0167083740234375, 0.0159149169921875, 0.013233184814453125, 0.01590728759765625, 0.01703643798828125, 0.016666412353515625, 0.0183868408203125, 0.0154876708984375, 0.014606475830078125, 0.012363433837890625], "selected_pred_class_dist": [[0.9877128601074219, 0.00875091552734375, 0.003536224365234375], [0.9865608215332031, 0.00962066650390625, 0.003818511962890625], [0.9874725341796875, 0.0081634521484375, 0.004364013671875], [0.9856719970703125, 0.01039886474609375, 0.00392913818359375], [0.9889488220214844, 0.008190155029296875, 0.00286102294921875], [0.9849510192871094, 0.00704193115234375, 0.008007049560546875], [0.9882316589355469, 0.007427215576171875, 0.00434112548828125], [0.9833030700683594, 0.01187896728515625, 0.004817962646484375], [0.9815406799316406, 0.012371063232421875, 0.0060882568359375], [0.9823532104492188, 0.011531829833984375, 0.006114959716796875], [0.9863319396972656, 0.009571075439453125, 0.00409698486328125], [0.9864692687988281, 0.01003265380859375, 0.003498077392578125], [0.9829025268554688, 0.010894775390625, 0.00620269775390625], [0.9882545471191406, 0.007884979248046875, 0.0038604736328125], [0.982330322265625, 0.011383056640625, 0.00628662109375], [0.9862747192382812, 0.00894927978515625, 0.0047760009765625], [0.9832916259765625, 0.010349273681640625, 0.006359100341796875], [0.9840850830078125, 0.011760711669921875, 0.004154205322265625], [0.9867668151855469, 0.009677886962890625, 0.0035552978515625], [0.9840927124023438, 0.00962066650390625, 0.00628662109375], [0.9829635620117188, 0.0115966796875, 0.00543975830078125], [0.9833335876464844, 0.011348724365234375, 0.00531768798828125], [0.9816131591796875, 0.011363983154296875, 0.007022857666015625], [0.9845123291015625, 0.01078033447265625, 0.00470733642578125], [0.9853935241699219, 0.010196685791015625, 0.0044097900390625], [0.9876365661621094, 0.009246826171875, 0.003116607666015625]], "candidate_count": 468, "candidate_scores_path": "/groups/echambe2/gmeng/MedAL-Agent/repo/code/runs/frozen_v5/candidate_scores/origa__P9__s3000__r4.json", "predictions_path": "", "initial_labeled_path": "/groups/echambe2/gmeng/MedAL-Agent/repo/code/runs/frozen_v5/init_sets/origa__s3000__n8.json", "initial_labeled_ids": [], "selection_diagnostics": {"paal_ap_epochs": 200, "paal_ap_loss_mean": 2.7317928358444717e-05, "paal_ap_loss_last": 2.421089072626312e-05, "paal_ap_val_corr": 0.7930968512499327, "paal_ap_n_train": 47, "paal_ap_n_val": 5, "paal_pred_acc_mean": 0.9913464188575745, "paal_pred_acc_std": 0.007283364422619343, "paal_score_mean": 0.00871822889894247, "paal_score_std": 0.0024218859616667032, "paal_n_clusters": 7, "paal_cluster_sizes": [48, 98, 104, 78, 72, 25, 43], "paal_selected_clusters": [0, 1, 2, 3, 4, 5, 6, 0, 1, 2, 3, 4, 5, 6, 0, 1, 2, 3, 4, 5, 6, 0, 1, 2, 3, 4]}, "training": {"num_iters": 1000, "batch_size": 12, "lr": 0.001, "image_size": 512, "aspect_preserve": true, "resolution_policy": "longside_pad32", "preproc_cache": {"pool": "hit", "val": "hit"}, "train_runtime_sec": 1863.4328474998474, "query_runtime_sec": 281.1515293121338, "iters": 3500, "stop_iter": 3500, "mean_loss": 0.13561240251043014, "last_loss": 0.022696683183312416, "stop_reason": "plateau", "hit_max_iters": false, "final_smooth_loss": 0.028556785266846418, "best_smooth_loss": 0.03146619508042932, "diverged": false, "loss_curve": [[1000, 0.15190565802156925], [1100, 0.12113981626927853], [1200, 0.10665650881826877], [1300, 0.09687322191894054], [1400, 0.08625322382897138], [1500, 0.07683196343481541], [1600, 0.06705239750444889], [1700, 0.0617912956699729], [1800, 0.05955137871205807], [1900, 0.05291947983205318], [2000, 0.04975071366876364], [2100, 0.04826570283621549], [2200, 0.04530270073562861], [2300, 0.042480144873261454], [2400, 0.042699760533869265], [2500, 0.04039582435041666], [2600, 0.038380104694515464], [2700, 0.03657954342663288], [2800, 0.03783812051638961], [2900, 0.03353359511122107], [3000, 0.03146619508042932], [3100, 0.03255896395072341], [3200, 0.030917701367288827], [3300, 0.030590600315481425], [3400, 0.027082684636116027], [3500, 0.028556785266846418]]}, "ckpt_id": "origa__P9__s3000__r4", "ckpt_path": "", "ckpt_hash": "e09a829efebe908202c6b5ee7caa128fbef0b8210d30c5fe97881bafaa6186f6", "config_hash": "bf4ec5f898291681fce09c32cda12c6918044a048969b35e9673716b3b129d33", "feature_cache_keys": {"task_unet": "task_unet_bottleneck@e09a829efebe"}, "sam_model_type": "", "sam_checkpoint": "", "metrics": {"primary_metric": "mean_dsc_fg_case_macro", "metric_version": "v3_case_macro", "eval_scope": "case_full_volume", "mean_dsc_fg_case_macro": 0.7866229375960606, "mean_dsc_fg": 0.7866229375960606, "mean_dsc_fg_pooled_diagnostic": 0.78353749811898, "dsc_per_class_pooled": [0.9985867363950296, 0.7732645116136652, 0.7938104846242947], "dsc_per_class": [0.9985867363950296, 0.7732645116136652, 0.7938104846242947], "n_cases": 65, "n_eval": 65, "structure_detection_rate": 1.0, "missed_structure_rate": 0.0}, "runtime_sec": {"train": 1863.4328474998474, "eval": 1.445112705230713, "select": 281.1515293121338}, "gpu_mem_mb": 9609.674752, "gpu_name": "Tesla V100-PCIE-32GB", "gpu_total_mem_mb": 34072.559616, "foundation": {}, "notes": ""}
{"schema_version": "v3", "run_id": "origa__P9__s3000", "round": 5, "dataset": "origa", "modality": "fundus", "target": "optic_nerve_head", "dim": "2d", "query_unit": "image", "seed": 3000, "round_seed": 3005, "component_seeds": {"model_init_seed": 553458980, "loader_seed": 435351753, "query_seed": 2500301191, "dropout_seed": 2225428026}, "total_rounds": 7, "budget_denominator": {"full_train_N": 520, "requested_pool_cap": 5000, "actual_AL_pool_N": 520, "budget_plan": [8, 11, 21, 37, 52, 78, 104], "fraction_of_AL_pool": 0.2, "fraction_of_full_train": 0.2}, "policy_id": "P9", "policy_name": "PAAL", "method_version": "1.0", "is_ablation": false, "policy_config": {}, "cumulative_budget": 78, "incremental_query_count": 26, "labeled_count": 78, "labeled_ratio": 0.15, "selected_ids": ["370", "352", "612", "535", "334", "599", "093", "014", "558", "237", "360", "490", "050", "264", "307", "555", "413", "156", "636", "491", "409", "296", "117", "200", "470", "527"], "selected_scores": [0.014870349317789078, 0.016738183796405792, 0.01464008167386055, 0.014199059456586838, 0.01620475761592388, 0.015627577900886536, 0.012316068634390831, 0.013813799247145653, 0.015937112271785736, 0.014377406798303127, 0.013898767530918121, 0.015877552330493927, 0.014325542375445366, 0.011598177254199982, 0.013432078063488007, 0.015468249097466469, 0.01427203044295311, 0.013558583334088326, 0.01434814091771841, 0.013876611366868019, 0.009684335440397263, 0.013161128386855125, 0.01485153567045927, 0.013898063451051712, 0.013260766863822937, 0.013176580891013145], "selected_pred_fg_ratio": [0.015972137451171875, 0.011505126953125, 0.009494781494140625, 0.012432098388671875, 0.013126373291015625, 0.013336181640625, 0.0170745849609375, 0.01367950439453125, 0.014240264892578125, 0.014278411865234375, 0.0168304443359375, 0.012622833251953125, 0.014312744140625, 0.016357421875, 0.01331329345703125, 0.014438629150390625, 0.011844635009765625, 0.013217926025390625, 0.013553619384765625, 0.0120086669921875, 0.0134735107421875, 0.01508331298828125, 0.01866912841796875, 0.01966094970703125, 0.018657684326171875, 0.012786865234375], "selected_pred_class_dist": [[0.9840278625488281, 0.011135101318359375, 0.0048370361328125], [0.988494873046875, 0.00753021240234375, 0.00397491455078125], [0.9905052185058594, 0.006038665771484375, 0.00345611572265625], [0.9875679016113281, 0.00849151611328125, 0.003940582275390625], [0.9868736267089844, 0.00923919677734375, 0.003887176513671875], [0.986663818359375, 0.0088043212890625, 0.0045318603515625], [0.9829254150390625, 0.0108184814453125, 0.006256103515625], [0.9863204956054688, 0.0107421875, 0.00293731689453125], [0.9857597351074219, 0.01000213623046875, 0.004238128662109375], [0.9857215881347656, 0.009769439697265625, 0.00450897216796875], [0.9831695556640625, 0.0121002197265625, 0.004730224609375], [0.9873771667480469, 0.008777618408203125, 0.00384521484375], [0.985687255859375, 0.008304595947265625, 0.006008148193359375], [0.983642578125, 0.011684417724609375, 0.004673004150390625], [0.9866867065429688, 0.0092315673828125, 0.00408172607421875], [0.9855613708496094, 0.01045989990234375, 0.003978729248046875], [0.9881553649902344, 0.007839202880859375, 0.00400543212890625], [0.9867820739746094, 0.00919342041015625, 0.004024505615234375], [0.9864463806152344, 0.009441375732421875, 0.00411224365234375], [0.9879913330078125, 0.00829315185546875, 0.00371551513671875], [0.9865264892578125, 0.0093994140625, 0.0040740966796875], [0.9849166870117188, 0.010738372802734375, 0.004344940185546875], [0.9813308715820312, 0.0110015869140625, 0.00766754150390625], [0.9803390502929688, 0.011508941650390625, 0.008152008056640625], [0.9813423156738281, 0.013332366943359375, 0.0053253173828125], [0.987213134765625, 0.008358001708984375, 0.004428863525390625]], "candidate_count": 442, "candidate_scores_path": "/groups/echambe2/gmeng/MedAL-Agent/repo/code/runs/frozen_v5/candidate_scores/origa__P9__s3000__r5.json", "predictions_path": "", "initial_labeled_path": "/groups/echambe2/gmeng/MedAL-Agent/repo/code/runs/frozen_v5/init_sets/origa__s3000__n8.json", "initial_labeled_ids": [], "selection_diagnostics": {"paal_ap_epochs": 200, "paal_ap_loss_mean": 1.5786912393369693e-05, "paal_ap_loss_last": 9.638480471142136e-06, "paal_ap_val_corr": 0.8834622932240247, "paal_ap_n_train": 71, "paal_ap_n_val": 7, "paal_pred_acc_mean": 0.9902462363243103, "paal_pred_acc_std": 0.007818251848220825, "paal_score_mean": 0.009832721203565598, "paal_score_std": 0.0023120001424103975, "paal_n_clusters": 7, "paal_cluster_sizes": [79, 68, 68, 66, 75, 68, 18], "paal_selected_clusters": [0, 1, 2, 3, 4, 5, 6, 0, 1, 2, 3, 4, 5, 6, 0, 1, 2, 3, 4, 5, 6, 0, 1, 2, 3, 4]}, "training": {"num_iters": 1000, "batch_size": 12, "lr": 0.001, "image_size": 512, "aspect_preserve": true, "resolution_policy": "longside_pad32", "preproc_cache": {"pool": "hit", "val": "hit"}, "train_runtime_sec": 2290.6770329475403, "query_runtime_sec": 415.4910342693329, "iters": 4300, "stop_iter": 4300, "mean_loss": 0.1384698892120532, "last_loss": 0.024022601544857025, "stop_reason": "plateau", "hit_max_iters": false, "final_smooth_loss": 0.026718731857836246, "best_smooth_loss": 0.03065559482201934, "diverged": false, "loss_curve": [[1000, 0.1805371107161045], [1100, 0.18111911296844482], [1200, 0.1705909273773432], [1300, 0.15040831170976163], [1400, 0.14013430938124657], [1500, 0.1311391993612051], [1600, 0.12087110243737698], [1700, 0.10330175928771496], [1800, 0.09501602329313755], [1900, 0.08702076271176339], [2000, 0.0792836719378829], [2100, 0.07217281401157379], [2200, 0.06629481703042985], [2300, 0.060444222576916215], [2400, 0.05681753121316433], [2500, 0.05327925410121679], [2600, 0.048373542875051495], [2700, 0.04757911991328001], [2800, 0.043777175545692444], [2900, 0.041931302100419995], [3000, 0.04152908395975828], [3100, 0.03950345128774643], [3200, 0.038408203907310964], [3300, 0.03591275043785572], [3400, 0.034552654046565295], [3500, 0.033349583633244036], [3600, 0.03240920944139361], [3700, 0.031578609440475705], [3800, 0.03065559482201934], [3900, 0.030322163850069046], [4000, 0.029101697187870743], [4100, 0.028081837054342033], [4200, 0.026646510455757378], [4300, 0.026718731857836246]]}, "ckpt_id": "origa__P9__s3000__r5", "ckpt_path": "", "ckpt_hash": "6473006aa54840f087545a530fdfa1ce438cd08fd616fff3989b070283f886af", "config_hash": "bf4ec5f898291681fce09c32cda12c6918044a048969b35e9673716b3b129d33", "feature_cache_keys": {"task_unet": "task_unet_bottleneck@6473006aa548"}, "sam_model_type": "", "sam_checkpoint": "", "metrics": {"primary_metric": "mean_dsc_fg_case_macro", "metric_version": "v3_case_macro", "eval_scope": "case_full_volume", "mean_dsc_fg_case_macro": 0.7835304912817324, "mean_dsc_fg": 0.7835304912817324, "mean_dsc_fg_pooled_diagnostic": 0.7863963878559095, "dsc_per_class_pooled": [0.9987338989185265, 0.7795541344702016, 0.7932386412416175], "dsc_per_class": [0.9987338989185265, 0.7795541344702016, 0.7932386412416175], "n_cases": 65, "n_eval": 65, "structure_detection_rate": 1.0, "missed_structure_rate": 0.0}, "runtime_sec": {"train": 2290.6770329475403, "eval": 1.4397411346435547, "select": 415.4910342693329}, "gpu_mem_mb": 9603.923968, "gpu_name": "Tesla V100-PCIE-32GB", "gpu_total_mem_mb": 34072.559616, "foundation": {}, "notes": ""}
{"schema_version": "v3", "run_id": "origa__P9__s3000", "round": 6, "dataset": "origa", "modality": "fundus", "target": "optic_nerve_head", "dim": "2d", "query_unit": "image", "seed": 3000, "round_seed": 3006, "component_seeds": {"model_init_seed": 3088472493, "loader_seed": 3480093225, "query_seed": 582398202, "dropout_seed": 4156676719}, "total_rounds": 7, "budget_denominator": {"full_train_N": 520, "requested_pool_cap": 5000, "actual_AL_pool_N": 520, "budget_plan": [8, 11, 21, 37, 52, 78, 104], "fraction_of_AL_pool": 0.2, "fraction_of_full_train": 0.2}, "policy_id": "P9", "policy_name": "PAAL", "method_version": "1.0", "is_ablation": false, "policy_config": {}, "cumulative_budget": 104, "incremental_query_count": 0, "labeled_count": 104, "labeled_ratio": 0.2, "selected_ids": [], "selected_scores": [], "selected_pred_fg_ratio": [], "selected_pred_class_dist": [], "candidate_count": 0, "candidate_scores_path": "", "predictions_path": "/groups/echambe2/gmeng/MedAL-Agent/repo/code/runs/frozen_v5/predictions/origa__P9__s3000__r6.npz", "initial_labeled_path": "/groups/echambe2/gmeng/MedAL-Agent/repo/code/runs/frozen_v5/init_sets/origa__s3000__n8.json", "initial_labeled_ids": [], "selection_diagnostics": {}, "training": {"num_iters": 1000, "batch_size": 12, "lr": 0.001, "image_size": 512, "aspect_preserve": true, "resolution_policy": "longside_pad32", "preproc_cache": {"pool": "hit", "val": "hit"}, "train_runtime_sec": 2359.2179374694824, "query_runtime_sec": 0.0, "iters": 4500, "stop_iter": 4500, "mean_loss": 0.15788741752836438, "last_loss": 0.03147820383310318, "stop_reason": "plateau", "hit_max_iters": false, "final_smooth_loss": 0.03464457800611854, "best_smooth_loss": 0.039236976876854894, "diverged": false, "loss_curve": [[1000, 0.21757398337125777], [1100, 0.20577430069446564], [1200, 0.1973112367093563], [1300, 0.18740169510245322], [1400, 0.1854977448284626], [1500, 0.17715260177850722], [1600, 0.1682379300147295], [1700, 0.15966682702302934], [1800, 0.14648754872381686], [1900, 0.1415987341105938], [2000, 0.12937120765447616], [2100, 0.11767143063247204], [2200, 0.1258687776327133], [2300, 0.10480585478246213], [2400, 0.09524953648447991], [2500, 0.08896061547100544], [2600, 0.08344085082411766], [2700, 0.07216427564620971], [2800, 0.07249067321419717], [2900, 0.06547320272773505], [3000, 0.06383394807577134], [3100, 0.056746134087443355], [3200, 0.05601116355508566], [3300, 0.05209349136799574], [3400, 0.050387402437627314], [3500, 0.04823682349175215], [3600, 0.045006805881857875], [3700, 0.04394181750714779], [3800, 0.043691144958138466], [3900, 0.04318018704652786], [4000, 0.039236976876854894], [4100, 0.03738758897408843], [4200, 0.037877693697810175], [4300, 0.03655448483303189], [4400, 0.03517690030857921], [4500, 0.03464457800611854]]}, "ckpt_id": "origa__P9__s3000__r6", "ckpt_path": "", "ckpt_hash": "46d4af8211dfecb779491e18e4f71118c960c5f9b78604c7b25a20724f78548a", "config_hash": "bf4ec5f898291681fce09c32cda12c6918044a048969b35e9673716b3b129d33", "feature_cache_keys": {}, "sam_model_type": "", "sam_checkpoint": "", "metrics": {"primary_metric": "mean_dsc_fg_case_macro", "metric_version": "v3_case_macro", "eval_scope": "case_full_volume", "mean_dsc_fg_case_macro": 0.8007478986176233, "mean_dsc_fg": 0.8007478986176233, "mean_dsc_fg_pooled_diagnostic": 0.7952167795012959, "dsc_per_class_pooled": [0.9985998020102206, 0.7796402782475698, 0.810793280755022], "dsc_per_class": [0.9985998020102206, 0.7796402782475698, 0.810793280755022], "n_cases": 65, "n_eval": 65, "structure_detection_rate": 1.0, "missed_structure_rate": 0.0}, "runtime_sec": {"train": 2359.2179374694824, "eval": 1.411102533340454, "select": 0.0}, "gpu_mem_mb": 9607.512064, "gpu_name": "Tesla V100-PCIE-32GB", "gpu_total_mem_mb": 34072.559616, "foundation": {}, "notes": ""}
