{"schema_version": "v3", "run_id": "origa__P1__s2000", "round": 0, "dataset": "origa", "modality": "fundus", "target": "optic_nerve_head", "dim": "2d", "query_unit": "image", "seed": 2000, "round_seed": 2000, "component_seeds": {"model_init_seed": 1733582241, "loader_seed": 3333593949, "query_seed": 2915079519, "dropout_seed": 1768907296}, "total_rounds": 7, "budget_denominator": {"full_train_N": 520, "requested_pool_cap": 5000, "actual_AL_pool_N": 520, "budget_plan": [8, 11, 21, 37, 52, 78, 104], "fraction_of_AL_pool": 0.2, "fraction_of_full_train": 0.2}, "policy_id": "P1", "policy_name": "EntropyFull", "method_version": "1.0", "is_ablation": false, "policy_config": {}, "cumulative_budget": 8, "incremental_query_count": 3, "labeled_count": 8, "labeled_ratio": 0.015384615384615385, "selected_ids": ["377", "342", "299"], "selected_scores": [0.002994164125993848, 0.002774343127384782, 0.002544121351093054], "selected_pred_fg_ratio": [0.030033111572265625, 0.032878875732421875, 0.020084381103515625], "selected_pred_class_dist": [[0.9699668884277344, 0.01561737060546875, 0.014415740966796875], [0.9671211242675781, 0.019252777099609375, 0.0136260986328125], [0.9799156188964844, 0.014404296875, 0.005680084228515625]], "candidate_count": 512, "candidate_scores_path": "/groups/echambe2/gmeng/MedAL-Agent/repo/code/runs/frozen_v5/candidate_scores/origa__P1__s2000__r0.json", "predictions_path": "", "initial_labeled_path": "/groups/echambe2/gmeng/MedAL-Agent/repo/code/runs/frozen_v5/init_sets/origa__s2000__n8.json", "initial_labeled_ids": ["043", "059", "116", "179", "233", "276", "599", "606"], "selection_diagnostics": {}, "training": {"num_iters": 1000, "batch_size": 12, "lr": 0.001, "image_size": 512, "aspect_preserve": true, "resolution_policy": "longside_pad32", "preproc_cache": {"pool": "hit", "val": "hit"}, "train_runtime_sec": 963.9683508872986, "query_runtime_sec": 13.143128633499146, "iters": 2600, "stop_iter": 2600, "mean_loss": 0.1306256902164135, "last_loss": 0.014093087986111641, "stop_reason": "plateau", "hit_max_iters": false, "final_smooth_loss": 0.017353866323828696, "best_smooth_loss": 0.021167382430285216, "diverged": false, "loss_curve": [[1000, 0.05069471538066864], [1100, 0.04945845883339643], [1200, 0.040407523494213816], [1300, 0.03771662788465619], [1400, 0.03451879262924194], [1500, 0.03426842810586095], [1600, 0.03100270910188556], [1700, 0.028233566880226137], [1800, 0.027363911233842374], [1900, 0.023746879305690527], [2000, 0.02340783316642046], [2100, 0.021167382430285216], [2200, 0.021498668529093264], [2300, 0.01992658831179142], [2400, 0.01870245593599975], [2500, 0.018054308723658322], [2600, 0.017353866323828696]]}, "ckpt_id": "origa__P1__s2000__r0", "ckpt_path": "", "ckpt_hash": "e08d805481bad026b1e7a34c3208692c48926ed193d9e4f0ad62ebd3bc3895d8", "config_hash": "bf4ec5f898291681fce09c32cda12c6918044a048969b35e9673716b3b129d33", "feature_cache_keys": {}, "sam_model_type": "", "sam_checkpoint": "", "metrics": {"primary_metric": "mean_dsc_fg_case_macro", "metric_version": "v3_case_macro", "eval_scope": "case_full_volume", "mean_dsc_fg_case_macro": 0.7026407594013236, "mean_dsc_fg": 0.7026407594013236, "mean_dsc_fg_pooled_diagnostic": 0.6958056811997941, "dsc_per_class_pooled": [0.9978220016038043, 0.6554336361570332, 0.7361777262425552], "dsc_per_class": [0.9978220016038043, 0.6554336361570332, 0.7361777262425552], "n_cases": 65, "n_eval": 65, "structure_detection_rate": 1.0, "missed_structure_rate": 0.0}, "runtime_sec": {"train": 963.9683508872986, "eval": 1.4893662929534912, "select": 13.143128633499146}, "gpu_mem_mb": 8107.887616, "gpu_name": "Tesla V100-PCIE-32GB", "gpu_total_mem_mb": 34072.559616, "foundation": {}, "notes": ""}
{"schema_version": "v3", "run_id": "origa__P1__s2000", "round": 1, "dataset": "origa", "modality": "fundus", "target": "optic_nerve_head", "dim": "2d", "query_unit": "image", "seed": 2000, "round_seed": 2001, "component_seeds": {"model_init_seed": 4092542587, "loader_seed": 4022314598, "query_seed": 1275594993, "dropout_seed": 1443935428}, "total_rounds": 7, "budget_denominator": {"full_train_N": 520, "requested_pool_cap": 5000, "actual_AL_pool_N": 520, "budget_plan": [8, 11, 21, 37, 52, 78, 104], "fraction_of_AL_pool": 0.2, "fraction_of_full_train": 0.2}, "policy_id": "P1", "policy_name": "EntropyFull", "method_version": "1.0", "is_ablation": false, "policy_config": {}, "cumulative_budget": 11, "incremental_query_count": 10, "labeled_count": 11, "labeled_ratio": 0.021153846153846155, "selected_ids": ["485", "084", "176", "221", "355", "232", "165", "582", "182", "634"], "selected_scores": [0.0017462213290855289, 0.001212306902743876, 0.0011340223718434572, 0.0010658932151272893, 0.0010657174279913306, 0.0009980825707316399, 0.0009364582365378737, 0.0009310711757279932, 0.0007547673885710537, 0.0007488548289984465], "selected_pred_fg_ratio": [0.03025054931640625, 0.02159881591796875, 0.028087615966796875, 0.027812957763671875, 0.027240753173828125, 0.020923614501953125, 0.020420074462890625, 0.0244598388671875, 0.02085113525390625, 0.02176666259765625], "selected_pred_class_dist": [[0.9697494506835938, 0.02184295654296875, 0.0084075927734375], [0.9784011840820312, 0.012882232666015625, 0.008716583251953125], [0.9719123840332031, 0.017749786376953125, 0.01033782958984375], [0.9721870422363281, 0.020965576171875, 0.006847381591796875], [0.9727592468261719, 0.018772125244140625, 0.0084686279296875], [0.9790763854980469, 0.014553070068359375, 0.00637054443359375], [0.9795799255371094, 0.01239776611328125, 0.008022308349609375], [0.9755401611328125, 0.014842987060546875, 0.009616851806640625], [0.9791488647460938, 0.012420654296875, 0.00843048095703125], [0.9782333374023438, 0.015422821044921875, 0.006343841552734375]], "candidate_count": 509, "candidate_scores_path": "/groups/echambe2/gmeng/MedAL-Agent/repo/code/runs/frozen_v5/candidate_scores/origa__P1__s2000__r1.json", "predictions_path": "", "initial_labeled_path": "/groups/echambe2/gmeng/MedAL-Agent/repo/code/runs/frozen_v5/init_sets/origa__s2000__n8.json", "initial_labeled_ids": [], "selection_diagnostics": {}, "training": {"num_iters": 1000, "batch_size": 12, "lr": 0.001, "image_size": 512, "aspect_preserve": true, "resolution_policy": "longside_pad32", "preproc_cache": {"pool": "hit", "val": "hit"}, "train_runtime_sec": 1233.6981749534607, "query_runtime_sec": 13.484960079193115, "iters": 2600, "stop_iter": 2600, "mean_loss": 0.11914264962363702, "last_loss": 0.019805919378995895, "stop_reason": "plateau", "hit_max_iters": false, "final_smooth_loss": 0.021629007626324893, "best_smooth_loss": 0.02570320440456271, "diverged": false, "loss_curve": [[1000, 0.052600259445607665], [1100, 0.04610533148050308], [1200, 0.04579734392464161], [1300, 0.0413954484090209], [1400, 0.04021123426035047], [1500, 0.03915661683306098], [1600, 0.03639182053506374], [1700, 0.034034672249108555], [1800, 0.03190050188452005], [1900, 0.029480626098811625], [2000, 0.0302314124815166], [2100, 0.02570320440456271], [2200, 0.025273684412240982], [2300, 0.024367503840476274], [2400, 0.022876061648130417], [2500, 0.021778893824666738], [2600, 0.021629007626324893]]}, "ckpt_id": "origa__P1__s2000__r1", "ckpt_path": "", "ckpt_hash": "cc84ca293c551aee9b8a8e9f188f18363bf6443d94fc2b3a515826ffbcc30e34", "config_hash": "bf4ec5f898291681fce09c32cda12c6918044a048969b35e9673716b3b129d33", "feature_cache_keys": {}, "sam_model_type": "", "sam_checkpoint": "", "metrics": {"primary_metric": "mean_dsc_fg_case_macro", "metric_version": "v3_case_macro", "eval_scope": "case_full_volume", "mean_dsc_fg_case_macro": 0.7694864553350645, "mean_dsc_fg": 0.7694864553350645, "mean_dsc_fg_pooled_diagnostic": 0.7707704182781212, "dsc_per_class_pooled": [0.9986456195769978, 0.738701602834083, 0.8028392337221594], "dsc_per_class": [0.9986456195769978, 0.738701602834083, 0.8028392337221594], "n_cases": 65, "n_eval": 65, "structure_detection_rate": 1.0, "missed_structure_rate": 0.0}, "runtime_sec": {"train": 1233.6981749534607, "eval": 1.4170727729797363, "select": 13.484960079193115}, "gpu_mem_mb": 8663.578624, "gpu_name": "Tesla V100-PCIE-32GB", "gpu_total_mem_mb": 34072.559616, "foundation": {}, "notes": ""}
{"schema_version": "v3", "run_id": "origa__P1__s2000", "round": 2, "dataset": "origa", "modality": "fundus", "target": "optic_nerve_head", "dim": "2d", "query_unit": "image", "seed": 2000, "round_seed": 2002, "component_seeds": {"model_init_seed": 1225426498, "loader_seed": 1158739311, "query_seed": 3667345588, "dropout_seed": 1372419812}, "total_rounds": 7, "budget_denominator": {"full_train_N": 520, "requested_pool_cap": 5000, "actual_AL_pool_N": 520, "budget_plan": [8, 11, 21, 37, 52, 78, 104], "fraction_of_AL_pool": 0.2, "fraction_of_full_train": 0.2}, "policy_id": "P1", "policy_name": "EntropyFull", "method_version": "1.0", "is_ablation": false, "policy_config": {}, "cumulative_budget": 21, "incremental_query_count": 16, "labeled_count": 21, "labeled_ratio": 0.04038461538461539, "selected_ids": ["516", "161", "284", "301", "220", "025", "224", "359", "349", "332", "351", "254", "468", "357", "242", "166"], "selected_scores": [0.00106509227771312, 0.001029301667585969, 0.0009337299270555377, 0.0009201890788972378, 0.0008926108712330461, 0.0008788476698100567, 0.0008690411923453212, 0.0008643876062706113, 0.0008228313527069986, 0.0008226141799241304, 0.0008197810384444892, 0.0008177750860340893, 0.0008155249524861574, 0.0007911743014119565, 0.0007895661401562393, 0.0007634054636582732], "selected_pred_fg_ratio": [0.021144866943359375, 0.0170440673828125, 0.021549224853515625, 0.02017974853515625, 0.019680023193359375, 0.022716522216796875, 0.021755218505859375, 0.02274322509765625, 0.022884368896484375, 0.021686553955078125, 0.024547576904296875, 0.01937103271484375, 0.0190582275390625, 0.017059326171875, 0.020633697509765625, 0.019214630126953125], "selected_pred_class_dist": [[0.9788551330566406, 0.01309967041015625, 0.008045196533203125], [0.9829559326171875, 0.01120758056640625, 0.00583648681640625], [0.9784507751464844, 0.014434814453125, 0.007114410400390625], [0.9798202514648438, 0.014163970947265625, 0.006015777587890625], [0.9803199768066406, 0.012836456298828125, 0.00684356689453125], [0.9772834777832031, 0.014560699462890625, 0.00815582275390625], [0.9782447814941406, 0.014629364013671875, 0.0071258544921875], [0.9772567749023438, 0.01563262939453125, 0.007110595703125], [0.9771156311035156, 0.01549530029296875, 0.007389068603515625], [0.9783134460449219, 0.01403045654296875, 0.007656097412109375], [0.9754524230957031, 0.015979766845703125, 0.00856781005859375], [0.9806289672851562, 0.0144500732421875, 0.00492095947265625], [0.9809417724609375, 0.01178741455078125, 0.00727081298828125], [0.982940673828125, 0.010715484619140625, 0.006343841552734375], [0.9793663024902344, 0.014858245849609375, 0.00577545166015625], [0.9807853698730469, 0.01226806640625, 0.006946563720703125]], "candidate_count": 499, "candidate_scores_path": "/groups/echambe2/gmeng/MedAL-Agent/repo/code/runs/frozen_v5/candidate_scores/origa__P1__s2000__r2.json", "predictions_path": "", "initial_labeled_path": "/groups/echambe2/gmeng/MedAL-Agent/repo/code/runs/frozen_v5/init_sets/origa__s2000__n8.json", "initial_labeled_ids": [], "selection_diagnostics": {}, "training": {"num_iters": 1000, "batch_size": 12, "lr": 0.001, "image_size": 512, "aspect_preserve": true, "resolution_policy": "longside_pad32", "preproc_cache": {"pool": "hit", "val": "hit"}, "train_runtime_sec": 1476.1106588840485, "query_runtime_sec": 13.002368450164795, "iters": 2900, "stop_iter": 2900, "mean_loss": 0.12633809635351445, "last_loss": 0.023484576493501663, "stop_reason": "plateau", "hit_max_iters": false, "final_smooth_loss": 0.028837815038859845, "best_smooth_loss": 0.0333018559217453, "diverged": false, "loss_curve": [[1000, 0.070208875015378], [1100, 0.060922374948859215], [1200, 0.05718960743397474], [1300, 0.05637384545058012], [1400, 0.05053198825567961], [1500, 0.050786073580384256], [1600, 0.047532353401184085], [1700, 0.04356841940432787], [1800, 0.04356112848967314], [1900, 0.03867367247119546], [2000, 0.0384858175739646], [2100, 0.03559813624247909], [2200, 0.036461495775729415], [2300, 0.03463019179180264], [2400, 0.0333018559217453], [2500, 0.03234533917158842], [2600, 0.03223941300064325], [2700, 0.03226429222151637], [2800, 0.031590152140706776], [2900, 0.028837815038859845]]}, "ckpt_id": "origa__P1__s2000__r2", "ckpt_path": "", "ckpt_hash": "e8285d4a741247c412f79b0d05bec2fb7e0e4d3f11aa9dc9797ef58de405cd7e", "config_hash": "bf4ec5f898291681fce09c32cda12c6918044a048969b35e9673716b3b129d33", "feature_cache_keys": {}, "sam_model_type": "", "sam_checkpoint": "", "metrics": {"primary_metric": "mean_dsc_fg_case_macro", "metric_version": "v3_case_macro", "eval_scope": "case_full_volume", "mean_dsc_fg_case_macro": 0.7850971909050852, "mean_dsc_fg": 0.7850971909050852, "mean_dsc_fg_pooled_diagnostic": 0.7912930586997416, "dsc_per_class_pooled": [0.998742377239337, 0.7624169716086465, 0.8201691457908368], "dsc_per_class": [0.998742377239337, 0.7624169716086465, 0.8201691457908368], "n_cases": 65, "n_eval": 65, "structure_detection_rate": 1.0, "missed_structure_rate": 0.0}, "runtime_sec": {"train": 1476.1106588840485, "eval": 1.4287052154541016, "select": 13.002368450164795}, "gpu_mem_mb": 9445.128192, "gpu_name": "Tesla V100-PCIE-32GB", "gpu_total_mem_mb": 34072.559616, "foundation": {}, "notes": ""}
{"schema_version": "v3", "run_id": "origa__P1__s2000", "round": 3, "dataset": "origa", "modality": "fundus", "target": "optic_nerve_head", "dim": "2d", "query_unit": "image", "seed": 2000, "round_seed": 2003, "component_seeds": {"model_init_seed": 1786941200, "loader_seed": 315035857, "query_seed": 1656248978, "dropout_seed": 3607744384}, "total_rounds": 7, "budget_denominator": {"full_train_N": 520, "requested_pool_cap": 5000, "actual_AL_pool_N": 520, "budget_plan": [8, 11, 21, 37, 52, 78, 104], "fraction_of_AL_pool": 0.2, "fraction_of_full_train": 0.2}, "policy_id": "P1", "policy_name": "EntropyFull", "method_version": "1.0", "is_ablation": false, "policy_config": {}, "cumulative_budget": 37, "incremental_query_count": 15, "labeled_count": 37, "labeled_ratio": 0.07115384615384615, "selected_ids": ["184", "391", "122", "033", "426", "290", "389", "003", "609", "447", "215", "405", "356", "142", "411"], "selected_scores": [0.0009754953789524734, 0.0007719398126937449, 0.000702543999068439, 0.0006890593795105815, 0.0006741606048308313, 0.0006672473973594606, 0.0006510087405331433, 0.0006477880524471402, 0.0006222590454854071, 0.0006201626965776086, 0.0006143450736999512, 0.0006108925445005298, 0.0006027676281519234, 0.0006012563826516271, 0.0006006296025589108], "selected_pred_fg_ratio": [0.016452789306640625, 0.024200439453125, 0.0207672119140625, 0.017024993896484375, 0.018627166748046875, 0.0208282470703125, 0.021511077880859375, 0.02167510986328125, 0.020397186279296875, 0.017261505126953125, 0.014591217041015625, 0.014408111572265625, 0.018444061279296875, 0.0151519775390625, 0.02005767822265625], "selected_pred_class_dist": [[0.9835472106933594, 0.010982513427734375, 0.00547027587890625], [0.975799560546875, 0.015377044677734375, 0.008823394775390625], [0.9792327880859375, 0.013774871826171875, 0.006992340087890625], [0.9829750061035156, 0.011737823486328125, 0.00528717041015625], [0.9813728332519531, 0.0107269287109375, 0.007900238037109375], [0.9791717529296875, 0.010608673095703125, 0.010219573974609375], [0.9784889221191406, 0.011646270751953125, 0.00986480712890625], [0.9783248901367188, 0.011760711669921875, 0.009914398193359375], [0.9796028137207031, 0.012645721435546875, 0.00775146484375], [0.9827384948730469, 0.009883880615234375, 0.00737762451171875], [0.9854087829589844, 0.01015472412109375, 0.004436492919921875], [0.9855918884277344, 0.006153106689453125, 0.0082550048828125], [0.9815559387207031, 0.011371612548828125, 0.00707244873046875], [0.9848480224609375, 0.0097808837890625, 0.00537109375], [0.9799423217773438, 0.011234283447265625, 0.008823394775390625]], "candidate_count": 483, "candidate_scores_path": "/groups/echambe2/gmeng/MedAL-Agent/repo/code/runs/frozen_v5/candidate_scores/origa__P1__s2000__r3.json", "predictions_path": "", "initial_labeled_path": "/groups/echambe2/gmeng/MedAL-Agent/repo/code/runs/frozen_v5/init_sets/origa__s2000__n8.json", "initial_labeled_ids": [], "selection_diagnostics": {}, "training": {"num_iters": 1000, "batch_size": 12, "lr": 0.001, "image_size": 512, "aspect_preserve": true, "resolution_policy": "longside_pad32", "preproc_cache": {"pool": "hit", "val": "hit"}, "train_runtime_sec": 1887.9645426273346, "query_runtime_sec": 12.280329942703247, "iters": 3700, "stop_iter": 3700, "mean_loss": 0.15271114088645255, "last_loss": 0.03307497873902321, "stop_reason": "plateau", "hit_max_iters": false, "final_smooth_loss": 0.03414332950487733, "best_smooth_loss": 0.03373979341238737, "diverged": false, "loss_curve": [[1000, 0.12267535217106343], [1100, 0.10995050124824048], [1200, 0.09986953720450402], [1300, 0.0894421548396349], [1400, 0.08315124750137329], [1500, 0.07113863240927458], [1600, 0.06717032939195633], [1700, 0.06492829766124487], [1800, 0.060196676552295686], [1900, 0.05859684564173222], [2000, 0.05216663729399443], [2100, 0.05365998465567827], [2200, 0.047216349355876444], [2300, 0.04680653963238001], [2400, 0.04630741596221924], [2500, 0.04301480818539858], [2600, 0.04284415822476149], [2700, 0.041825772114098075], [2800, 0.03979420060291886], [2900, 0.03937390314415097], [3000, 0.03587856335565448], [3100, 0.03517167778685689], [3200, 0.03373979341238737], [3300, 0.03612059136852622], [3400, 0.032680049315094946], [3500, 0.032675670273602006], [3600, 0.03160035150125623], [3700, 0.03414332950487733]]}, "ckpt_id": "origa__P1__s2000__r3", "ckpt_path": "", "ckpt_hash": "0847c80ea0e73b3305c35d9913a7c7feaf3c511c65b708694f3fe748fbdc42bd", "config_hash": "bf4ec5f898291681fce09c32cda12c6918044a048969b35e9673716b3b129d33", "feature_cache_keys": {}, "sam_model_type": "", "sam_checkpoint": "", "metrics": {"primary_metric": "mean_dsc_fg_case_macro", "metric_version": "v3_case_macro", "eval_scope": "case_full_volume", "mean_dsc_fg_case_macro": 0.7961044759376882, "mean_dsc_fg": 0.7961044759376882, "mean_dsc_fg_pooled_diagnostic": 0.8013108652344231, "dsc_per_class_pooled": [0.9989723848709673, 0.7776926877470356, 0.8249290427218106], "dsc_per_class": [0.9989723848709673, 0.7776926877470356, 0.8249290427218106], "n_cases": 65, "n_eval": 65, "structure_detection_rate": 1.0, "missed_structure_rate": 0.0}, "runtime_sec": {"train": 1887.9645426273346, "eval": 1.375091314315796, "select": 12.280329942703247}, "gpu_mem_mb": 9446.438912, "gpu_name": "Tesla V100-PCIE-32GB", "gpu_total_mem_mb": 34072.559616, "foundation": {}, "notes": ""}
{"schema_version": "v3", "run_id": "origa__P1__s2000", "round": 4, "dataset": "origa", "modality": "fundus", "target": "optic_nerve_head", "dim": "2d", "query_unit": "image", "seed": 2000, "round_seed": 2004, "component_seeds": {"model_init_seed": 45534947, "loader_seed": 4200637250, "query_seed": 2043315399, "dropout_seed": 1875314724}, "total_rounds": 7, "budget_denominator": {"full_train_N": 520, "requested_pool_cap": 5000, "actual_AL_pool_N": 520, "budget_plan": [8, 11, 21, 37, 52, 78, 104], "fraction_of_AL_pool": 0.2, "fraction_of_full_train": 0.2}, "policy_id": "P1", "policy_name": "EntropyFull", "method_version": "1.0", "is_ablation": false, "policy_config": {}, "cumulative_budget": 52, "incremental_query_count": 26, "labeled_count": 52, "labeled_ratio": 0.1, "selected_ids": ["571", "181", "225", "340", "366", "505", "511", "521", "057", "525", "138", "200", "228", "263", "375", "519", "241", "642", "559", "353", "508", "596", "203", "227", "645", "518"], "selected_scores": [0.0008669728995300829, 0.0008636162965558469, 0.0008586606127209961, 0.0008162045269273221, 0.0007989522418938577, 0.0007908794214017689, 0.0007859608740545809, 0.0007300929282791913, 0.000690047221723944, 0.000657134223729372, 0.0006557457381859422, 0.0006385105662047863, 0.0006170528940856457, 0.0006169690168462694, 0.0006161052151583135, 0.0006135876756161451, 0.0006117640878073871, 0.0006077378639020026, 0.0005888449377380311, 0.0005884572165086865, 0.0005847692373208702, 0.0005796319455839694, 0.0005764712113887072, 0.0005721478955820203, 0.0005709194228984416, 0.0005691759288311005], "selected_pred_fg_ratio": [0.022796630859375, 0.01953887939453125, 0.01560211181640625, 0.0130767822265625, 0.021434783935546875, 0.0133514404296875, 0.016139984130859375, 0.0173187255859375, 0.01987457275390625, 0.01840972900390625, 0.013553619384765625, 0.019199371337890625, 0.0221710205078125, 0.01792144775390625, 0.021602630615234375, 0.017292022705078125, 0.0205535888671875, 0.022808074951171875, 0.0167388916015625, 0.0182647705078125, 0.010257720947265625, 0.017486572265625, 0.01825714111328125, 0.022930145263671875, 0.022533416748046875, 0.01749420166015625], "selected_pred_class_dist": [[0.977203369140625, 0.012939453125, 0.009857177734375], [0.9804611206054688, 0.011077880859375, 0.00846099853515625], [0.9843978881835938, 0.009189605712890625, 0.006412506103515625], [0.9869232177734375, 0.006855010986328125, 0.006221771240234375], [0.9785652160644531, 0.014095306396484375, 0.0073394775390625], [0.9866485595703125, 0.00676727294921875, 0.00658416748046875], [0.9838600158691406, 0.010257720947265625, 0.00588226318359375], [0.9826812744140625, 0.011310577392578125, 0.006008148193359375], [0.9801254272460938, 0.01412200927734375, 0.0057525634765625], [0.9815902709960938, 0.01250457763671875, 0.0059051513671875], [0.9864463806152344, 0.00843048095703125, 0.005123138427734375], [0.9808006286621094, 0.01259613037109375, 0.006603240966796875], [0.9778289794921875, 0.01535797119140625, 0.00681304931640625], [0.9820785522460938, 0.011997222900390625, 0.005924224853515625], [0.9783973693847656, 0.01495361328125, 0.006649017333984375], [0.9827079772949219, 0.008907318115234375, 0.00838470458984375], [0.9794464111328125, 0.012722015380859375, 0.007831573486328125], [0.9771919250488281, 0.014308929443359375, 0.0084991455078125], [0.9832611083984375, 0.01160430908203125, 0.00513458251953125], [0.9817352294921875, 0.0116119384765625, 0.00665283203125], [0.9897422790527344, 0.00591278076171875, 0.004344940185546875], [0.982513427734375, 0.0104522705078125, 0.0070343017578125], [0.9817428588867188, 0.012691497802734375, 0.005565643310546875], [0.9770698547363281, 0.014862060546875, 0.008068084716796875], [0.9774665832519531, 0.013202667236328125, 0.00933074951171875], [0.9825057983398438, 0.010684967041015625, 0.006809234619140625]], "candidate_count": 468, "candidate_scores_path": "/groups/echambe2/gmeng/MedAL-Agent/repo/code/runs/frozen_v5/candidate_scores/origa__P1__s2000__r4.json", "predictions_path": "", "initial_labeled_path": "/groups/echambe2/gmeng/MedAL-Agent/repo/code/runs/frozen_v5/init_sets/origa__s2000__n8.json", "initial_labeled_ids": [], "selection_diagnostics": {}, "training": {"num_iters": 1000, "batch_size": 12, "lr": 0.001, "image_size": 512, "aspect_preserve": true, "resolution_policy": "longside_pad32", "preproc_cache": {"pool": "hit", "val": "hit"}, "train_runtime_sec": 2332.200647830963, "query_runtime_sec": 12.460315942764282, "iters": 4600, "stop_iter": 4600, "mean_loss": 0.13181201783413796, "last_loss": 0.02068469300866127, "stop_reason": "plateau", "hit_max_iters": false, "final_smooth_loss": 0.024454108979552983, "best_smooth_loss": 0.028583801575005053, "diverged": false, "loss_curve": [[1000, 0.18927934944629668], [1100, 0.17662519857287406], [1200, 0.1547733224183321], [1300, 0.1467297400534153], [1400, 0.1347118977457285], [1500, 0.11919567711651326], [1600, 0.1084100855141878], [1700, 0.09360414430499077], [1800, 0.09073414131999016], [1900, 0.08371841922402382], [2000, 0.07689374133944511], [2100, 0.07058540605008602], [2200, 0.06774253811687231], [2300, 0.060554233752191065], [2400, 0.05728940781205893], [2500, 0.05573266178369522], [2600, 0.05040106400847435], [2700, 0.04963036332279444], [2800, 0.04744272965937853], [2900, 0.0444142921641469], [3000, 0.0434402634948492], [3100, 0.039832678139209744], [3200, 0.039399974457919595], [3300, 0.03803390076383948], [3400, 0.036808805279433726], [3500, 0.0357753094099462], [3600, 0.03369899205863476], [3700, 0.03288191184401512], [3800, 0.03181535748764872], [3900, 0.029878788460046053], [4000, 0.029254903774708508], [4100, 0.028583801575005053], [4200, 0.02766005652025342], [4300, 0.026978759057819844], [4400, 0.025052972603589296], [4500, 0.02474783657118678], [4600, 0.024454108979552983]]}, "ckpt_id": "origa__P1__s2000__r4", "ckpt_path": "", "ckpt_hash": "14a0c5b1b703b8a5e36d308c361913468c5c8ae311f7617cc9418e04fda641aa", "config_hash": "bf4ec5f898291681fce09c32cda12c6918044a048969b35e9673716b3b129d33", "feature_cache_keys": {}, "sam_model_type": "", "sam_checkpoint": "", "metrics": {"primary_metric": "mean_dsc_fg_case_macro", "metric_version": "v3_case_macro", "eval_scope": "case_full_volume", "mean_dsc_fg_case_macro": 0.8087303630647829, "mean_dsc_fg": 0.8087303630647829, "mean_dsc_fg_pooled_diagnostic": 0.81230273666237, "dsc_per_class_pooled": [0.9990206858752968, 0.7969083187850744, 0.8276971545396655], "dsc_per_class": [0.9990206858752968, 0.7969083187850744, 0.8276971545396655], "n_cases": 65, "n_eval": 65, "structure_detection_rate": 1.0, "missed_structure_rate": 0.0}, "runtime_sec": {"train": 2332.200647830963, "eval": 1.4210927486419678, "select": 12.460315942764282}, "gpu_mem_mb": 9445.65248, "gpu_name": "Tesla V100-PCIE-32GB", "gpu_total_mem_mb": 34072.559616, "foundation": {}, "notes": ""}
{"schema_version": "v3", "run_id": "origa__P1__s2000", "round": 5, "dataset": "origa", "modality": "fundus", "target": "optic_nerve_head", "dim": "2d", "query_unit": "image", "seed": 2000, "round_seed": 2005, "component_seeds": {"model_init_seed": 3201858957, "loader_seed": 336650979, "query_seed": 736189286, "dropout_seed": 1600783356}, "total_rounds": 7, "budget_denominator": {"full_train_N": 520, "requested_pool_cap": 5000, "actual_AL_pool_N": 520, "budget_plan": [8, 11, 21, 37, 52, 78, 104], "fraction_of_AL_pool": 0.2, "fraction_of_full_train": 0.2}, "policy_id": "P1", "policy_name": "EntropyFull", "method_version": "1.0", "is_ablation": false, "policy_config": {}, "cumulative_budget": 78, "incremental_query_count": 26, "labeled_count": 78, "labeled_ratio": 0.15, "selected_ids": ["575", "174", "239", "240", "350", "031", "162", "517", "579", "333", "388", "376", "282", "207", "139", "492", "169", "294", "283", "430", "577", "226", "269", "510", "076", "576"], "selected_scores": [0.0016721859574317932, 0.0009110691025853157, 0.0008636882994323969, 0.0008383484091609716, 0.0008081071428023279, 0.000794480147305876, 0.0007787891663610935, 0.0007473655859939754, 0.0007400864851661026, 0.0007281662547029555, 0.0007162595866248012, 0.0007069617859087884, 0.0007044532103464007, 0.0007043835939839482, 0.0006991417030803859, 0.0006965815555304289, 0.0006943357875570655, 0.0006913833785802126, 0.0006909662624821067, 0.000685706443618983, 0.0006818565307185054, 0.0006764705176465213, 0.000675084360409528, 0.000672553782351315, 0.0006694964831694961, 0.0006679483340121806], "selected_pred_fg_ratio": [0.01786041259765625, 0.0175628662109375, 0.024753570556640625, 0.021881103515625, 0.020519256591796875, 0.018062591552734375, 0.018596649169921875, 0.0181732177734375, 0.0194854736328125, 0.01839447021484375, 0.020549774169921875, 0.02324676513671875, 0.018169403076171875, 0.021602630615234375, 0.022029876708984375, 0.0222930908203125, 0.0170745849609375, 0.020538330078125, 0.0160369873046875, 0.01425933837890625, 0.0178070068359375, 0.02219390869140625, 0.0198211669921875, 0.01422119140625, 0.022205352783203125, 0.019100189208984375], "selected_pred_class_dist": [[0.9821395874023438, 0.011722564697265625, 0.006137847900390625], [0.9824371337890625, 0.01052093505859375, 0.00704193115234375], [0.9752464294433594, 0.014118194580078125, 0.0106353759765625], [0.978118896484375, 0.01275634765625, 0.009124755859375], [0.9794807434082031, 0.012981414794921875, 0.007537841796875], [0.9819374084472656, 0.00963592529296875, 0.008426666259765625], [0.9814033508300781, 0.0119171142578125, 0.006679534912109375], [0.9818267822265625, 0.011989593505859375, 0.006183624267578125], [0.9805145263671875, 0.012668609619140625, 0.006816864013671875], [0.9816055297851562, 0.014598846435546875, 0.003795623779296875], [0.9794502258300781, 0.013946533203125, 0.006603240966796875], [0.9767532348632812, 0.016345977783203125, 0.006900787353515625], [0.9818305969238281, 0.011440277099609375, 0.0067291259765625], [0.9783973693847656, 0.014583587646484375, 0.00701904296875], [0.9779701232910156, 0.014705657958984375, 0.00732421875], [0.9777069091796875, 0.012981414794921875, 0.009311676025390625], [0.9829254150390625, 0.01251983642578125, 0.00455474853515625], [0.979461669921875, 0.01409912109375, 0.006439208984375], [0.9839630126953125, 0.0082855224609375, 0.00775146484375], [0.9857406616210938, 0.0087738037109375, 0.00548553466796875], [0.9821929931640625, 0.01113128662109375, 0.00667572021484375], [0.9778060913085938, 0.013584136962890625, 0.008609771728515625], [0.9801788330078125, 0.01180267333984375, 0.00801849365234375], [0.98577880859375, 0.010101318359375, 0.004119873046875], [0.9777946472167969, 0.01226806640625, 0.009937286376953125], [0.9808998107910156, 0.013294219970703125, 0.00580596923828125]], "candidate_count": 442, "candidate_scores_path": "/groups/echambe2/gmeng/MedAL-Agent/repo/code/runs/frozen_v5/candidate_scores/origa__P1__s2000__r5.json", "predictions_path": "", "initial_labeled_path": "/groups/echambe2/gmeng/MedAL-Agent/repo/code/runs/frozen_v5/init_sets/origa__s2000__n8.json", "initial_labeled_ids": [], "selection_diagnostics": {}, "training": {"num_iters": 1000, "batch_size": 12, "lr": 0.001, "image_size": 512, "aspect_preserve": true, "resolution_policy": "longside_pad32", "preproc_cache": {"pool": "hit", "val": "hit"}, "train_runtime_sec": 2438.5931203365326, "query_runtime_sec": 11.540618896484375, "iters": 4800, "stop_iter": 4800, "mean_loss": 0.1803015443542972, "last_loss": 0.03671234846115112, "stop_reason": "plateau", "hit_max_iters": false, "final_smooth_loss": 0.04057688131928444, "best_smooth_loss": 0.0455237715318799, "diverged": false, "loss_curve": [[1000, 0.24465068355202674], [1100, 0.24036411926150322], [1200, 0.21839567214250566], [1300, 0.218170412927866], [1400, 0.22279117092490197], [1500, 0.21776064321398736], [1600, 0.19841596022248267], [1700, 0.19091401875019073], [1800, 0.18216230005025863], [1900, 0.16829975448548795], [2000, 0.16261575147509574], [2100, 0.15239751808345317], [2200, 0.1450470194965601], [2300, 0.1302678868919611], [2400, 0.12381597302854061], [2500, 0.11859478488564491], [2600, 0.11443544693291187], [2700, 0.10232117302715778], [2800, 0.0995491849631071], [2900, 0.09596477054059506], [3000, 0.08802722811698914], [3100, 0.08345257759094238], [3200, 0.07497435677796602], [3300, 0.07012966021895409], [3400, 0.06805395495146513], [3500, 0.06710295908153058], [3600, 0.058084877468645574], [3700, 0.058369209952652455], [3800, 0.0549321036785841], [3900, 0.053983623385429384], [4000, 0.05126601029187441], [4100, 0.049267240427434446], [4200, 0.04774030018597841], [4300, 0.0455237715318799], [4400, 0.044846970178186896], [4500, 0.04358103204518557], [4600, 0.042662811130285264], [4700, 0.04135616548359394], [4800, 0.04057688131928444]]}, "ckpt_id": "origa__P1__s2000__r5", "ckpt_path": "", "ckpt_hash": "185e288a7fa1fc003714dc482db9863ee789d6c1d405a4d482cb67feb0fa5ec8", "config_hash": "bf4ec5f898291681fce09c32cda12c6918044a048969b35e9673716b3b129d33", "feature_cache_keys": {}, "sam_model_type": "", "sam_checkpoint": "", "metrics": {"primary_metric": "mean_dsc_fg_case_macro", "metric_version": "v3_case_macro", "eval_scope": "case_full_volume", "mean_dsc_fg_case_macro": 0.815011733187211, "mean_dsc_fg": 0.815011733187211, "mean_dsc_fg_pooled_diagnostic": 0.8213936866249678, "dsc_per_class_pooled": [0.9990653278140098, 0.8062196375806104, 0.8365677356693252], "dsc_per_class": [0.9990653278140098, 0.8062196375806104, 0.8365677356693252], "n_cases": 65, "n_eval": 65, "structure_detection_rate": 1.0, "missed_structure_rate": 0.0}, "runtime_sec": {"train": 2438.5931203365326, "eval": 1.4092326164245605, "select": 11.540618896484375}, "gpu_mem_mb": 9448.486912, "gpu_name": "Tesla V100-PCIE-32GB", "gpu_total_mem_mb": 34072.559616, "foundation": {}, "notes": ""}
{"schema_version": "v3", "run_id": "origa__P1__s2000", "round": 6, "dataset": "origa", "modality": "fundus", "target": "optic_nerve_head", "dim": "2d", "query_unit": "image", "seed": 2000, "round_seed": 2006, "component_seeds": {"model_init_seed": 950698087, "loader_seed": 2450784194, "query_seed": 3575377544, "dropout_seed": 3212423667}, "total_rounds": 7, "budget_denominator": {"full_train_N": 520, "requested_pool_cap": 5000, "actual_AL_pool_N": 520, "budget_plan": [8, 11, 21, 37, 52, 78, 104], "fraction_of_AL_pool": 0.2, "fraction_of_full_train": 0.2}, "policy_id": "P1", "policy_name": "EntropyFull", "method_version": "1.0", "is_ablation": false, "policy_config": {}, "cumulative_budget": 104, "incremental_query_count": 0, "labeled_count": 104, "labeled_ratio": 0.2, "selected_ids": [], "selected_scores": [], "selected_pred_fg_ratio": [], "selected_pred_class_dist": [], "candidate_count": 0, "candidate_scores_path": "", "predictions_path": "/groups/echambe2/gmeng/MedAL-Agent/repo/code/runs/frozen_v5/predictions/origa__P1__s2000__r6.npz", "initial_labeled_path": "/groups/echambe2/gmeng/MedAL-Agent/repo/code/runs/frozen_v5/init_sets/origa__s2000__n8.json", "initial_labeled_ids": [], "selection_diagnostics": {}, "training": {"num_iters": 1000, "batch_size": 12, "lr": 0.001, "image_size": 512, "aspect_preserve": true, "resolution_policy": "longside_pad32", "preproc_cache": {"pool": "hit", "val": "hit"}, "train_runtime_sec": 2542.2303619384766, "query_runtime_sec": 0.0, "iters": 5000, "stop_iter": 5000, "mean_loss": 0.18804871720597147, "last_loss": 0.042352113872766495, "stop_reason": "plateau_max", "hit_max_iters": true, "final_smooth_loss": 0.047788384482264516, "best_smooth_loss": 0.05245964214205742, "diverged": false, "loss_curve": [[1000, 0.2483409835398197], [1100, 0.23823058277368545], [1200, 0.23882278576493263], [1300, 0.2326962746679783], [1400, 0.22195275291800498], [1500, 0.22522343099117278], [1600, 0.23132786259055138], [1700, 0.21469758063554764], [1800, 0.19587036192417145], [1900, 0.1956172300875187], [2000, 0.1884516440331936], [2100, 0.17569364599883555], [2200, 0.18665010176599026], [2300, 0.16773655332624912], [2400, 0.15621428340673446], [2500, 0.14395939119160175], [2600, 0.14992107667028903], [2700, 0.13984327860176562], [2800, 0.12932826995849608], [2900, 0.12497577041387559], [3000, 0.11673703730106354], [3100, 0.11160582587122918], [3200, 0.10467064574360847], [3300, 0.0970946740359068], [3400, 0.09368296682834626], [3500, 0.09281280934810639], [3600, 0.08428865492343902], [3700, 0.08110047116875649], [3800, 0.074799286685884], [3900, 0.0702073273062706], [4000, 0.06913233663886785], [4100, 0.06640121061354876], [4200, 0.06277623783797026], [4300, 0.06086528874933719], [4400, 0.05776500910520554], [4500, 0.05751226268708706], [4600, 0.054078990668058394], [4700, 0.05245964214205742], [4800, 0.05072238340973854], [4900, 0.05114419851452112], [5000, 0.047788384482264516]]}, "ckpt_id": "origa__P1__s2000__r6", "ckpt_path": "", "ckpt_hash": "8190a2035b080ff4614fd605bc03b017fc18129c81d34e503a1322efc27c78b3", "config_hash": "bf4ec5f898291681fce09c32cda12c6918044a048969b35e9673716b3b129d33", "feature_cache_keys": {}, "sam_model_type": "", "sam_checkpoint": "", "metrics": {"primary_metric": "mean_dsc_fg_case_macro", "metric_version": "v3_case_macro", "eval_scope": "case_full_volume", "mean_dsc_fg_case_macro": 0.8311272452938709, "mean_dsc_fg": 0.8311272452938709, "mean_dsc_fg_pooled_diagnostic": 0.8376034449775548, "dsc_per_class_pooled": [0.9991818850412354, 0.8213070872376126, 0.853899802717497], "dsc_per_class": [0.9991818850412354, 0.8213070872376126, 0.853899802717497], "n_cases": 65, "n_eval": 65, "structure_detection_rate": 1.0, "missed_structure_rate": 0.0}, "runtime_sec": {"train": 2542.2303619384766, "eval": 1.4308173656463623, "select": 0.0}, "gpu_mem_mb": 9446.651904, "gpu_name": "Tesla V100-PCIE-32GB", "gpu_total_mem_mb": 34072.559616, "foundation": {}, "notes": ""}
