{"schema_version": "v3", "run_id": "origa__P5__s2000", "round": 0, "dataset": "origa", "modality": "fundus", "target": "optic_nerve_head", "dim": "2d", "query_unit": "image", "seed": 2000, "round_seed": 2000, "component_seeds": {"model_init_seed": 1733582241, "loader_seed": 3333593949, "query_seed": 2915079519, "dropout_seed": 1768907296}, "total_rounds": 7, "budget_denominator": {"full_train_N": 520, "requested_pool_cap": 5000, "actual_AL_pool_N": 520, "budget_plan": [8, 11, 21, 37, 52, 78, 104], "fraction_of_AL_pool": 0.2, "fraction_of_full_train": 0.2}, "policy_id": "P5", "policy_name": "EntropyCoreSet", "method_version": "1.0", "is_ablation": false, "policy_config": {}, "cumulative_budget": 8, "incremental_query_count": 3, "labeled_count": 8, "labeled_ratio": 0.015384615384615385, "selected_ids": ["355", "342", "084"], "selected_scores": [0.0016995857004076242, 0.002774343127384782, 0.001840365119278431], "selected_pred_fg_ratio": [0.0301971435546875, 0.032878875732421875, 0.022838592529296875], "selected_pred_class_dist": [[0.9698028564453125, 0.024227142333984375, 0.005970001220703125], [0.9671211242675781, 0.019252777099609375, 0.0136260986328125], [0.9771614074707031, 0.00864410400390625, 0.014194488525390625]], "candidate_count": 512, "candidate_scores_path": "/groups/echambe2/gmeng/MedAL-Agent/repo/code/runs/frozen_v5/candidate_scores/origa__P5__s2000__r0.json", "predictions_path": "", "initial_labeled_path": "/groups/echambe2/gmeng/MedAL-Agent/repo/code/runs/frozen_v5/init_sets/origa__s2000__n8.json", "initial_labeled_ids": ["043", "059", "116", "179", "233", "276", "599", "606"], "selection_diagnostics": {}, "training": {"num_iters": 1000, "batch_size": 12, "lr": 0.001, "image_size": 512, "aspect_preserve": true, "resolution_policy": "longside_pad32", "preproc_cache": {"pool": "hit", "val": "hit"}, "train_runtime_sec": 960.1544277667999, "query_runtime_sec": 16.446446418762207, "iters": 2600, "stop_iter": 2600, "mean_loss": 0.1306256902164135, "last_loss": 0.014093087986111641, "stop_reason": "plateau", "hit_max_iters": false, "final_smooth_loss": 0.017353866323828696, "best_smooth_loss": 0.021167382430285216, "diverged": false, "loss_curve": [[1000, 0.05069471538066864], [1100, 0.04945845883339643], [1200, 0.040407523494213816], [1300, 0.03771662788465619], [1400, 0.03451879262924194], [1500, 0.03426842810586095], [1600, 0.03100270910188556], [1700, 0.028233566880226137], [1800, 0.027363911233842374], [1900, 0.023746879305690527], [2000, 0.02340783316642046], [2100, 0.021167382430285216], [2200, 0.021498668529093264], [2300, 0.01992658831179142], [2400, 0.01870245593599975], [2500, 0.018054308723658322], [2600, 0.017353866323828696]]}, "ckpt_id": "origa__P5__s2000__r0", "ckpt_path": "", "ckpt_hash": "e08d805481bad026b1e7a34c3208692c48926ed193d9e4f0ad62ebd3bc3895d8", "config_hash": "bf4ec5f898291681fce09c32cda12c6918044a048969b35e9673716b3b129d33", "feature_cache_keys": {"task_unet": "task_unet_bottleneck@e08d805481ba"}, "sam_model_type": "", "sam_checkpoint": "", "metrics": {"primary_metric": "mean_dsc_fg_case_macro", "metric_version": "v3_case_macro", "eval_scope": "case_full_volume", "mean_dsc_fg_case_macro": 0.7026407594013236, "mean_dsc_fg": 0.7026407594013236, "mean_dsc_fg_pooled_diagnostic": 0.6958056811997941, "dsc_per_class_pooled": [0.9978220016038043, 0.6554336361570332, 0.7361777262425552], "dsc_per_class": [0.9978220016038043, 0.6554336361570332, 0.7361777262425552], "n_cases": 65, "n_eval": 65, "structure_detection_rate": 1.0, "missed_structure_rate": 0.0}, "runtime_sec": {"train": 960.1544277667999, "eval": 1.4666259288787842, "select": 16.446446418762207}, "gpu_mem_mb": 8107.887616, "gpu_name": "Tesla V100-PCIE-32GB", "gpu_total_mem_mb": 34072.559616, "foundation": {}, "notes": ""}
{"schema_version": "v3", "run_id": "origa__P5__s2000", "round": 1, "dataset": "origa", "modality": "fundus", "target": "optic_nerve_head", "dim": "2d", "query_unit": "image", "seed": 2000, "round_seed": 2001, "component_seeds": {"model_init_seed": 4092542587, "loader_seed": 4022314598, "query_seed": 1275594993, "dropout_seed": 1443935428}, "total_rounds": 7, "budget_denominator": {"full_train_N": 520, "requested_pool_cap": 5000, "actual_AL_pool_N": 520, "budget_plan": [8, 11, 21, 37, 52, 78, 104], "fraction_of_AL_pool": 0.2, "fraction_of_full_train": 0.2}, "policy_id": "P5", "policy_name": "EntropyCoreSet", "method_version": "1.0", "is_ablation": false, "policy_config": {}, "cumulative_budget": 11, "incremental_query_count": 10, "labeled_count": 11, "labeled_ratio": 0.021153846153846155, "selected_ids": ["582", "176", "232", "314", "261", "287", "241", "025", "066", "181"], "selected_scores": [0.001044571166858077, 0.0007903749356046319, 0.0016157871577888727, 0.0005126939504407346, 0.0012393186334520578, 0.0015190098201856017, 0.0011608439963310957, 0.0005301883211359382, 0.0005050395848229527, 0.0005254641873762012], "selected_pred_fg_ratio": [0.02716827392578125, 0.01892852783203125, 0.022106170654296875, 0.01564788818359375, 0.021778106689453125, 0.017169952392578125, 0.02374267578125, 0.021465301513671875, 0.02069854736328125, 0.01769256591796875], "selected_pred_class_dist": [[0.9728317260742188, 0.018474578857421875, 0.008693695068359375], [0.9810714721679688, 0.011875152587890625, 0.007053375244140625], [0.9778938293457031, 0.01397705078125, 0.008129119873046875], [0.9843521118164062, 0.00882720947265625, 0.0068206787109375], [0.9782218933105469, 0.010772705078125, 0.011005401611328125], [0.9828300476074219, 0.010776519775390625, 0.0063934326171875], [0.97625732421875, 0.016521453857421875, 0.007221221923828125], [0.9785346984863281, 0.012607574462890625, 0.00885772705078125], [0.9793014526367188, 0.009441375732421875, 0.011257171630859375], [0.9823074340820312, 0.01123046875, 0.00646209716796875]], "candidate_count": 509, "candidate_scores_path": "/groups/echambe2/gmeng/MedAL-Agent/repo/code/runs/frozen_v5/candidate_scores/origa__P5__s2000__r1.json", "predictions_path": "", "initial_labeled_path": "/groups/echambe2/gmeng/MedAL-Agent/repo/code/runs/frozen_v5/init_sets/origa__s2000__n8.json", "initial_labeled_ids": [], "selection_diagnostics": {}, "training": {"num_iters": 1000, "batch_size": 12, "lr": 0.001, "image_size": 512, "aspect_preserve": true, "resolution_policy": "longside_pad32", "preproc_cache": {"pool": "hit", "val": "hit"}, "train_runtime_sec": 1666.3935511112213, "query_runtime_sec": 16.881134748458862, "iters": 3500, "stop_iter": 3500, "mean_loss": 0.10139832467851895, "last_loss": 0.018793649971485138, "stop_reason": "plateau", "hit_max_iters": false, "final_smooth_loss": 0.019351205434650184, "best_smooth_loss": 0.02154566440731287, "diverged": false, "loss_curve": [[1000, 0.06147545740008354], [1100, 0.05536891452968121], [1200, 0.050593999214470387], [1300, 0.04946027006953955], [1400, 0.044048912599682806], [1500, 0.043366074338555334], [1600, 0.03842443956062198], [1700, 0.03767251282930374], [1800, 0.03671251684427261], [1900, 0.03547352852299809], [2000, 0.033747565895318986], [2100, 0.031945555116981265], [2200, 0.033043564055114986], [2300, 0.029946056455373765], [2400, 0.028755555860698223], [2500, 0.02722557557746768], [2600, 0.026904774401336908], [2700, 0.02450449226424098], [2800, 0.024210822731256486], [2900, 0.022981852274388075], [3000, 0.02154566440731287], [3100, 0.023312055356800556], [3200, 0.020767927020788193], [3300, 0.019089965121820568], [3400, 0.019944476438686253], [3500, 0.019351205434650184]]}, "ckpt_id": "origa__P5__s2000__r1", "ckpt_path": "", "ckpt_hash": "f80a37b3e700aa3147f530fd5fc689b58f817ec3d0601b503e3b14e4095868b6", "config_hash": "bf4ec5f898291681fce09c32cda12c6918044a048969b35e9673716b3b129d33", "feature_cache_keys": {"task_unet": "task_unet_bottleneck@f80a37b3e700"}, "sam_model_type": "", "sam_checkpoint": "", "metrics": {"primary_metric": "mean_dsc_fg_case_macro", "metric_version": "v3_case_macro", "eval_scope": "case_full_volume", "mean_dsc_fg_case_macro": 0.7778815115995931, "mean_dsc_fg": 0.7778815115995931, "mean_dsc_fg_pooled_diagnostic": 0.7812877411638679, "dsc_per_class_pooled": [0.9988568110764213, 0.7608548741341443, 0.8017206081935915], "dsc_per_class": [0.9988568110764213, 0.7608548741341443, 0.8017206081935915], "n_cases": 65, "n_eval": 65, "structure_detection_rate": 1.0, "missed_structure_rate": 0.0}, "runtime_sec": {"train": 1666.3935511112213, "eval": 1.4221668243408203, "select": 16.881134748458862}, "gpu_mem_mb": 8663.578624, "gpu_name": "Tesla V100-PCIE-32GB", "gpu_total_mem_mb": 34072.559616, "foundation": {}, "notes": ""}
{"schema_version": "v3", "run_id": "origa__P5__s2000", "round": 2, "dataset": "origa", "modality": "fundus", "target": "optic_nerve_head", "dim": "2d", "query_unit": "image", "seed": 2000, "round_seed": 2002, "component_seeds": {"model_init_seed": 1225426498, "loader_seed": 1158739311, "query_seed": 3667345588, "dropout_seed": 1372419812}, "total_rounds": 7, "budget_denominator": {"full_train_N": 520, "requested_pool_cap": 5000, "actual_AL_pool_N": 520, "budget_plan": [8, 11, 21, 37, 52, 78, 104], "fraction_of_AL_pool": 0.2, "fraction_of_full_train": 0.2}, "policy_id": "P5", "policy_name": "EntropyCoreSet", "method_version": "1.0", "is_ablation": false, "policy_config": {}, "cumulative_budget": 21, "incremental_query_count": 16, "labeled_count": 21, "labeled_ratio": 0.04038461538461539, "selected_ids": ["051", "366", "358", "508", "143", "405", "534", "547", "596", "511", "003", "225", "522", "505", "295", "215"], "selected_scores": [0.0006471976521424949, 0.0006361700943671167, 0.000765907927416265, 0.0012091445969417691, 0.0006416414398699999, 0.0016682505374774337, 0.0009028199128806591, 0.0006528683006763458, 0.0006481364252977073, 0.0016518252668902278, 0.0006328948074951768, 0.0016531546134501696, 0.0013537181075662374, 0.002620867919176817, 0.0006288238218985498, 0.0012341131223365664], "selected_pred_fg_ratio": [0.01795196533203125, 0.020153045654296875, 0.018207550048828125, 0.014171600341796875, 0.02069091796875, 0.02370452880859375, 0.01703643798828125, 0.01653289794921875, 0.018402099609375, 0.01806640625, 0.020305633544921875, 0.02437591552734375, 0.019397735595703125, 0.035739898681640625, 0.01996612548828125, 0.01959991455078125], "selected_pred_class_dist": [[0.9820480346679688, 0.0117034912109375, 0.00624847412109375], [0.9798469543457031, 0.013568878173828125, 0.00658416748046875], [0.9817924499511719, 0.011432647705078125, 0.00677490234375], [0.9858283996582031, 0.00644683837890625, 0.007724761962890625], [0.97930908203125, 0.0117340087890625, 0.0089569091796875], [0.9762954711914062, 0.015735626220703125, 0.007968902587890625], [0.9829635620117188, 0.011585235595703125, 0.005451202392578125], [0.9834671020507812, 0.01110076904296875, 0.00543212890625], [0.981597900390625, 0.00894927978515625, 0.00945281982421875], [0.98193359375, 0.01203155517578125, 0.00603485107421875], [0.9796943664550781, 0.0110626220703125, 0.009243011474609375], [0.9756240844726562, 0.01503753662109375, 0.00933837890625], [0.9806022644042969, 0.01123046875, 0.008167266845703125], [0.9642601013183594, 0.02646636962890625, 0.009273529052734375], [0.9800338745117188, 0.01132965087890625, 0.008636474609375], [0.9804000854492188, 0.012866973876953125, 0.006732940673828125]], "candidate_count": 499, "candidate_scores_path": "/groups/echambe2/gmeng/MedAL-Agent/repo/code/runs/frozen_v5/candidate_scores/origa__P5__s2000__r2.json", "predictions_path": "", "initial_labeled_path": "/groups/echambe2/gmeng/MedAL-Agent/repo/code/runs/frozen_v5/init_sets/origa__s2000__n8.json", "initial_labeled_ids": [], "selection_diagnostics": {}, "training": {"num_iters": 1000, "batch_size": 12, "lr": 0.001, "image_size": 512, "aspect_preserve": true, "resolution_policy": "longside_pad32", "preproc_cache": {"pool": "hit", "val": "hit"}, "train_runtime_sec": 1462.467901468277, "query_runtime_sec": 15.651158332824707, "iters": 2700, "stop_iter": 2700, "mean_loss": 0.13928518562681144, "last_loss": 0.03191293030977249, "stop_reason": "plateau", "hit_max_iters": false, "final_smooth_loss": 0.03092923877760768, "best_smooth_loss": 0.034963959455490114, "diverged": false, "loss_curve": [[1000, 0.07410323489457368], [1100, 0.06413001615554094], [1200, 0.06054534140974283], [1300, 0.056451539732515814], [1400, 0.05358734991401434], [1500, 0.052521062269806865], [1600, 0.04722699575126171], [1700, 0.04493506833910942], [1800, 0.04170929279178381], [1900, 0.04157206673175096], [2000, 0.03870823536068201], [2100, 0.03877002961933613], [2200, 0.034963959455490114], [2300, 0.03515225052833557], [2400, 0.03408704413101077], [2500, 0.032306004296988246], [2600, 0.031871776599437], [2700, 0.03092923877760768]]}, "ckpt_id": "origa__P5__s2000__r2", "ckpt_path": "", "ckpt_hash": "06bfa917cae7ea7a999a1e296946d03956edaf28f0b8024612e8c20d3b1ac2b2", "config_hash": "bf4ec5f898291681fce09c32cda12c6918044a048969b35e9673716b3b129d33", "feature_cache_keys": {"task_unet": "task_unet_bottleneck@06bfa917cae7"}, "sam_model_type": "", "sam_checkpoint": "", "metrics": {"primary_metric": "mean_dsc_fg_case_macro", "metric_version": "v3_case_macro", "eval_scope": "case_full_volume", "mean_dsc_fg_case_macro": 0.7922743215716219, "mean_dsc_fg": 0.7922743215716219, "mean_dsc_fg_pooled_diagnostic": 0.7952054493549079, "dsc_per_class_pooled": [0.9987988099055232, 0.7694067463390803, 0.8210041523707355], "dsc_per_class": [0.9987988099055232, 0.7694067463390803, 0.8210041523707355], "n_cases": 65, "n_eval": 65, "structure_detection_rate": 1.0, "missed_structure_rate": 0.0}, "runtime_sec": {"train": 1462.467901468277, "eval": 1.452634572982788, "select": 15.651158332824707}, "gpu_mem_mb": 9445.128192, "gpu_name": "Tesla V100-PCIE-32GB", "gpu_total_mem_mb": 34072.559616, "foundation": {}, "notes": ""}
{"schema_version": "v3", "run_id": "origa__P5__s2000", "round": 3, "dataset": "origa", "modality": "fundus", "target": "optic_nerve_head", "dim": "2d", "query_unit": "image", "seed": 2000, "round_seed": 2003, "component_seeds": {"model_init_seed": 1786941200, "loader_seed": 315035857, "query_seed": 1656248978, "dropout_seed": 3607744384}, "total_rounds": 7, "budget_denominator": {"full_train_N": 520, "requested_pool_cap": 5000, "actual_AL_pool_N": 520, "budget_plan": [8, 11, 21, 37, 52, 78, 104], "fraction_of_AL_pool": 0.2, "fraction_of_full_train": 0.2}, "policy_id": "P5", "policy_name": "EntropyCoreSet", "method_version": "1.0", "is_ablation": false, "policy_config": {}, "cumulative_budget": 37, "incremental_query_count": 15, "labeled_count": 37, "labeled_ratio": 0.07115384615384615, "selected_ids": ["362", "356", "306", "156", "510", "518", "359", "228", "617", "525", "284", "467", "633", "157", "240"], "selected_scores": [0.0005717800231650472, 0.0010252801002934575, 0.0005462662084028125, 0.0006219093920662999, 0.0022722026333212852, 0.0006276955828070641, 0.0005405605770647526, 0.0006325404392555356, 0.0006408705958165228, 0.000827412586659193, 0.0009260164806619287, 0.0006281210226006806, 0.0006034518592059612, 0.0010010291589424014, 0.0007592367473989725], "selected_pred_fg_ratio": [0.0203857421875, 0.01851654052734375, 0.01946258544921875, 0.014934539794921875, 0.02713775634765625, 0.0182037353515625, 0.01920318603515625, 0.022426605224609375, 0.02057647705078125, 0.020587921142578125, 0.021762847900390625, 0.016521453857421875, 0.0132598876953125, 0.016857147216796875, 0.022815704345703125], "selected_pred_class_dist": [[0.9796142578125, 0.01200103759765625, 0.00838470458984375], [0.9814834594726562, 0.012302398681640625, 0.006214141845703125], [0.9805374145507812, 0.010730743408203125, 0.008731842041015625], [0.9850654602050781, 0.00923919677734375, 0.005695343017578125], [0.9728622436523438, 0.020565032958984375, 0.006572723388671875], [0.9817962646484375, 0.010822296142578125, 0.007381439208984375], [0.9807968139648438, 0.010875701904296875, 0.008327484130859375], [0.9775733947753906, 0.014438629150390625, 0.00798797607421875], [0.9794235229492188, 0.012176513671875, 0.00839996337890625], [0.9794120788574219, 0.012485504150390625, 0.0081024169921875], [0.9782371520996094, 0.012481689453125, 0.009281158447265625], [0.9834785461425781, 0.010059356689453125, 0.00646209716796875], [0.9867401123046875, 0.00885772705078125, 0.00440216064453125], [0.9831428527832031, 0.01087188720703125, 0.005985260009765625], [0.9771842956542969, 0.012149810791015625, 0.0106658935546875]], "candidate_count": 483, "candidate_scores_path": "/groups/echambe2/gmeng/MedAL-Agent/repo/code/runs/frozen_v5/candidate_scores/origa__P5__s2000__r3.json", "predictions_path": "", "initial_labeled_path": "/groups/echambe2/gmeng/MedAL-Agent/repo/code/runs/frozen_v5/init_sets/origa__s2000__n8.json", "initial_labeled_ids": [], "selection_diagnostics": {}, "training": {"num_iters": 1000, "batch_size": 12, "lr": 0.001, "image_size": 512, "aspect_preserve": true, "resolution_policy": "longside_pad32", "preproc_cache": {"pool": "hit", "val": "hit"}, "train_runtime_sec": 2098.1811435222626, "query_runtime_sec": 14.675557374954224, "iters": 4100, "stop_iter": 4100, "mean_loss": 0.13979266393248263, "last_loss": 0.023378698155283928, "stop_reason": "plateau", "hit_max_iters": false, "final_smooth_loss": 0.02361983548849821, "best_smooth_loss": 0.027143242564052344, "diverged": false, "loss_curve": [[1000, 0.13237776577472687], [1100, 0.11915769897401333], [1200, 0.10123623989522457], [1300, 0.09118251025676727], [1400, 0.08244446478784084], [1500, 0.07544190745800733], [1600, 0.0685323527827859], [1700, 0.06392952840775251], [1800, 0.060692395716905594], [1900, 0.05544832985848189], [2000, 0.05465991612523794], [2100, 0.04975665509700775], [2200, 0.047864811196923256], [2300, 0.046448937207460406], [2400, 0.04345231857150793], [2500, 0.04183671422302723], [2600, 0.048406749330461026], [2700, 0.038401893842965364], [2800, 0.036889725625514985], [2900, 0.03423839747905731], [3000, 0.037130872067064044], [3100, 0.03253547577187419], [3200, 0.03181075312197208], [3300, 0.029372215159237384], [3400, 0.029035810325294734], [3500, 0.027985336892306804], [3600, 0.027143242564052344], [3700, 0.027658285107463598], [3800, 0.026248076166957617], [3900, 0.024334135074168442], [4000, 0.02431759433820844], [4100, 0.02361983548849821]]}, "ckpt_id": "origa__P5__s2000__r3", "ckpt_path": "", "ckpt_hash": "bed8259c027796aa721de60f8b8b72dcc68c6f84f1a08e64e82f53d889180973", "config_hash": "bf4ec5f898291681fce09c32cda12c6918044a048969b35e9673716b3b129d33", "feature_cache_keys": {"task_unet": "task_unet_bottleneck@bed8259c0277"}, "sam_model_type": "", "sam_checkpoint": "", "metrics": {"primary_metric": "mean_dsc_fg_case_macro", "metric_version": "v3_case_macro", "eval_scope": "case_full_volume", "mean_dsc_fg_case_macro": 0.8093448179499048, "mean_dsc_fg": 0.8093448179499048, "mean_dsc_fg_pooled_diagnostic": 0.8133893651499862, "dsc_per_class_pooled": [0.998886666052556, 0.7910310852433746, 0.8357476450565978], "dsc_per_class": [0.998886666052556, 0.7910310852433746, 0.8357476450565978], "n_cases": 65, "n_eval": 65, "structure_detection_rate": 1.0, "missed_structure_rate": 0.0}, "runtime_sec": {"train": 2098.1811435222626, "eval": 1.4260001182556152, "select": 14.675557374954224}, "gpu_mem_mb": 9446.438912, "gpu_name": "Tesla V100-PCIE-32GB", "gpu_total_mem_mb": 34072.559616, "foundation": {}, "notes": ""}
{"schema_version": "v3", "run_id": "origa__P5__s2000", "round": 4, "dataset": "origa", "modality": "fundus", "target": "optic_nerve_head", "dim": "2d", "query_unit": "image", "seed": 2000, "round_seed": 2004, "component_seeds": {"model_init_seed": 45534947, "loader_seed": 4200637250, "query_seed": 2043315399, "dropout_seed": 1875314724}, "total_rounds": 7, "budget_denominator": {"full_train_N": 520, "requested_pool_cap": 5000, "actual_AL_pool_N": 520, "budget_plan": [8, 11, 21, 37, 52, 78, 104], "fraction_of_AL_pool": 0.2, "fraction_of_full_train": 0.2}, "policy_id": "P5", "policy_name": "EntropyCoreSet", "method_version": "1.0", "is_ablation": false, "policy_config": {}, "cumulative_budget": 52, "incremental_query_count": 26, "labeled_count": 52, "labeled_ratio": 0.1, "selected_ids": ["608", "048", "634", "410", "162", "433", "345", "641", "521", "283", "519", "571", "392", "227", "623", "182", "194", "086", "102", "644", "602", "340", "229", "579", "122", "400"], "selected_scores": [0.0005639124428853393, 0.0005600384902209044, 0.0015475210966542363, 0.0005589036154560745, 0.0005991401267237961, 0.0005636066780425608, 0.000670458422973752, 0.0005652609979733825, 0.0005714951548725367, 0.0005897150840610266, 0.0005767508409917355, 0.0006784647121094167, 0.000557097140699625, 0.0010609212331473827, 0.000592949625570327, 0.0006528169615194201, 0.000557942665182054, 0.0006022561574354768, 0.0005718381144106388, 0.0006576074520125985, 0.0005650831735692918, 0.0006498985458165407, 0.0005919698742218316, 0.0006140453624539077, 0.0006248624995350838, 0.0006309529999271035], "selected_pred_fg_ratio": [0.018398284912109375, 0.018192291259765625, 0.014179229736328125, 0.018177032470703125, 0.01830291748046875, 0.018840789794921875, 0.01618194580078125, 0.021209716796875, 0.016597747802734375, 0.015811920166015625, 0.017913818359375, 0.023937225341796875, 0.0177459716796875, 0.022426605224609375, 0.0204315185546875, 0.01708221435546875, 0.01605987548828125, 0.0170745849609375, 0.019786834716796875, 0.02220916748046875, 0.018310546875, 0.0121612548828125, 0.0212860107421875, 0.018756866455078125, 0.020038604736328125, 0.020915985107421875], "selected_pred_class_dist": [[0.9816017150878906, 0.008495330810546875, 0.0099029541015625], [0.9818077087402344, 0.01141357421875, 0.006778717041015625], [0.9858207702636719, 0.00971221923828125, 0.004467010498046875], [0.9818229675292969, 0.01093292236328125, 0.007244110107421875], [0.9816970825195312, 0.010036468505859375, 0.008266448974609375], [0.9811592102050781, 0.011585235595703125, 0.00725555419921875], [0.9838180541992188, 0.0098876953125, 0.00629425048828125], [0.978790283203125, 0.013057708740234375, 0.008152008056640625], [0.9834022521972656, 0.011035919189453125, 0.00556182861328125], [0.9841880798339844, 0.009616851806640625, 0.006195068359375], [0.982086181640625, 0.009395599365234375, 0.008518218994140625], [0.9760627746582031, 0.012958526611328125, 0.01097869873046875], [0.9822540283203125, 0.0096893310546875, 0.008056640625], [0.9775733947753906, 0.01064300537109375, 0.011783599853515625], [0.9795684814453125, 0.012905120849609375, 0.007526397705078125], [0.9829177856445312, 0.01052093505859375, 0.006561279296875], [0.9839401245117188, 0.010166168212890625, 0.005893707275390625], [0.9829254150390625, 0.009838104248046875, 0.007236480712890625], [0.9802131652832031, 0.011669158935546875, 0.00811767578125], [0.9777908325195312, 0.013545989990234375, 0.008663177490234375], [0.981689453125, 0.011444091796875, 0.006866455078125], [0.9878387451171875, 0.008449554443359375, 0.003711700439453125], [0.9787139892578125, 0.01384735107421875, 0.00743865966796875], [0.9812431335449219, 0.0101776123046875, 0.008579254150390625], [0.9799613952636719, 0.013111114501953125, 0.006927490234375], [0.9790840148925781, 0.012737274169921875, 0.0081787109375]], "candidate_count": 468, "candidate_scores_path": "/groups/echambe2/gmeng/MedAL-Agent/repo/code/runs/frozen_v5/candidate_scores/origa__P5__s2000__r4.json", "predictions_path": "", "initial_labeled_path": "/groups/echambe2/gmeng/MedAL-Agent/repo/code/runs/frozen_v5/init_sets/origa__s2000__n8.json", "initial_labeled_ids": [], "selection_diagnostics": {}, "training": {"num_iters": 1000, "batch_size": 12, "lr": 0.001, "image_size": 512, "aspect_preserve": true, "resolution_policy": "longside_pad32", "preproc_cache": {"pool": "hit", "val": "hit"}, "train_runtime_sec": 1889.2644114494324, "query_runtime_sec": 15.223014116287231, "iters": 3700, "stop_iter": 3700, "mean_loss": 0.166623288146346, "last_loss": 0.030443791300058365, "stop_reason": "plateau", "hit_max_iters": false, "final_smooth_loss": 0.03907946994528175, "best_smooth_loss": 0.0387359119951725, "diverged": false, "loss_curve": [[1000, 0.20083667814731598], [1100, 0.19251715451478957], [1200, 0.15515064470469953], [1300, 0.14854215674102306], [1400, 0.12643596239387989], [1500, 0.11434121362864971], [1600, 0.10474406123161316], [1700, 0.09642411001026631], [1800, 0.08766760256141425], [1900, 0.08345042549073696], [2000, 0.076161466576159], [2100, 0.07036321610212326], [2200, 0.06895592443645], [2300, 0.05991492506116629], [2400, 0.05616716958582401], [2500, 0.051880570948123934], [2600, 0.0501577627286315], [2700, 0.04763890534639358], [2800, 0.045599978789687155], [2900, 0.04501727160066366], [3000, 0.0416183951497078], [3100, 0.04118199875578284], [3200, 0.0387359119951725], [3300, 0.03780719850212336], [3400, 0.03670262400060892], [3500, 0.035055177807807925], [3600, 0.03486072953790426], [3700, 0.03907946994528175]]}, "ckpt_id": "origa__P5__s2000__r4", "ckpt_path": "", "ckpt_hash": "09b9e27292731837c50079debc47ec3748c9a555178ad5c782f6754020872616", "config_hash": "bf4ec5f898291681fce09c32cda12c6918044a048969b35e9673716b3b129d33", "feature_cache_keys": {"task_unet": "task_unet_bottleneck@09b9e2729273"}, "sam_model_type": "", "sam_checkpoint": "", "metrics": {"primary_metric": "mean_dsc_fg_case_macro", "metric_version": "v3_case_macro", "eval_scope": "case_full_volume", "mean_dsc_fg_case_macro": 0.8168077139084924, "mean_dsc_fg": 0.8168077139084924, "mean_dsc_fg_pooled_diagnostic": 0.8215145393587256, "dsc_per_class_pooled": [0.9990878678006895, 0.8065569882910923, 0.836472090426359], "dsc_per_class": [0.9990878678006895, 0.8065569882910923, 0.836472090426359], "n_cases": 65, "n_eval": 65, "structure_detection_rate": 1.0, "missed_structure_rate": 0.0}, "runtime_sec": {"train": 1889.2644114494324, "eval": 1.3673150539398193, "select": 15.223014116287231}, "gpu_mem_mb": 9445.65248, "gpu_name": "Tesla V100-PCIE-32GB", "gpu_total_mem_mb": 34072.559616, "foundation": {}, "notes": ""}
{"schema_version": "v3", "run_id": "origa__P5__s2000", "round": 5, "dataset": "origa", "modality": "fundus", "target": "optic_nerve_head", "dim": "2d", "query_unit": "image", "seed": 2000, "round_seed": 2005, "component_seeds": {"model_init_seed": 3201858957, "loader_seed": 336650979, "query_seed": 736189286, "dropout_seed": 1600783356}, "total_rounds": 7, "budget_denominator": {"full_train_N": 520, "requested_pool_cap": 5000, "actual_AL_pool_N": 520, "budget_plan": [8, 11, 21, 37, 52, 78, 104], "fraction_of_AL_pool": 0.2, "fraction_of_full_train": 0.2}, "policy_id": "P5", "policy_name": "EntropyCoreSet", "method_version": "1.0", "is_ablation": false, "policy_config": {}, "cumulative_budget": 78, "incremental_query_count": 26, "labeled_count": 78, "labeled_ratio": 0.15, "selected_ids": ["572", "487", "338", "581", "072", "094", "556", "266", "376", "221", "046", "485", "567", "076", "226", "482", "273", "277", "200", "526", "172", "469", "318", "238", "210", "514"], "selected_scores": [0.0005346017424017191, 0.0005795367760583758, 0.0005216994904913008, 0.0005298944306559861, 0.0005647374782711267, 0.0005377960042096674, 0.0005421054665930569, 0.0005376024055294693, 0.0006082839099690318, 0.0005588277708739042, 0.0005186146008782089, 0.0005161571898497641, 0.0005940524861216545, 0.0006236716872081161, 0.0006380983395501971, 0.0005298805772326887, 0.0005347640253603458, 0.0005189090734347701, 0.000565984402783215, 0.0006046145572327077, 0.0006008081254549325, 0.0005908028688281775, 0.0005511337658390403, 0.0005559917772188783, 0.0005262759514153004, 0.0005394821055233479], "selected_pred_fg_ratio": [0.019351959228515625, 0.0197601318359375, 0.019229888916015625, 0.0177154541015625, 0.0153350830078125, 0.017200469970703125, 0.021045684814453125, 0.01912689208984375, 0.024570465087890625, 0.017383575439453125, 0.01804351806640625, 0.0140533447265625, 0.019062042236328125, 0.021968841552734375, 0.02310943603515625, 0.016803741455078125, 0.012630462646484375, 0.020069122314453125, 0.021457672119140625, 0.017261505126953125, 0.017719268798828125, 0.02001953125, 0.018402099609375, 0.022308349609375, 0.018299102783203125, 0.020111083984375], "selected_pred_class_dist": [[0.9806480407714844, 0.010242462158203125, 0.0091094970703125], [0.9802398681640625, 0.013214111328125, 0.0065460205078125], [0.9807701110839844, 0.011867523193359375, 0.00736236572265625], [0.9822845458984375, 0.01149749755859375, 0.00621795654296875], [0.9846649169921875, 0.009235382080078125, 0.006099700927734375], [0.9827995300292969, 0.00951385498046875, 0.007686614990234375], [0.9789543151855469, 0.0123291015625, 0.008716583251953125], [0.9808731079101562, 0.0106964111328125, 0.00843048095703125], [0.9754295349121094, 0.0153656005859375, 0.009204864501953125], [0.9826164245605469, 0.01038360595703125, 0.006999969482421875], [0.9819564819335938, 0.010406494140625, 0.00763702392578125], [0.9859466552734375, 0.010417938232421875, 0.003635406494140625], [0.9809379577636719, 0.01091766357421875, 0.008144378662109375], [0.9780311584472656, 0.012760162353515625, 0.00920867919921875], [0.9768905639648438, 0.014354705810546875, 0.008754730224609375], [0.9831962585449219, 0.01085662841796875, 0.005947113037109375], [0.9873695373535156, 0.00849151611328125, 0.004138946533203125], [0.9799308776855469, 0.012561798095703125, 0.00750732421875], [0.9785423278808594, 0.01306915283203125, 0.008388519287109375], [0.9827384948730469, 0.011295318603515625, 0.0059661865234375], [0.9822807312011719, 0.009815216064453125, 0.007904052734375], [0.97998046875, 0.012310028076171875, 0.007709503173828125], [0.981597900390625, 0.01155853271484375, 0.00684356689453125], [0.977691650390625, 0.014049530029296875, 0.008258819580078125], [0.9817008972167969, 0.01271820068359375, 0.005580902099609375], [0.979888916015625, 0.013080596923828125, 0.007030487060546875]], "candidate_count": 442, "candidate_scores_path": "/groups/echambe2/gmeng/MedAL-Agent/repo/code/runs/frozen_v5/candidate_scores/origa__P5__s2000__r5.json", "predictions_path": "", "initial_labeled_path": "/groups/echambe2/gmeng/MedAL-Agent/repo/code/runs/frozen_v5/init_sets/origa__s2000__n8.json", "initial_labeled_ids": [], "selection_diagnostics": {}, "training": {"num_iters": 1000, "batch_size": 12, "lr": 0.001, "image_size": 512, "aspect_preserve": true, "resolution_policy": "longside_pad32", "preproc_cache": {"pool": "hit", "val": "hit"}, "train_runtime_sec": 2451.420807361603, "query_runtime_sec": 14.057134628295898, "iters": 4800, "stop_iter": 4800, "mean_loss": 0.17779068477878657, "last_loss": 0.03995750844478607, "stop_reason": "plateau", "hit_max_iters": false, "final_smooth_loss": 0.03890046253800392, "best_smooth_loss": 0.04158077947795391, "diverged": false, "loss_curve": [[1000, 0.27329608142375944], [1100, 0.2505987076461315], [1200, 0.2354801167547703], [1300, 0.22231139853596688], [1400, 0.22025728106498718], [1500, 0.2090474072098732], [1600, 0.20098577931523323], [1700, 0.19361405119299888], [1800, 0.17931026190519334], [1900, 0.16881049260497094], [2000, 0.15726952590048313], [2100, 0.14635540835559369], [2200, 0.1429255320876837], [2300, 0.12363526314496993], [2400, 0.11384307377040387], [2500, 0.10828206539154053], [2600, 0.09767349302768707], [2700, 0.09031293161213398], [2800, 0.08760123923420907], [2900, 0.07884094581007957], [3000, 0.0785808302462101], [3100, 0.07266659140586854], [3200, 0.06951080542057753], [3300, 0.062460794411599636], [3400, 0.0625186575204134], [3500, 0.05771836753934622], [3600, 0.0546576925739646], [3700, 0.05419711276888847], [3800, 0.05222462125122547], [3900, 0.050073455907404425], [4000, 0.04723833236843347], [4100, 0.04727339446544647], [4200, 0.044329071510583164], [4300, 0.04158077947795391], [4400, 0.042138756960630415], [4500, 0.0422148846462369], [4600, 0.0419455011934042], [4700, 0.03938817590475083], [4800, 0.03890046253800392]]}, "ckpt_id": "origa__P5__s2000__r5", "ckpt_path": "", "ckpt_hash": "1558fbded7554ccaa3fafc8850dd40fc4d0c599bbc8531a583c91eaa4e318720", "config_hash": "bf4ec5f898291681fce09c32cda12c6918044a048969b35e9673716b3b129d33", "feature_cache_keys": {"task_unet": "task_unet_bottleneck@1558fbded755"}, "sam_model_type": "", "sam_checkpoint": "", "metrics": {"primary_metric": "mean_dsc_fg_case_macro", "metric_version": "v3_case_macro", "eval_scope": "case_full_volume", "mean_dsc_fg_case_macro": 0.8194999707451378, "mean_dsc_fg": 0.8194999707451378, "mean_dsc_fg_pooled_diagnostic": 0.8229695548807001, "dsc_per_class_pooled": [0.9990876177487042, 0.8111819262228229, 0.8347571835385773], "dsc_per_class": [0.9990876177487042, 0.8111819262228229, 0.8347571835385773], "n_cases": 65, "n_eval": 65, "structure_detection_rate": 1.0, "missed_structure_rate": 0.0}, "runtime_sec": {"train": 2451.420807361603, "eval": 1.3753528594970703, "select": 14.057134628295898}, "gpu_mem_mb": 9448.486912, "gpu_name": "Tesla V100-PCIE-32GB", "gpu_total_mem_mb": 34072.559616, "foundation": {}, "notes": ""}
{"schema_version": "v3", "run_id": "origa__P5__s2000", "round": 6, "dataset": "origa", "modality": "fundus", "target": "optic_nerve_head", "dim": "2d", "query_unit": "image", "seed": 2000, "round_seed": 2006, "component_seeds": {"model_init_seed": 950698087, "loader_seed": 2450784194, "query_seed": 3575377544, "dropout_seed": 3212423667}, "total_rounds": 7, "budget_denominator": {"full_train_N": 520, "requested_pool_cap": 5000, "actual_AL_pool_N": 520, "budget_plan": [8, 11, 21, 37, 52, 78, 104], "fraction_of_AL_pool": 0.2, "fraction_of_full_train": 0.2}, "policy_id": "P5", "policy_name": "EntropyCoreSet", "method_version": "1.0", "is_ablation": false, "policy_config": {}, "cumulative_budget": 104, "incremental_query_count": 0, "labeled_count": 104, "labeled_ratio": 0.2, "selected_ids": [], "selected_scores": [], "selected_pred_fg_ratio": [], "selected_pred_class_dist": [], "candidate_count": 0, "candidate_scores_path": "", "predictions_path": "/groups/echambe2/gmeng/MedAL-Agent/repo/code/runs/frozen_v5/predictions/origa__P5__s2000__r6.npz", "initial_labeled_path": "/groups/echambe2/gmeng/MedAL-Agent/repo/code/runs/frozen_v5/init_sets/origa__s2000__n8.json", "initial_labeled_ids": [], "selection_diagnostics": {}, "training": {"num_iters": 1000, "batch_size": 12, "lr": 0.001, "image_size": 512, "aspect_preserve": true, "resolution_policy": "longside_pad32", "preproc_cache": {"pool": "hit", "val": "hit"}, "train_runtime_sec": 2922.8317523002625, "query_runtime_sec": 0.0, "iters": 4700, "stop_iter": 4700, "mean_loss": 0.18977286319783393, "last_loss": 0.044807884842157364, "stop_reason": "plateau", "hit_max_iters": false, "final_smooth_loss": 0.042210818827152254, "best_smooth_loss": 0.04666725192219019, "diverged": false, "loss_curve": [[1000, 0.25185119315981863], [1100, 0.24955049768090248], [1200, 0.24283404231071473], [1300, 0.2366355177760124], [1400, 0.2188243281841278], [1500, 0.2233028419315815], [1600, 0.21196969270706176], [1700, 0.20355675116181374], [1800, 0.2051785945892334], [1900, 0.18811261117458344], [2000, 0.1924677237868309], [2100, 0.18292229413986205], [2200, 0.18169318288564681], [2300, 0.1690217050909996], [2400, 0.15841156281530858], [2500, 0.14894614458084107], [2600, 0.14089770406484603], [2700, 0.1323446165025234], [2800, 0.12499839559197426], [2900, 0.10980701386928558], [3000, 0.1047771556675434], [3100, 0.09571541465818882], [3200, 0.08848731376230717], [3300, 0.08452429834753275], [3400, 0.07541732802987099], [3500, 0.07120363101363182], [3600, 0.06272038705646991], [3700, 0.06197515215724707], [3800, 0.05917977802455425], [3900, 0.05411619052290916], [4000, 0.05424638897180557], [4100, 0.04964139960706234], [4200, 0.04666725192219019], [4300, 0.04634890854358673], [4400, 0.0452690439671278], [4500, 0.04212602764368057], [4600, 0.04276986975222826], [4700, 0.042210818827152254]]}, "ckpt_id": "origa__P5__s2000__r6", "ckpt_path": "", "ckpt_hash": "0730d61990f2d2d64777ad57714818f011b5d35e72871cb591d47fd009e315db", "config_hash": "bf4ec5f898291681fce09c32cda12c6918044a048969b35e9673716b3b129d33", "feature_cache_keys": {}, "sam_model_type": "", "sam_checkpoint": "", "metrics": {"primary_metric": "mean_dsc_fg_case_macro", "metric_version": "v3_case_macro", "eval_scope": "case_full_volume", "mean_dsc_fg_case_macro": 0.8210100579025447, "mean_dsc_fg": 0.8210100579025447, "mean_dsc_fg_pooled_diagnostic": 0.8255158007161744, "dsc_per_class_pooled": [0.9991266825600401, 0.8131036228539095, 0.8379279785784393], "dsc_per_class": [0.9991266825600401, 0.8131036228539095, 0.8379279785784393], "n_cases": 65, "n_eval": 65, "structure_detection_rate": 1.0, "missed_structure_rate": 0.0}, "runtime_sec": {"train": 2922.8317523002625, "eval": 1.433694839477539, "select": 0.0}, "gpu_mem_mb": 9446.651904, "gpu_name": "Tesla V100-PCIE-32GB", "gpu_total_mem_mb": 34072.559616, "foundation": {}, "notes": ""}
