{"schema_version": "v3", "run_id": "origa__P1__s3000", "round": 0, "dataset": "origa", "modality": "fundus", "target": "optic_nerve_head", "dim": "2d", "query_unit": "image", "seed": 3000, "round_seed": 3000, "component_seeds": {"model_init_seed": 4268717614, "loader_seed": 3761024140, "query_seed": 1653928250, "dropout_seed": 3551934248}, "total_rounds": 7, "budget_denominator": {"full_train_N": 520, "requested_pool_cap": 5000, "actual_AL_pool_N": 520, "budget_plan": [8, 11, 21, 37, 52, 78, 104], "fraction_of_AL_pool": 0.2, "fraction_of_full_train": 0.2}, "policy_id": "P1", "policy_name": "EntropyFull", "method_version": "1.0", "is_ablation": false, "policy_config": {}, "cumulative_budget": 8, "incremental_query_count": 3, "labeled_count": 8, "labeled_ratio": 0.015384615384615385, "selected_ids": ["462", "419", "634"], "selected_scores": [0.001575897098518908, 0.0014838851056993008, 0.0013659001560881734], "selected_pred_fg_ratio": [0.023651123046875, 0.021610260009765625, 0.019367218017578125], "selected_pred_class_dist": [[0.976348876953125, 0.019054412841796875, 0.004596710205078125], [0.9783897399902344, 0.0113525390625, 0.010257720947265625], [0.9806327819824219, 0.010837554931640625, 0.0085296630859375]], "candidate_count": 512, "candidate_scores_path": "/groups/echambe2/gmeng/MedAL-Agent/repo/code/runs/frozen_v5/candidate_scores/origa__P1__s3000__r0.json", "predictions_path": "", "initial_labeled_path": "/groups/echambe2/gmeng/MedAL-Agent/repo/code/runs/frozen_v5/init_sets/origa__s3000__n8.json", "initial_labeled_ids": ["104", "132", "318", "322", "342", "478", "515", "552"], "selection_diagnostics": {}, "training": {"num_iters": 1000, "batch_size": 12, "lr": 0.001, "image_size": 512, "aspect_preserve": true, "resolution_policy": "longside_pad32", "preproc_cache": {"pool": "hit", "val": "hit"}, "train_runtime_sec": 1073.4070794582367, "query_runtime_sec": 12.71676230430603, "iters": 2800, "stop_iter": 2800, "mean_loss": 0.12993528304621577, "last_loss": 0.016950633376836777, "stop_reason": "plateau", "hit_max_iters": false, "final_smooth_loss": 0.018084201738238336, "best_smooth_loss": 0.02002161357551813, "diverged": false, "loss_curve": [[1000, 0.03965573541820049], [1100, 0.03788378916680813], [1200, 0.03518330555409193], [1300, 0.03551701620221138], [1400, 0.03300409907475114], [1500, 0.02859612984582782], [1600, 0.03157402604818344], [1700, 0.02818808052688837], [1800, 0.026360917910933493], [1900, 0.02352674450725317], [2000, 0.02336350629106164], [2100, 0.02284255310893059], [2200, 0.022540223095566036], [2300, 0.02002161357551813], [2400, 0.02562976846471429], [2500, 0.02156417679041624], [2600, 0.019534616563469172], [2700, 0.01840637091547251], [2800, 0.018084201738238336]]}, "ckpt_id": "origa__P1__s3000__r0", "ckpt_path": "", "ckpt_hash": "4b7bb28761c766602720f2310b115f02afcdffc5b6cf749bd8227cd385c2fb03", "config_hash": "bf4ec5f898291681fce09c32cda12c6918044a048969b35e9673716b3b129d33", "feature_cache_keys": {}, "sam_model_type": "", "sam_checkpoint": "", "metrics": {"primary_metric": "mean_dsc_fg_case_macro", "metric_version": "v3_case_macro", "eval_scope": "case_full_volume", "mean_dsc_fg_case_macro": 0.6917775835912267, "mean_dsc_fg": 0.6917775835912267, "mean_dsc_fg_pooled_diagnostic": 0.6819929523242382, "dsc_per_class_pooled": [0.9980626277305584, 0.6934465800855741, 0.6705393245629022], "dsc_per_class": [0.9980626277305584, 0.6934465800855741, 0.6705393245629022], "n_cases": 65, "n_eval": 65, "structure_detection_rate": 1.0, "missed_structure_rate": 0.0}, "runtime_sec": {"train": 1073.4070794582367, "eval": 1.4553396701812744, "select": 12.71676230430603}, "gpu_mem_mb": 8107.887616, "gpu_name": "Tesla V100-PCIE-32GB", "gpu_total_mem_mb": 34072.559616, "foundation": {}, "notes": ""}
{"schema_version": "v3", "run_id": "origa__P1__s3000", "round": 1, "dataset": "origa", "modality": "fundus", "target": "optic_nerve_head", "dim": "2d", "query_unit": "image", "seed": 3000, "round_seed": 3001, "component_seeds": {"model_init_seed": 1368497401, "loader_seed": 724338150, "query_seed": 2939650167, "dropout_seed": 1283938365}, "total_rounds": 7, "budget_denominator": {"full_train_N": 520, "requested_pool_cap": 5000, "actual_AL_pool_N": 520, "budget_plan": [8, 11, 21, 37, 52, 78, 104], "fraction_of_AL_pool": 0.2, "fraction_of_full_train": 0.2}, "policy_id": "P1", "policy_name": "EntropyFull", "method_version": "1.0", "is_ablation": false, "policy_config": {}, "cumulative_budget": 11, "incremental_query_count": 10, "labeled_count": 11, "labeled_ratio": 0.021153846153846155, "selected_ids": ["224", "405", "202", "184", "283", "447", "225", "200", "203", "144"], "selected_scores": [0.0028569854330271482, 0.0026368941180408, 0.002330631483346224, 0.002194355707615614, 0.0020161967258900404, 0.0019362621242180467, 0.001810242421925068, 0.001735562109388411, 0.0014879013178870082, 0.0014861940871924162], "selected_pred_fg_ratio": [0.029750823974609375, 0.02605438232421875, 0.027065277099609375, 0.02756500244140625, 0.029209136962890625, 0.0244903564453125, 0.024372100830078125, 0.02466583251953125, 0.030162811279296875, 0.02944183349609375], "selected_pred_class_dist": [[0.9702491760253906, 0.015819549560546875, 0.0139312744140625], [0.9739456176757812, 0.01599884033203125, 0.0100555419921875], [0.9729347229003906, 0.0165863037109375, 0.010478973388671875], [0.9724349975585938, 0.0147705078125, 0.01279449462890625], [0.9707908630371094, 0.017253875732421875, 0.01195526123046875], [0.9755096435546875, 0.014858245849609375, 0.009632110595703125], [0.9756278991699219, 0.01723480224609375, 0.007137298583984375], [0.9753341674804688, 0.01670074462890625, 0.007965087890625], [0.9698371887207031, 0.0212554931640625, 0.008907318115234375], [0.9705581665039062, 0.01317596435546875, 0.016265869140625]], "candidate_count": 509, "candidate_scores_path": "/groups/echambe2/gmeng/MedAL-Agent/repo/code/runs/frozen_v5/candidate_scores/origa__P1__s3000__r1.json", "predictions_path": "", "initial_labeled_path": "/groups/echambe2/gmeng/MedAL-Agent/repo/code/runs/frozen_v5/init_sets/origa__s3000__n8.json", "initial_labeled_ids": [], "selection_diagnostics": {}, "training": {"num_iters": 1000, "batch_size": 12, "lr": 0.001, "image_size": 512, "aspect_preserve": true, "resolution_policy": "longside_pad32", "preproc_cache": {"pool": "hit", "val": "hit"}, "train_runtime_sec": 1183.2057695388794, "query_runtime_sec": 13.175838232040405, "iters": 2400, "stop_iter": 2400, "mean_loss": 0.11542285456477354, "last_loss": 0.02294410578906536, "stop_reason": "plateau", "hit_max_iters": false, "final_smooth_loss": 0.026095115542411805, "best_smooth_loss": 0.031042014472186564, "diverged": false, "loss_curve": [[1000, 0.04691597800701856], [1100, 0.0415820905007422], [1200, 0.04056809989735484], [1300, 0.036939544174820184], [1400, 0.03645570756867528], [1500, 0.03719932621344924], [1600, 0.0355914431810379], [1700, 0.036398579608649013], [1800, 0.032104398384690286], [1900, 0.031042014472186564], [2000, 0.030589778441935778], [2100, 0.026980694942176343], [2200, 0.02810426851734519], [2300, 0.026372777111828328], [2400, 0.026095115542411805]]}, "ckpt_id": "origa__P1__s3000__r1", "ckpt_path": "", "ckpt_hash": "31713845289cd8b14cdb68e4a2d0428390d994050b65e7929514cdb7408ca125", "config_hash": "bf4ec5f898291681fce09c32cda12c6918044a048969b35e9673716b3b129d33", "feature_cache_keys": {}, "sam_model_type": "", "sam_checkpoint": "", "metrics": {"primary_metric": "mean_dsc_fg_case_macro", "metric_version": "v3_case_macro", "eval_scope": "case_full_volume", "mean_dsc_fg_case_macro": 0.6985013219206838, "mean_dsc_fg": 0.6985013219206838, "mean_dsc_fg_pooled_diagnostic": 0.6972763443184944, "dsc_per_class_pooled": [0.998070770787042, 0.6912297464071022, 0.7033229422298866], "dsc_per_class": [0.998070770787042, 0.6912297464071022, 0.7033229422298866], "n_cases": 65, "n_eval": 65, "structure_detection_rate": 1.0, "missed_structure_rate": 0.0}, "runtime_sec": {"train": 1183.2057695388794, "eval": 1.4057960510253906, "select": 13.175838232040405}, "gpu_mem_mb": 8663.578624, "gpu_name": "Tesla V100-PCIE-32GB", "gpu_total_mem_mb": 34072.559616, "foundation": {}, "notes": ""}
{"schema_version": "v3", "run_id": "origa__P1__s3000", "round": 2, "dataset": "origa", "modality": "fundus", "target": "optic_nerve_head", "dim": "2d", "query_unit": "image", "seed": 3000, "round_seed": 3002, "component_seeds": {"model_init_seed": 3745551808, "loader_seed": 2465835433, "query_seed": 2701088630, "dropout_seed": 1393056386}, "total_rounds": 7, "budget_denominator": {"full_train_N": 520, "requested_pool_cap": 5000, "actual_AL_pool_N": 520, "budget_plan": [8, 11, 21, 37, 52, 78, 104], "fraction_of_AL_pool": 0.2, "fraction_of_full_train": 0.2}, "policy_id": "P1", "policy_name": "EntropyFull", "method_version": "1.0", "is_ablation": false, "policy_config": {}, "cumulative_budget": 21, "incremental_query_count": 16, "labeled_count": 21, "labeled_ratio": 0.04038461538461539, "selected_ids": ["348", "633", "213", "510", "511", "142", "328", "301", "072", "482", "300", "340", "156", "443", "378", "165"], "selected_scores": [0.0033832374028861523, 0.0032831619028002024, 0.00287689664401114, 0.002296340884640813, 0.002144153229892254, 0.0020659640431404114, 0.0020381391514092684, 0.001961837988346815, 0.0019111358560621738, 0.0018475145334377885, 0.0017870888113975525, 0.0017361862119287252, 0.0016823002370074391, 0.0016487418906763196, 0.0015904232859611511, 0.0015431706560775638], "selected_pred_fg_ratio": [0.0279693603515625, 0.024845123291015625, 0.028469085693359375, 0.024383544921875, 0.026523590087890625, 0.019763946533203125, 0.0204620361328125, 0.024158477783203125, 0.019420623779296875, 0.022968292236328125, 0.021862030029296875, 0.022388458251953125, 0.020416259765625, 0.019256591796875, 0.018108367919921875, 0.0198516845703125], "selected_pred_class_dist": [[0.9720306396484375, 0.021961212158203125, 0.006008148193359375], [0.9751548767089844, 0.01627349853515625, 0.008571624755859375], [0.9715309143066406, 0.01924896240234375, 0.009220123291015625], [0.975616455078125, 0.0189208984375, 0.005462646484375], [0.9734764099121094, 0.018695831298828125, 0.0078277587890625], [0.9802360534667969, 0.0137939453125, 0.005970001220703125], [0.9795379638671875, 0.013484954833984375, 0.006977081298828125], [0.9758415222167969, 0.01953125, 0.004627227783203125], [0.9805793762207031, 0.01422882080078125, 0.005191802978515625], [0.9770317077636719, 0.017185211181640625, 0.0057830810546875], [0.9781379699707031, 0.017303466796875, 0.004558563232421875], [0.9776115417480469, 0.014362335205078125, 0.008026123046875], [0.979583740234375, 0.017070770263671875, 0.003345489501953125], [0.980743408203125, 0.01201629638671875, 0.00724029541015625], [0.9818916320800781, 0.011199951171875, 0.006908416748046875], [0.9801483154296875, 0.012836456298828125, 0.007015228271484375]], "candidate_count": 499, "candidate_scores_path": "/groups/echambe2/gmeng/MedAL-Agent/repo/code/runs/frozen_v5/candidate_scores/origa__P1__s3000__r2.json", "predictions_path": "", "initial_labeled_path": "/groups/echambe2/gmeng/MedAL-Agent/repo/code/runs/frozen_v5/init_sets/origa__s3000__n8.json", "initial_labeled_ids": [], "selection_diagnostics": {}, "training": {"num_iters": 1000, "batch_size": 12, "lr": 0.001, "image_size": 512, "aspect_preserve": true, "resolution_policy": "longside_pad32", "preproc_cache": {"pool": "hit", "val": "hit"}, "train_runtime_sec": 1267.7930507659912, "query_runtime_sec": 12.449296236038208, "iters": 2400, "stop_iter": 2400, "mean_loss": 0.1380732809465068, "last_loss": 0.01477041095495224, "stop_reason": "plateau", "hit_max_iters": false, "final_smooth_loss": 0.016158852223306895, "best_smooth_loss": 0.019861793611198664, "diverged": false, "loss_curve": [[1000, 0.03840759145095944], [1100, 0.03535105848684907], [1200, 0.031597036607563495], [1300, 0.028915235977619885], [1400, 0.02775764301419258], [1500, 0.02515619892627001], [1600, 0.023915632385760544], [1700, 0.021853557024151087], [1800, 0.021894414220005275], [1900, 0.019861793611198664], [2000, 0.01973607698455453], [2100, 0.019103566445410253], [2200, 0.017147201802581547], [2300, 0.01678978456184268], [2400, 0.016158852223306895]]}, "ckpt_id": "origa__P1__s3000__r2", "ckpt_path": "", "ckpt_hash": "1530ce67b2e539c159e1c6be20b38e0b6fdf1a01d01f17396ffc6712cf110afe", "config_hash": "bf4ec5f898291681fce09c32cda12c6918044a048969b35e9673716b3b129d33", "feature_cache_keys": {}, "sam_model_type": "", "sam_checkpoint": "", "metrics": {"primary_metric": "mean_dsc_fg_case_macro", "metric_version": "v3_case_macro", "eval_scope": "case_full_volume", "mean_dsc_fg_case_macro": 0.7071673991094085, "mean_dsc_fg": 0.7071673991094085, "mean_dsc_fg_pooled_diagnostic": 0.7065199334664438, "dsc_per_class_pooled": [0.9983625932682335, 0.730405987151467, 0.6826338797814208], "dsc_per_class": [0.9983625932682335, 0.730405987151467, 0.6826338797814208], "n_cases": 65, "n_eval": 65, "structure_detection_rate": 1.0, "missed_structure_rate": 0.0}, "runtime_sec": {"train": 1267.7930507659912, "eval": 1.3282604217529297, "select": 12.449296236038208}, "gpu_mem_mb": 9445.128192, "gpu_name": "Tesla V100-PCIE-32GB", "gpu_total_mem_mb": 34072.559616, "foundation": {}, "notes": ""}
{"schema_version": "v3", "run_id": "origa__P1__s3000", "round": 3, "dataset": "origa", "modality": "fundus", "target": "optic_nerve_head", "dim": "2d", "query_unit": "image", "seed": 3000, "round_seed": 3003, "component_seeds": {"model_init_seed": 3579842532, "loader_seed": 3462212509, "query_seed": 3091667733, "dropout_seed": 1977868587}, "total_rounds": 7, "budget_denominator": {"full_train_N": 520, "requested_pool_cap": 5000, "actual_AL_pool_N": 520, "budget_plan": [8, 11, 21, 37, 52, 78, 104], "fraction_of_AL_pool": 0.2, "fraction_of_full_train": 0.2}, "policy_id": "P1", "policy_name": "EntropyFull", "method_version": "1.0", "is_ablation": false, "policy_config": {}, "cumulative_budget": 37, "incremental_query_count": 15, "labeled_count": 37, "labeled_ratio": 0.07115384615384615, "selected_ids": ["232", "508", "218", "589", "571", "138", "025", "180", "314", "239", "069", "389", "641", "404", "281"], "selected_scores": [0.0021544795017689466, 0.0009775965008884668, 0.0009216101025231183, 0.000908192596398294, 0.0009051855304278433, 0.0008896134095266461, 0.0008599581196904182, 0.0007942052907310426, 0.0007278279517777264, 0.000726753962226212, 0.0007040472701191902, 0.0007016636081971228, 0.0006993254064582288, 0.0006807913305237889, 0.0006799307884648442], "selected_pred_fg_ratio": [0.029254913330078125, 0.01432037353515625, 0.014080047607421875, 0.016765594482421875, 0.02252960205078125, 0.0128021240234375, 0.021434783935546875, 0.0188446044921875, 0.013401031494140625, 0.02269744873046875, 0.02227020263671875, 0.02272796630859375, 0.01892852783203125, 0.0166168212890625, 0.019252777099609375], "selected_pred_class_dist": [[0.9707450866699219, 0.01705169677734375, 0.012203216552734375], [0.9856796264648438, 0.00637054443359375, 0.0079498291015625], [0.9859199523925781, 0.009845733642578125, 0.00423431396484375], [0.9832344055175781, 0.011898040771484375, 0.0048675537109375], [0.9774703979492188, 0.014812469482421875, 0.007717132568359375], [0.9871978759765625, 0.008258819580078125, 0.004543304443359375], [0.9785652160644531, 0.0154876708984375, 0.005947113037109375], [0.9811553955078125, 0.011348724365234375, 0.007495880126953125], [0.9865989685058594, 0.00797271728515625, 0.005428314208984375], [0.9773025512695312, 0.01453399658203125, 0.0081634521484375], [0.9777297973632812, 0.01441192626953125, 0.0078582763671875], [0.9772720336914062, 0.01593780517578125, 0.0067901611328125], [0.9810714721679688, 0.0117340087890625, 0.00719451904296875], [0.9833831787109375, 0.011943817138671875, 0.004673004150390625], [0.9807472229003906, 0.013050079345703125, 0.00620269775390625]], "candidate_count": 483, "candidate_scores_path": "/groups/echambe2/gmeng/MedAL-Agent/repo/code/runs/frozen_v5/candidate_scores/origa__P1__s3000__r3.json", "predictions_path": "", "initial_labeled_path": "/groups/echambe2/gmeng/MedAL-Agent/repo/code/runs/frozen_v5/init_sets/origa__s3000__n8.json", "initial_labeled_ids": [], "selection_diagnostics": {}, "training": {"num_iters": 1000, "batch_size": 12, "lr": 0.001, "image_size": 512, "aspect_preserve": true, "resolution_policy": "longside_pad32", "preproc_cache": {"pool": "hit", "val": "hit"}, "train_runtime_sec": 2056.9727222919464, "query_runtime_sec": 12.147634744644165, "iters": 3900, "stop_iter": 3900, "mean_loss": 0.1327019064887785, "last_loss": 0.022127866744995117, "stop_reason": "plateau", "hit_max_iters": false, "final_smooth_loss": 0.021265423726290464, "best_smooth_loss": 0.025009331814944743, "diverged": false, "loss_curve": [[1000, 0.1301676768809557], [1100, 0.11939453296363353], [1200, 0.11120530925691127], [1300, 0.09537237383425236], [1400, 0.08745738141238689], [1500, 0.07766277767717839], [1600, 0.06890908721834421], [1700, 0.06569689203053714], [1800, 0.058799560628831384], [1900, 0.056646119467914105], [2000, 0.05261329304426909], [2100, 0.04734550070017576], [2200, 0.04474934991449118], [2300, 0.042028079330921175], [2400, 0.04015943706035614], [2500, 0.038296592496335505], [2600, 0.035966618228703735], [2700, 0.033956548627465964], [2800, 0.0316044020652771], [2900, 0.030602696388959884], [3000, 0.030009532906115056], [3100, 0.028035354055464267], [3200, 0.027031895350664855], [3300, 0.02685987887904048], [3400, 0.025009331814944743], [3500, 0.023831598833203314], [3600, 0.023012409545481206], [3700, 0.02265616487711668], [3800, 0.02335421398282051], [3900, 0.021265423726290464]]}, "ckpt_id": "origa__P1__s3000__r3", "ckpt_path": "", "ckpt_hash": "a90630ed1ba443ff36036ec2e164fe8a2cc1e1925c2c5d602dfc128bbb87b612", "config_hash": "bf4ec5f898291681fce09c32cda12c6918044a048969b35e9673716b3b129d33", "feature_cache_keys": {}, "sam_model_type": "", "sam_checkpoint": "", "metrics": {"primary_metric": "mean_dsc_fg_case_macro", "metric_version": "v3_case_macro", "eval_scope": "case_full_volume", "mean_dsc_fg_case_macro": 0.762057064048536, "mean_dsc_fg": 0.762057064048536, "mean_dsc_fg_pooled_diagnostic": 0.7567105022436691, "dsc_per_class_pooled": [0.9987399862643201, 0.7592137036345848, 0.7542073008527532], "dsc_per_class": [0.9987399862643201, 0.7592137036345848, 0.7542073008527532], "n_cases": 65, "n_eval": 65, "structure_detection_rate": 1.0, "missed_structure_rate": 0.0}, "runtime_sec": {"train": 2056.9727222919464, "eval": 1.3895490169525146, "select": 12.147634744644165}, "gpu_mem_mb": 9446.438912, "gpu_name": "Tesla V100-PCIE-32GB", "gpu_total_mem_mb": 34072.559616, "foundation": {}, "notes": ""}
{"schema_version": "v3", "run_id": "origa__P1__s3000", "round": 4, "dataset": "origa", "modality": "fundus", "target": "optic_nerve_head", "dim": "2d", "query_unit": "image", "seed": 3000, "round_seed": 3004, "component_seeds": {"model_init_seed": 1298922563, "loader_seed": 4234259380, "query_seed": 3641520638, "dropout_seed": 3440374736}, "total_rounds": 7, "budget_denominator": {"full_train_N": 520, "requested_pool_cap": 5000, "actual_AL_pool_N": 520, "budget_plan": [8, 11, 21, 37, 52, 78, 104], "fraction_of_AL_pool": 0.2, "fraction_of_full_train": 0.2}, "policy_id": "P1", "policy_name": "EntropyFull", "method_version": "1.0", "is_ablation": false, "policy_config": {}, "cumulative_budget": 52, "incremental_query_count": 26, "labeled_count": 52, "labeled_ratio": 0.1, "selected_ids": ["031", "410", "463", "468", "242", "485", "617", "147", "167", "366", "241", "168", "613", "450", "227", "181", "525", "228", "076", "290", "556", "390", "624", "143", "411", "642"], "selected_scores": [0.0007908357074484229, 0.0007263185689225793, 0.000713599263690412, 0.000681136327330023, 0.0006692616734653711, 0.0006473612738773227, 0.0006291837780736387, 0.0006285302224569023, 0.0005912136402912438, 0.0005863484111614525, 0.0005685281939804554, 0.0005681699840351939, 0.0005649818922393024, 0.0005591518129222095, 0.0005575964460149407, 0.0005522997817024589, 0.0005516685778275132, 0.0005504183354787529, 0.0005456266226246953, 0.0005447505391202867, 0.000535879167728126, 0.0005341646610759199, 0.0005339924828149378, 0.0005310876877047122, 0.0005252414848655462, 0.0005243092309683561], "selected_pred_fg_ratio": [0.015537261962890625, 0.01737213134765625, 0.015781402587890625, 0.017848968505859375, 0.0222930908203125, 0.015171051025390625, 0.017940521240234375, 0.0186004638671875, 0.021762847900390625, 0.022449493408203125, 0.0198211669921875, 0.019519805908203125, 0.016956329345703125, 0.016063690185546875, 0.0221710205078125, 0.01656341552734375, 0.01886749267578125, 0.02227020263671875, 0.020267486572265625, 0.022037506103515625, 0.02008819580078125, 0.024631500244140625, 0.021289825439453125, 0.022216796875, 0.01792144775390625, 0.02228546142578125], "selected_pred_class_dist": [[0.9844627380371094, 0.007476806640625, 0.008060455322265625], [0.9826278686523438, 0.010486602783203125, 0.006885528564453125], [0.9842185974121094, 0.01093292236328125, 0.004848480224609375], [0.9821510314941406, 0.013423919677734375, 0.004425048828125], [0.9777069091796875, 0.01313018798828125, 0.00916290283203125], [0.9848289489746094, 0.01143646240234375, 0.003734588623046875], [0.9820594787597656, 0.011592864990234375, 0.00634765625], [0.9813995361328125, 0.011241912841796875, 0.007358551025390625], [0.9782371520996094, 0.016082763671875, 0.005680084228515625], [0.9775505065917969, 0.011898040771484375, 0.01055145263671875], [0.9801788330078125, 0.012424468994140625, 0.007396697998046875], [0.9804801940917969, 0.0116424560546875, 0.007877349853515625], [0.9830436706542969, 0.0099639892578125, 0.006992340087890625], [0.9839363098144531, 0.010162353515625, 0.005901336669921875], [0.9778289794921875, 0.0139617919921875, 0.008209228515625], [0.9834365844726562, 0.009311676025390625, 0.007251739501953125], [0.9811325073242188, 0.012058258056640625, 0.006809234619140625], [0.9777297973632812, 0.013820648193359375, 0.008449554443359375], [0.9797325134277344, 0.013736724853515625, 0.00653076171875], [0.9779624938964844, 0.01103973388671875, 0.010997772216796875], [0.9799118041992188, 0.01137542724609375, 0.0087127685546875], [0.9753684997558594, 0.013641357421875, 0.010990142822265625], [0.9787101745605469, 0.01171112060546875, 0.009578704833984375], [0.977783203125, 0.0119476318359375, 0.0102691650390625], [0.9820785522460938, 0.01053619384765625, 0.00738525390625], [0.9777145385742188, 0.013916015625, 0.00836944580078125]], "candidate_count": 468, "candidate_scores_path": "/groups/echambe2/gmeng/MedAL-Agent/repo/code/runs/frozen_v5/candidate_scores/origa__P1__s3000__r4.json", "predictions_path": "", "initial_labeled_path": "/groups/echambe2/gmeng/MedAL-Agent/repo/code/runs/frozen_v5/init_sets/origa__s3000__n8.json", "initial_labeled_ids": [], "selection_diagnostics": {}, "training": {"num_iters": 1000, "batch_size": 12, "lr": 0.001, "image_size": 512, "aspect_preserve": true, "resolution_policy": "longside_pad32", "preproc_cache": {"pool": "hit", "val": "hit"}, "train_runtime_sec": 2102.7827961444855, "query_runtime_sec": 11.894670724868774, "iters": 4000, "stop_iter": 4000, "mean_loss": 0.15246688863867894, "last_loss": 0.031241700053215027, "stop_reason": "plateau", "hit_max_iters": false, "final_smooth_loss": 0.03016673032194376, "best_smooth_loss": 0.03481810424476862, "diverged": false, "loss_curve": [[1000, 0.18564736127853393], [1100, 0.17987919151782988], [1200, 0.1672302036732435], [1300, 0.1462943572551012], [1400, 0.13001309141516684], [1500, 0.12540313504636288], [1600, 0.11039277970790863], [1700, 0.09812713757157326], [1800, 0.09052967257797719], [1900, 0.0815626111626625], [2000, 0.07808682844042777], [2100, 0.07328215759247542], [2200, 0.0643566882237792], [2300, 0.06708392404019832], [2400, 0.059342184998095036], [2500, 0.05392399821430445], [2600, 0.05149429228156805], [2700, 0.04694978103041649], [2800, 0.04567178543657065], [2900, 0.04495631404221058], [3000, 0.04200862426310778], [3100, 0.04019346237182617], [3200, 0.03912953108549118], [3300, 0.03750223807990551], [3400, 0.03628542624413967], [3500, 0.03481810424476862], [3600, 0.03334299882873893], [3700, 0.0330243163369596], [3800, 0.03117135263979435], [3900, 0.03115907432511449], [4000, 0.03016673032194376]]}, "ckpt_id": "origa__P1__s3000__r4", "ckpt_path": "", "ckpt_hash": "a020f2d0a5c78a18986e72a9122616b923ba5fec26296ec8e2b4b47c9cc929d1", "config_hash": "bf4ec5f898291681fce09c32cda12c6918044a048969b35e9673716b3b129d33", "feature_cache_keys": {}, "sam_model_type": "", "sam_checkpoint": "", "metrics": {"primary_metric": "mean_dsc_fg_case_macro", "metric_version": "v3_case_macro", "eval_scope": "case_full_volume", "mean_dsc_fg_case_macro": 0.7820352826822453, "mean_dsc_fg": 0.7820352826822453, "mean_dsc_fg_pooled_diagnostic": 0.7827554823228601, "dsc_per_class_pooled": [0.9989142271681627, 0.7791901237390335, 0.7863208409066866], "dsc_per_class": [0.9989142271681627, 0.7791901237390335, 0.7863208409066866], "n_cases": 65, "n_eval": 65, "structure_detection_rate": 1.0, "missed_structure_rate": 0.0}, "runtime_sec": {"train": 2102.7827961444855, "eval": 1.3980939388275146, "select": 11.894670724868774}, "gpu_mem_mb": 9445.65248, "gpu_name": "Tesla V100-PCIE-32GB", "gpu_total_mem_mb": 34072.559616, "foundation": {}, "notes": ""}
{"schema_version": "v3", "run_id": "origa__P1__s3000", "round": 5, "dataset": "origa", "modality": "fundus", "target": "optic_nerve_head", "dim": "2d", "query_unit": "image", "seed": 3000, "round_seed": 3005, "component_seeds": {"model_init_seed": 553458980, "loader_seed": 435351753, "query_seed": 2500301191, "dropout_seed": 2225428026}, "total_rounds": 7, "budget_denominator": {"full_train_N": 520, "requested_pool_cap": 5000, "actual_AL_pool_N": 520, "budget_plan": [8, 11, 21, 37, 52, 78, 104], "fraction_of_AL_pool": 0.2, "fraction_of_full_train": 0.2}, "policy_id": "P1", "policy_name": "EntropyFull", "method_version": "1.0", "is_ablation": false, "policy_config": {}, "cumulative_budget": 78, "incremental_query_count": 26, "labeled_count": 78, "labeled_ratio": 0.15, "selected_ids": ["306", "233", "609", "341", "226", "216", "595", "388", "596", "521", "261", "375", "526", "319", "099", "518", "071", "331", "643", "002", "393", "095", "550", "240", "238", "401"], "selected_scores": [0.0006428748019970953, 0.0006222693482413888, 0.0006121966289356351, 0.0005930090555921197, 0.0005747932591475546, 0.0005536212120205164, 0.0005449512973427773, 0.0005441536195576191, 0.0005421455716714263, 0.0005263335187919438, 0.0005112709477543831, 0.0005100786802358925, 0.0005018645315431058, 0.0005011864122934639, 0.000498359149787575, 0.0004975043702870607, 0.0004957841010764241, 0.0004956207703799009, 0.0004894768935628235, 0.00048446262371726334, 0.0004786383651662618, 0.00047838353202678263, 0.0004759040311910212, 0.00047472899314016104, 0.00047423772048205137, 0.00047100981464609504], "selected_pred_fg_ratio": [0.02016448974609375, 0.01910400390625, 0.023067474365234375, 0.019031524658203125, 0.022823333740234375, 0.021087646484375, 0.017364501953125, 0.022853851318359375, 0.01787567138671875, 0.01905059814453125, 0.01546478271484375, 0.024745941162109375, 0.016407012939453125, 0.016971588134765625, 0.01886749267578125, 0.01905059814453125, 0.0155487060546875, 0.01924896240234375, 0.021373748779296875, 0.02138519287109375, 0.0180206298828125, 0.02039337158203125, 0.019962310791015625, 0.019603729248046875, 0.021808624267578125, 0.02112579345703125], "selected_pred_class_dist": [[0.9798355102539062, 0.01236724853515625, 0.0077972412109375], [0.98089599609375, 0.0095672607421875, 0.0095367431640625], [0.9769325256347656, 0.01490020751953125, 0.008167266845703125], [0.9809684753417969, 0.010807037353515625, 0.0082244873046875], [0.9771766662597656, 0.0142669677734375, 0.008556365966796875], [0.978912353515625, 0.014636993408203125, 0.006450653076171875], [0.982635498046875, 0.009067535400390625, 0.008296966552734375], [0.9771461486816406, 0.014606475830078125, 0.00824737548828125], [0.9821243286132812, 0.01238250732421875, 0.0054931640625], [0.9809494018554688, 0.012195587158203125, 0.006855010986328125], [0.9845352172851562, 0.0103302001953125, 0.00513458251953125], [0.9752540588378906, 0.01207733154296875, 0.012668609619140625], [0.9835929870605469, 0.011066436767578125, 0.005340576171875], [0.9830284118652344, 0.011993408203125, 0.004978179931640625], [0.9811325073242188, 0.0099334716796875, 0.00893402099609375], [0.9809494018554688, 0.01198577880859375, 0.0070648193359375], [0.9844512939453125, 0.010467529296875, 0.0050811767578125], [0.9807510375976562, 0.012699127197265625, 0.006549835205078125], [0.9786262512207031, 0.011821746826171875, 0.009552001953125], [0.9786148071289062, 0.011989593505859375, 0.009395599365234375], [0.9819793701171875, 0.0104827880859375, 0.007537841796875], [0.9796066284179688, 0.013919830322265625, 0.006473541259765625], [0.9800376892089844, 0.011585235595703125, 0.0083770751953125], [0.9803962707519531, 0.012359619140625, 0.007244110107421875], [0.9781913757324219, 0.014495849609375, 0.007312774658203125], [0.9788742065429688, 0.013301849365234375, 0.007823944091796875]], "candidate_count": 442, "candidate_scores_path": "/groups/echambe2/gmeng/MedAL-Agent/repo/code/runs/frozen_v5/candidate_scores/origa__P1__s3000__r5.json", "predictions_path": "", "initial_labeled_path": "/groups/echambe2/gmeng/MedAL-Agent/repo/code/runs/frozen_v5/init_sets/origa__s3000__n8.json", "initial_labeled_ids": [], "selection_diagnostics": {}, "training": {"num_iters": 1000, "batch_size": 12, "lr": 0.001, "image_size": 512, "aspect_preserve": true, "resolution_policy": "longside_pad32", "preproc_cache": {"pool": "hit", "val": "hit"}, "train_runtime_sec": 2587.225691318512, "query_runtime_sec": 11.151442050933838, "iters": 4900, "stop_iter": 4900, "mean_loss": 0.1432541574032179, "last_loss": 0.023967314511537552, "stop_reason": "plateau", "hit_max_iters": false, "final_smooth_loss": 0.025219572354108096, "best_smooth_loss": 0.028429132085293532, "diverged": false, "loss_curve": [[1000, 0.21889807537198067], [1100, 0.2037246721982956], [1200, 0.20519576177001], [1300, 0.20246171027421953], [1400, 0.18611938670277595], [1500, 0.15762150093913077], [1600, 0.15055821537971498], [1700, 0.13268202386796474], [1800, 0.12238172844052314], [1900, 0.11739521205425263], [2000, 0.10054132185876369], [2100, 0.09239992171525956], [2200, 0.08602073810994625], [2300, 0.0773279595375061], [2400, 0.07173991795629263], [2500, 0.06755746368318796], [2600, 0.06709344163537026], [2700, 0.05888490442186594], [2800, 0.053547625243663785], [2900, 0.05188660491257906], [3000, 0.048901841267943384], [3100, 0.04522976007312536], [3200, 0.04441874079406261], [3300, 0.04291743643581867], [3400, 0.04083496691659093], [3500, 0.040274787321686746], [3600, 0.0392458376660943], [3700, 0.03689089294523001], [3800, 0.03667093772441149], [3900, 0.03364305263385177], [4000, 0.032201094329357145], [4100, 0.030872486978769303], [4200, 0.03230480125173926], [4300, 0.02985454838722944], [4400, 0.028429132085293532], [4500, 0.027290410809218884], [4600, 0.027311996668577195], [4700, 0.02744770621880889], [4800, 0.02651815513148904], [4900, 0.025219572354108096]]}, "ckpt_id": "origa__P1__s3000__r5", "ckpt_path": "", "ckpt_hash": "fbed0ac572abb1b10e835f5181de7c5c8f103b9c1ccdf78e1779f38f7aeb481b", "config_hash": "bf4ec5f898291681fce09c32cda12c6918044a048969b35e9673716b3b129d33", "feature_cache_keys": {}, "sam_model_type": "", "sam_checkpoint": "", "metrics": {"primary_metric": "mean_dsc_fg_case_macro", "metric_version": "v3_case_macro", "eval_scope": "case_full_volume", "mean_dsc_fg_case_macro": 0.7815819627099446, "mean_dsc_fg": 0.7815819627099446, "mean_dsc_fg_pooled_diagnostic": 0.7898700613793908, "dsc_per_class_pooled": [0.9988507876337519, 0.7819968017343295, 0.7977433210244519], "dsc_per_class": [0.9988507876337519, 0.7819968017343295, 0.7977433210244519], "n_cases": 65, "n_eval": 65, "structure_detection_rate": 1.0, "missed_structure_rate": 0.0}, "runtime_sec": {"train": 2587.225691318512, "eval": 1.4671440124511719, "select": 11.151442050933838}, "gpu_mem_mb": 9448.486912, "gpu_name": "Tesla V100-PCIE-32GB", "gpu_total_mem_mb": 34072.559616, "foundation": {}, "notes": ""}
{"schema_version": "v3", "run_id": "origa__P1__s3000", "round": 6, "dataset": "origa", "modality": "fundus", "target": "optic_nerve_head", "dim": "2d", "query_unit": "image", "seed": 3000, "round_seed": 3006, "component_seeds": {"model_init_seed": 3088472493, "loader_seed": 3480093225, "query_seed": 582398202, "dropout_seed": 4156676719}, "total_rounds": 7, "budget_denominator": {"full_train_N": 520, "requested_pool_cap": 5000, "actual_AL_pool_N": 520, "budget_plan": [8, 11, 21, 37, 52, 78, 104], "fraction_of_AL_pool": 0.2, "fraction_of_full_train": 0.2}, "policy_id": "P1", "policy_name": "EntropyFull", "method_version": "1.0", "is_ablation": false, "policy_config": {}, "cumulative_budget": 104, "incremental_query_count": 0, "labeled_count": 104, "labeled_ratio": 0.2, "selected_ids": [], "selected_scores": [], "selected_pred_fg_ratio": [], "selected_pred_class_dist": [], "candidate_count": 0, "candidate_scores_path": "", "predictions_path": "/groups/echambe2/gmeng/MedAL-Agent/repo/code/runs/frozen_v5/predictions/origa__P1__s3000__r6.npz", "initial_labeled_path": "/groups/echambe2/gmeng/MedAL-Agent/repo/code/runs/frozen_v5/init_sets/origa__s3000__n8.json", "initial_labeled_ids": [], "selection_diagnostics": {}, "training": {"num_iters": 1000, "batch_size": 12, "lr": 0.001, "image_size": 512, "aspect_preserve": true, "resolution_policy": "longside_pad32", "preproc_cache": {"pool": "hit", "val": "hit"}, "train_runtime_sec": 2469.1190218925476, "query_runtime_sec": 0.0, "iters": 4700, "stop_iter": 4700, "mean_loss": 0.1634198295174444, "last_loss": 0.027822032570838928, "stop_reason": "plateau", "hit_max_iters": false, "final_smooth_loss": 0.034356383699923755, "best_smooth_loss": 0.03771229179576039, "diverged": false, "loss_curve": [[1000, 0.24523140549659728], [1100, 0.22809251621365548], [1200, 0.2249189494550228], [1300, 0.2131458692252636], [1400, 0.2082500797510147], [1500, 0.19557783499360085], [1600, 0.18788288466632366], [1700, 0.17410170942544936], [1800, 0.16640599340200424], [1900, 0.14862376801669597], [2000, 0.1425927481800318], [2100, 0.12530996516346932], [2200, 0.11531803198158741], [2300, 0.10777378693223], [2400, 0.09957286022603512], [2500, 0.09283378079533577], [2600, 0.09294148042798042], [2700, 0.07868651047348976], [2800, 0.07435996603220701], [2900, 0.06653971903026104], [3000, 0.06564404763281345], [3100, 0.0637239309027791], [3200, 0.05851534988731146], [3300, 0.05687707353383303], [3400, 0.05416474044322968], [3500, 0.04984298266470432], [3600, 0.049085737094283106], [3700, 0.0472671952098608], [3800, 0.04665193520486355], [3900, 0.043058488629758356], [4000, 0.04098256535828113], [4100, 0.04079942036420107], [4200, 0.03771229179576039], [4300, 0.03759562268853187], [4400, 0.03544727172702551], [4500, 0.03670421732589602], [4600, 0.0337006145529449], [4700, 0.034356383699923755]]}, "ckpt_id": "origa__P1__s3000__r6", "ckpt_path": "", "ckpt_hash": "660a64d0e8456b77dda5044aedddf665f364c62feb72795b0109ea88f5c56bee", "config_hash": "bf4ec5f898291681fce09c32cda12c6918044a048969b35e9673716b3b129d33", "feature_cache_keys": {}, "sam_model_type": "", "sam_checkpoint": "", "metrics": {"primary_metric": "mean_dsc_fg_case_macro", "metric_version": "v3_case_macro", "eval_scope": "case_full_volume", "mean_dsc_fg_case_macro": 0.8130014442461598, "mean_dsc_fg": 0.8130014442461598, "mean_dsc_fg_pooled_diagnostic": 0.8190918376282672, "dsc_per_class_pooled": [0.9991229436189503, 0.8077506893526821, 0.8304329859038523], "dsc_per_class": [0.9991229436189503, 0.8077506893526821, 0.8304329859038523], "n_cases": 65, "n_eval": 65, "structure_detection_rate": 1.0, "missed_structure_rate": 0.0}, "runtime_sec": {"train": 2469.1190218925476, "eval": 1.4122321605682373, "select": 0.0}, "gpu_mem_mb": 9446.651904, "gpu_name": "Tesla V100-PCIE-32GB", "gpu_total_mem_mb": 34072.559616, "foundation": {}, "notes": ""}
