{"schema_version": "v3", "run_id": "origa__P9__s1000", "round": 0, "dataset": "origa", "modality": "fundus", "target": "optic_nerve_head", "dim": "2d", "query_unit": "image", "seed": 1000, "round_seed": 1000, "component_seeds": {"model_init_seed": 2989689681, "loader_seed": 4191542321, "query_seed": 2529548519, "dropout_seed": 3619692248}, "total_rounds": 7, "budget_denominator": {"full_train_N": 520, "requested_pool_cap": 5000, "actual_AL_pool_N": 520, "budget_plan": [8, 11, 21, 37, 52, 78, 104], "fraction_of_AL_pool": 0.2, "fraction_of_full_train": 0.2}, "policy_id": "P9", "policy_name": "PAAL", "method_version": "1.0", "is_ablation": false, "policy_config": {}, "cumulative_budget": 8, "incremental_query_count": 3, "labeled_count": 8, "labeled_ratio": 0.015384615384615385, "selected_ids": ["304", "051", "527"], "selected_scores": [0.022939106449484825, 0.011859583668410778, 0.02040158025920391], "selected_pred_fg_ratio": [0.013103485107421875, 0.013153076171875, 0.012310028076171875], "selected_pred_class_dist": [[0.9868965148925781, 0.0069580078125, 0.006145477294921875], [0.986846923828125, 0.0085906982421875, 0.0045623779296875], [0.9876899719238281, 0.007781982421875, 0.004528045654296875]], "candidate_count": 512, "candidate_scores_path": "/groups/echambe2/gmeng/MedAL-Agent/repo/code/runs/frozen_v5/candidate_scores/origa__P9__s1000__r0.json", "predictions_path": "", "initial_labeled_path": "/groups/echambe2/gmeng/MedAL-Agent/repo/code/runs/frozen_v5/init_sets/origa__s1000__n8.json", "initial_labeled_ids": ["229", "339", "372", "470", "471", "526", "546", "603"], "selection_diagnostics": {"paal_ap_epochs": 200, "paal_ap_loss_mean": 0.0006998778024535568, "paal_ap_loss_last": 2.7948248316533864e-05, "paal_ap_val_corr": NaN, "paal_ap_n_train": 8, "paal_ap_n_val": 0, "paal_pred_acc_mean": 0.9908238053321838, "paal_pred_acc_std": 0.0064909313805401325, "paal_score_mean": 0.00924009270966053, "paal_score_std": 0.0028921053744852543, "paal_n_clusters": 3, "paal_cluster_sizes": [272, 93, 147], "paal_selected_clusters": [0, 1, 2]}, "training": {"num_iters": 1000, "batch_size": 12, "lr": 0.001, "image_size": 512, "aspect_preserve": true, "resolution_policy": "longside_pad32", "preproc_cache": {"pool": "hit", "val": "hit"}, "train_runtime_sec": 909.4817297458649, "query_runtime_sec": 60.29766321182251, "iters": 2400, "stop_iter": 2400, "mean_loss": 0.13857552516739816, "last_loss": 0.023816337808966637, "stop_reason": "plateau", "hit_max_iters": false, "final_smooth_loss": 0.020880720289424063, "best_smooth_loss": 0.024745683092623948, "diverged": false, "loss_curve": [[1000, 0.048876118771731855], [1100, 0.04678049266338349], [1200, 0.03976756263524294], [1300, 0.03780973447486758], [1400, 0.03760305162519217], [1500, 0.030389981772750617], [1600, 0.03053124712780118], [1700, 0.02779022393748164], [1800, 0.028063158504664898], [1900, 0.024745683092623948], [2000, 0.024449147954583167], [2100, 0.022405842151492834], [2200, 0.021441528238356114], [2300, 0.0201270445343107], [2400, 0.020880720289424063]]}, "ckpt_id": "origa__P9__s1000__r0", "ckpt_path": "", "ckpt_hash": "50e4726e7b2677fda3798994d38a801c40de548afad72f555be0adaf5407d648", "config_hash": "bf4ec5f898291681fce09c32cda12c6918044a048969b35e9673716b3b129d33", "feature_cache_keys": {"task_unet": "task_unet_bottleneck@50e4726e7b26"}, "sam_model_type": "", "sam_checkpoint": "", "metrics": {"primary_metric": "mean_dsc_fg_case_macro", "metric_version": "v3_case_macro", "eval_scope": "case_full_volume", "mean_dsc_fg_case_macro": 0.750602489144935, "mean_dsc_fg": 0.750602489144935, "mean_dsc_fg_pooled_diagnostic": 0.7519803648456236, "dsc_per_class_pooled": [0.9985943299621093, 0.7171953600063146, 0.7867653696849327], "dsc_per_class": [0.9985943299621093, 0.7171953600063146, 0.7867653696849327], "n_cases": 65, "n_eval": 65, "structure_detection_rate": 1.0, "missed_structure_rate": 0.0}, "runtime_sec": {"train": 909.4817297458649, "eval": 1.4259047508239746, "select": 60.29766321182251}, "gpu_mem_mb": 8107.887616, "gpu_name": "Tesla V100-PCIE-32GB", "gpu_total_mem_mb": 34072.559616, "foundation": {}, "notes": ""}
{"schema_version": "v3", "run_id": "origa__P9__s1000", "round": 1, "dataset": "origa", "modality": "fundus", "target": "optic_nerve_head", "dim": "2d", "query_unit": "image", "seed": 1000, "round_seed": 1001, "component_seeds": {"model_init_seed": 1028625171, "loader_seed": 316625031, "query_seed": 253434028, "dropout_seed": 3317428529}, "total_rounds": 7, "budget_denominator": {"full_train_N": 520, "requested_pool_cap": 5000, "actual_AL_pool_N": 520, "budget_plan": [8, 11, 21, 37, 52, 78, 104], "fraction_of_AL_pool": 0.2, "fraction_of_full_train": 0.2}, "policy_id": "P9", "policy_name": "PAAL", "method_version": "1.0", "is_ablation": false, "policy_config": {}, "cumulative_budget": 11, "incremental_query_count": 10, "labeled_count": 11, "labeled_ratio": 0.021153846153846155, "selected_ids": ["348", "218", "352", "507", "483", "520", "317", "057", "628", "454"], "selected_scores": [0.013580593280494213, 0.008897537365555763, 0.009654741734266281, 0.008595531806349754, 0.010124973021447659, 0.010362250730395317, 0.009174611419439316, 0.008638381026685238, 0.009156218729913235, 0.008129812777042389], "selected_pred_fg_ratio": [0.014163970947265625, 0.013336181640625, 0.013164520263671875, 0.0158233642578125, 0.01642608642578125, 0.0133819580078125, 0.018695831298828125, 0.019168853759765625, 0.018039703369140625, 0.017333984375], "selected_pred_class_dist": [[0.9858360290527344, 0.006744384765625, 0.007419586181640625], [0.986663818359375, 0.007904052734375, 0.00543212890625], [0.9868354797363281, 0.00791168212890625, 0.005252838134765625], [0.9841766357421875, 0.007938385009765625, 0.007884979248046875], [0.9835739135742188, 0.0074615478515625, 0.00896453857421875], [0.9866180419921875, 0.006656646728515625, 0.006725311279296875], [0.9813041687011719, 0.008945465087890625, 0.0097503662109375], [0.9808311462402344, 0.00909423828125, 0.010074615478515625], [0.9819602966308594, 0.00847625732421875, 0.009563446044921875], [0.982666015625, 0.008205413818359375, 0.009128570556640625]], "candidate_count": 509, "candidate_scores_path": "/groups/echambe2/gmeng/MedAL-Agent/repo/code/runs/frozen_v5/candidate_scores/origa__P9__s1000__r1.json", "predictions_path": "", "initial_labeled_path": "/groups/echambe2/gmeng/MedAL-Agent/repo/code/runs/frozen_v5/init_sets/origa__s1000__n8.json", "initial_labeled_ids": [], "selection_diagnostics": {"paal_ap_epochs": 200, "paal_ap_loss_mean": 3.763576962762727e-05, "paal_ap_loss_last": 9.675542059994768e-06, "paal_ap_val_corr": 0.9971114433978774, "paal_ap_n_train": 10, "paal_ap_n_val": 1, "paal_pred_acc_mean": 0.9942291975021362, "paal_pred_acc_std": 0.004757005255669355, "paal_score_mean": 0.005799011792987585, "paal_score_std": 0.0015623009530827403, "paal_n_clusters": 6, "paal_cluster_sizes": [44, 109, 133, 50, 86, 87], "paal_selected_clusters": [0, 1, 2, 3, 4, 5, 0, 1, 2, 3]}, "training": {"num_iters": 1000, "batch_size": 12, "lr": 0.001, "image_size": 512, "aspect_preserve": true, "resolution_policy": "longside_pad32", "preproc_cache": {"pool": "hit", "val": "hit"}, "train_runtime_sec": 1422.972969532013, "query_runtime_sec": 74.36318969726562, "iters": 2900, "stop_iter": 2900, "mean_loss": 0.1077065173282834, "last_loss": 0.01647430658340454, "stop_reason": "plateau", "hit_max_iters": false, "final_smooth_loss": 0.01748473858460784, "best_smooth_loss": 0.021250953311100603, "diverged": false, "loss_curve": [[1000, 0.04581703703850508], [1100, 0.04204027809202671], [1200, 0.03977111130952835], [1300, 0.037240265998989344], [1400, 0.035227830410003665], [1500, 0.03231622111052275], [1600, 0.029378767423331738], [1700, 0.030267801266163588], [1800, 0.029175004623830318], [1900, 0.026826442573219537], [2000, 0.024501358233392237], [2100, 0.02345793368294835], [2200, 0.024987139776349067], [2300, 0.022441043443977834], [2400, 0.021250953311100603], [2500, 0.020825722236186266], [2600, 0.020159425800666212], [2700, 0.019412706987932325], [2800, 0.018552951514720917], [2900, 0.01748473858460784]]}, "ckpt_id": "origa__P9__s1000__r1", "ckpt_path": "", "ckpt_hash": "8c4d77a9c35de8acb582877ee25b1042f3454c8186cfc90570706615f4a9dc28", "config_hash": "bf4ec5f898291681fce09c32cda12c6918044a048969b35e9673716b3b129d33", "feature_cache_keys": {"task_unet": "task_unet_bottleneck@8c4d77a9c35d"}, "sam_model_type": "", "sam_checkpoint": "", "metrics": {"primary_metric": "mean_dsc_fg_case_macro", "metric_version": "v3_case_macro", "eval_scope": "case_full_volume", "mean_dsc_fg_case_macro": 0.7682324410167273, "mean_dsc_fg": 0.7682324410167273, "mean_dsc_fg_pooled_diagnostic": 0.7689229157421265, "dsc_per_class_pooled": [0.9985210342573605, 0.7311274047529234, 0.8067184267313297], "dsc_per_class": [0.9985210342573605, 0.7311274047529234, 0.8067184267313297], "n_cases": 65, "n_eval": 65, "structure_detection_rate": 1.0, "missed_structure_rate": 0.0}, "runtime_sec": {"train": 1422.972969532013, "eval": 1.3985881805419922, "select": 74.36318969726562}, "gpu_mem_mb": 8824.356864, "gpu_name": "Tesla V100-PCIE-32GB", "gpu_total_mem_mb": 34072.559616, "foundation": {}, "notes": ""}
{"schema_version": "v3", "run_id": "origa__P9__s1000", "round": 2, "dataset": "origa", "modality": "fundus", "target": "optic_nerve_head", "dim": "2d", "query_unit": "image", "seed": 1000, "round_seed": 1002, "component_seeds": {"model_init_seed": 265999627, "loader_seed": 1465654863, "query_seed": 2544461518, "dropout_seed": 3552612840}, "total_rounds": 7, "budget_denominator": {"full_train_N": 520, "requested_pool_cap": 5000, "actual_AL_pool_N": 520, "budget_plan": [8, 11, 21, 37, 52, 78, 104], "fraction_of_AL_pool": 0.2, "fraction_of_full_train": 0.2}, "policy_id": "P9", "policy_name": "PAAL", "method_version": "1.0", "is_ablation": false, "policy_config": {}, "cumulative_budget": 21, "incremental_query_count": 16, "labeled_count": 21, "labeled_ratio": 0.04038461538461539, "selected_ids": ["105", "535", "614", "426", "056", "528", "312", "120", "406", "643", "172", "059", "063", "141", "165", "635"], "selected_scores": [0.00460498221218586, 0.0072683244943618774, 0.007712752558290958, 0.0069748214446008205, 0.006077274214476347, 0.00902879424393177, 0.007612243294715881, 0.0044979555532336235, 0.006445303093641996, 0.006712266709655523, 0.006931960582733154, 0.005352645646780729, 0.0068457890301942825, 0.007022581063210964, 0.0039705997332930565, 0.00603045430034399], "selected_pred_fg_ratio": [0.014080047607421875, 0.012599945068359375, 0.0164642333984375, 0.01613616943359375, 0.015323638916015625, 0.01276397705078125, 0.0139007568359375, 0.01396942138671875, 0.019847869873046875, 0.02069854736328125, 0.01273345947265625, 0.01471710205078125, 0.01363372802734375, 0.012622833251953125, 0.01673126220703125, 0.014728546142578125], "selected_pred_class_dist": [[0.9859199523925781, 0.00997161865234375, 0.004108428955078125], [0.9874000549316406, 0.0085296630859375, 0.004070281982421875], [0.9835357666015625, 0.007404327392578125, 0.009059906005859375], [0.9838638305664062, 0.0079803466796875, 0.00815582275390625], [0.9846763610839844, 0.009517669677734375, 0.00580596923828125], [0.9872360229492188, 0.00745391845703125, 0.00531005859375], [0.9860992431640625, 0.009857177734375, 0.0040435791015625], [0.9860305786132812, 0.01015472412109375, 0.003814697265625], [0.9801521301269531, 0.010311126708984375, 0.0095367431640625], [0.9793014526367188, 0.010509490966796875, 0.010189056396484375], [0.9872665405273438, 0.007129669189453125, 0.005603790283203125], [0.9852828979492188, 0.010883331298828125, 0.003833770751953125], [0.9863662719726562, 0.008335113525390625, 0.005298614501953125], [0.9873771667480469, 0.00907135009765625, 0.003551483154296875], [0.9832687377929688, 0.010356903076171875, 0.006374359130859375], [0.9852714538574219, 0.009250640869140625, 0.0054779052734375]], "candidate_count": 499, "candidate_scores_path": "/groups/echambe2/gmeng/MedAL-Agent/repo/code/runs/frozen_v5/candidate_scores/origa__P9__s1000__r2.json", "predictions_path": "", "initial_labeled_path": "/groups/echambe2/gmeng/MedAL-Agent/repo/code/runs/frozen_v5/init_sets/origa__s1000__n8.json", "initial_labeled_ids": [], "selection_diagnostics": {"paal_ap_epochs": 200, "paal_ap_loss_mean": 1.8740325129143508e-05, "paal_ap_loss_last": 1.7154466556683856e-05, "paal_ap_val_corr": 0.737329989005399, "paal_ap_n_train": 19, "paal_ap_n_val": 2, "paal_pred_acc_mean": 0.9961456060409546, "paal_pred_acc_std": 0.0032994120847433805, "paal_score_mean": 0.003867366351187229, "paal_score_std": 0.001260947436094284, "paal_n_clusters": 7, "paal_cluster_sizes": [40, 63, 67, 91, 26, 122, 90], "paal_selected_clusters": [0, 1, 2, 3, 4, 5, 6, 0, 1, 2, 3, 4, 5, 6, 0, 1]}, "training": {"num_iters": 1000, "batch_size": 12, "lr": 0.001, "image_size": 512, "aspect_preserve": true, "resolution_policy": "longside_pad32", "preproc_cache": {"pool": "hit", "val": "hit"}, "train_runtime_sec": 1470.9071726799011, "query_runtime_sec": 121.5692548751831, "iters": 2800, "stop_iter": 2800, "mean_loss": 0.13993868707346596, "last_loss": 0.025161530822515488, "stop_reason": "plateau", "hit_max_iters": false, "final_smooth_loss": 0.02669319961220026, "best_smooth_loss": 0.030549215041100978, "diverged": false, "loss_curve": [[1000, 0.06979752521961928], [1100, 0.06374113973230124], [1200, 0.05440350003540516], [1300, 0.055000568069517614], [1400, 0.048297741785645484], [1500, 0.04427375055849552], [1600, 0.04153036400675773], [1700, 0.03880195055156946], [1800, 0.039005619268864394], [1900, 0.03607212442904711], [2000, 0.03322253383696079], [2100, 0.032845735475420954], [2200, 0.03166014268994331], [2300, 0.030549215041100978], [2400, 0.02894349930807948], [2500, 0.027691974695771934], [2600, 0.02919057719409466], [2700, 0.026423871628940106], [2800, 0.02669319961220026]]}, "ckpt_id": "origa__P9__s1000__r2", "ckpt_path": "", "ckpt_hash": "1890650a31c8dfc2e74f6d82318db2ffce400f5ce085fc0f95201fe6cdb7de30", "config_hash": "bf4ec5f898291681fce09c32cda12c6918044a048969b35e9673716b3b129d33", "feature_cache_keys": {"task_unet": "task_unet_bottleneck@1890650a31c8"}, "sam_model_type": "", "sam_checkpoint": "", "metrics": {"primary_metric": "mean_dsc_fg_case_macro", "metric_version": "v3_case_macro", "eval_scope": "case_full_volume", "mean_dsc_fg_case_macro": 0.795038456819599, "mean_dsc_fg": 0.795038456819599, "mean_dsc_fg_pooled_diagnostic": 0.7945934774452741, "dsc_per_class_pooled": [0.998768293579002, 0.7735926418117474, 0.8155943130788007], "dsc_per_class": [0.998768293579002, 0.7735926418117474, 0.8155943130788007], "n_cases": 65, "n_eval": 65, "structure_detection_rate": 1.0, "missed_structure_rate": 0.0}, "runtime_sec": {"train": 1470.9071726799011, "eval": 1.3373022079467773, "select": 121.5692548751831}, "gpu_mem_mb": 9605.218304, "gpu_name": "Tesla V100-PCIE-32GB", "gpu_total_mem_mb": 34072.559616, "foundation": {}, "notes": ""}
{"schema_version": "v3", "run_id": "origa__P9__s1000", "round": 3, "dataset": "origa", "modality": "fundus", "target": "optic_nerve_head", "dim": "2d", "query_unit": "image", "seed": 1000, "round_seed": 1003, "component_seeds": {"model_init_seed": 3831074496, "loader_seed": 3670334330, "query_seed": 47901082, "dropout_seed": 2333647153}, "total_rounds": 7, "budget_denominator": {"full_train_N": 520, "requested_pool_cap": 5000, "actual_AL_pool_N": 520, "budget_plan": [8, 11, 21, 37, 52, 78, 104], "fraction_of_AL_pool": 0.2, "fraction_of_full_train": 0.2}, "policy_id": "P9", "policy_name": "PAAL", "method_version": "1.0", "is_ablation": false, "policy_config": {}, "cumulative_budget": 37, "incremental_query_count": 15, "labeled_count": 37, "labeled_ratio": 0.07115384615384615, "selected_ids": ["405", "464", "142", "419", "219", "532", "214", "018", "458", "382", "077", "594", "215", "493", "554"], "selected_scores": [0.011347470805048943, 0.010843186639249325, 0.010590514168143272, 0.014709982089698315, 0.01048852689564228, 0.009081995114684105, 0.010899459943175316, 0.008980012498795986, 0.010136706754565239, 0.011017399840056896, 0.009856611490249634, 0.00902529340237379, 0.010021012276411057, 0.00859834160655737, 0.009787237271666527], "selected_pred_fg_ratio": [0.008632659912109375, 0.012218475341796875, 0.011707305908203125, 0.025234222412109375, 0.01264190673828125, 0.01261138916015625, 0.00955963134765625, 0.01446533203125, 0.014194488525390625, 0.01261138916015625, 0.012577056884765625, 0.012134552001953125, 0.009960174560546875, 0.01903533935546875, 0.011810302734375], "selected_pred_class_dist": [[0.9913673400878906, 0.0053863525390625, 0.003246307373046875], [0.9877815246582031, 0.007518768310546875, 0.00469970703125], [0.9882926940917969, 0.0077667236328125, 0.003940582275390625], [0.9747657775878906, 0.004688262939453125, 0.02054595947265625], [0.9873580932617188, 0.008373260498046875, 0.004268646240234375], [0.9873886108398438, 0.007946014404296875, 0.004665374755859375], [0.9904403686523438, 0.00653839111328125, 0.003021240234375], [0.98553466796875, 0.007816314697265625, 0.006649017333984375], [0.9858055114746094, 0.008045196533203125, 0.0061492919921875], [0.9873886108398438, 0.008342742919921875, 0.004268646240234375], [0.9874229431152344, 0.008472442626953125, 0.0041046142578125], [0.9878654479980469, 0.00695037841796875, 0.005184173583984375], [0.9900398254394531, 0.006221771240234375, 0.0037384033203125], [0.9809646606445312, 0.00988006591796875, 0.0091552734375], [0.988189697265625, 0.008235931396484375, 0.003574371337890625]], "candidate_count": 483, "candidate_scores_path": "/groups/echambe2/gmeng/MedAL-Agent/repo/code/runs/frozen_v5/candidate_scores/origa__P9__s1000__r3.json", "predictions_path": "", "initial_labeled_path": "/groups/echambe2/gmeng/MedAL-Agent/repo/code/runs/frozen_v5/init_sets/origa__s1000__n8.json", "initial_labeled_ids": [], "selection_diagnostics": {"paal_ap_epochs": 200, "paal_ap_loss_mean": 7.654825147327796e-06, "paal_ap_loss_last": 4.761249141772757e-06, "paal_ap_val_corr": 0.9737818732153336, "paal_ap_n_train": 34, "paal_ap_n_val": 3, "paal_pred_acc_mean": 0.9941628575325012, "paal_pred_acc_std": 0.0050885328091681, "paal_score_mean": 0.005867327563464642, "paal_score_std": 0.0018348363228142262, "paal_n_clusters": 6, "paal_cluster_sizes": [69, 72, 91, 115, 87, 49], "paal_selected_clusters": [0, 1, 2, 3, 4, 5, 0, 1, 2, 3, 4, 5, 0, 1, 2]}, "training": {"num_iters": 1000, "batch_size": 12, "lr": 0.001, "image_size": 512, "aspect_preserve": true, "resolution_policy": "longside_pad32", "preproc_cache": {"pool": "hit", "val": "hit"}, "train_runtime_sec": 1630.737782716751, "query_runtime_sec": 207.50417590141296, "iters": 3100, "stop_iter": 3100, "mean_loss": 0.11684361154213548, "last_loss": 0.018934473395347595, "stop_reason": "plateau", "hit_max_iters": false, "final_smooth_loss": 0.019156971573829652, "best_smooth_loss": 0.021617104206234215, "diverged": false, "loss_curve": [[1000, 0.0767519985884428], [1100, 0.06436643805354833], [1200, 0.05959576930850744], [1300, 0.051119518540799616], [1400, 0.04589665599167347], [1500, 0.0419197304174304], [1600, 0.03886675864458084], [1700, 0.03362914858385921], [1800, 0.03272268988192081], [1900, 0.030435553807765244], [2000, 0.0305553219281137], [2100, 0.02783949375152588], [2200, 0.027262824811041354], [2300, 0.025680422764271498], [2400, 0.02397004099562764], [2500, 0.02380592193454504], [2600, 0.021617104206234215], [2700, 0.02127974996343255], [2800, 0.020647179111838342], [2900, 0.02005426101386547], [3000, 0.019095627404749394], [3100, 0.019156971573829652]]}, "ckpt_id": "origa__P9__s1000__r3", "ckpt_path": "", "ckpt_hash": "ba38a6e068d6c444948fde550e7af6dd6336ba7d1ce61ad99111a32a20f13005", "config_hash": "bf4ec5f898291681fce09c32cda12c6918044a048969b35e9673716b3b129d33", "feature_cache_keys": {"task_unet": "task_unet_bottleneck@ba38a6e068d6"}, "sam_model_type": "", "sam_checkpoint": "", "metrics": {"primary_metric": "mean_dsc_fg_case_macro", "metric_version": "v3_case_macro", "eval_scope": "case_full_volume", "mean_dsc_fg_case_macro": 0.8087896983101917, "mean_dsc_fg": 0.8087896983101917, "mean_dsc_fg_pooled_diagnostic": 0.8104798422510133, "dsc_per_class_pooled": [0.9989494210451527, 0.7919106253622417, 0.829049059139785], "dsc_per_class": [0.9989494210451527, 0.7919106253622417, 0.829049059139785], "n_cases": 65, "n_eval": 65, "structure_detection_rate": 1.0, "missed_structure_rate": 0.0}, "runtime_sec": {"train": 1630.737782716751, "eval": 1.412984848022461, "select": 207.50417590141296}, "gpu_mem_mb": 9606.250496, "gpu_name": "Tesla V100-PCIE-32GB", "gpu_total_mem_mb": 34072.559616, "foundation": {}, "notes": ""}
{"schema_version": "v3", "run_id": "origa__P9__s1000", "round": 4, "dataset": "origa", "modality": "fundus", "target": "optic_nerve_head", "dim": "2d", "query_unit": "image", "seed": 1000, "round_seed": 1004, "component_seeds": {"model_init_seed": 1635232385, "loader_seed": 570107477, "query_seed": 4277118228, "dropout_seed": 1981512765}, "total_rounds": 7, "budget_denominator": {"full_train_N": 520, "requested_pool_cap": 5000, "actual_AL_pool_N": 520, "budget_plan": [8, 11, 21, 37, 52, 78, 104], "fraction_of_AL_pool": 0.2, "fraction_of_full_train": 0.2}, "policy_id": "P9", "policy_name": "PAAL", "method_version": "1.0", "is_ablation": false, "policy_config": {}, "cumulative_budget": 52, "incremental_query_count": 26, "labeled_count": 52, "labeled_ratio": 0.1, "selected_ids": ["136", "505", "547", "509", "212", "050", "328", "291", "440", "222", "504", "093", "185", "161", "032", "619", "634", "186", "588", "344", "028", "531", "023", "581", "429", "380"], "selected_scores": [0.015171497128903866, 0.01444876566529274, 0.014534059911966324, 0.019319778308272362, 0.01593047007918358, 0.015963364392518997, 0.014122816734015942, 0.01309967041015625, 0.01357907336205244, 0.01394990086555481, 0.01683584228157997, 0.015694502741098404, 0.015084668062627316, 0.012889936566352844, 0.01294321846216917, 0.013127806596457958, 0.013135935179889202, 0.01621844246983528, 0.015482224524021149, 0.014883550815284252, 0.01272117905318737, 0.01278732344508171, 0.012541869655251503, 0.012806719169020653, 0.015595464035868645, 0.015181886963546276], "selected_pred_fg_ratio": [0.0133514404296875, 0.0112457275390625, 0.0112457275390625, 0.00980377197265625, 0.015720367431640625, 0.013965606689453125, 0.013698577880859375, 0.015533447265625, 0.0159454345703125, 0.01393890380859375, 0.012176513671875, 0.017765045166015625, 0.015117645263671875, 0.01506805419921875, 0.013744354248046875, 0.012851715087890625, 0.016506195068359375, 0.0111236572265625, 0.019290924072265625, 0.014766693115234375, 0.01873016357421875, 0.016178131103515625, 0.0179901123046875, 0.017246246337890625, 0.0164642333984375, 0.013515472412109375], "selected_pred_class_dist": [[0.9866485595703125, 0.00909423828125, 0.0042572021484375], [0.9887542724609375, 0.006412506103515625, 0.004833221435546875], [0.9887542724609375, 0.008327484130859375, 0.002918243408203125], [0.9901962280273438, 0.006755828857421875, 0.003047943115234375], [0.9842796325683594, 0.00890350341796875, 0.006816864013671875], [0.9860343933105469, 0.0074310302734375, 0.006534576416015625], [0.9863014221191406, 0.0086517333984375, 0.005046844482421875], [0.984466552734375, 0.009494781494140625, 0.006038665771484375], [0.9840545654296875, 0.009521484375, 0.0064239501953125], [0.9860610961914062, 0.008846282958984375, 0.005092620849609375], [0.987823486328125, 0.007846832275390625, 0.004329681396484375], [0.9822349548339844, 0.0097198486328125, 0.008045196533203125], [0.9848823547363281, 0.0089263916015625, 0.006191253662109375], [0.9849319458007812, 0.00995635986328125, 0.0051116943359375], [0.9862556457519531, 0.009204864501953125, 0.00453948974609375], [0.9871482849121094, 0.008602142333984375, 0.00424957275390625], [0.9834938049316406, 0.01056671142578125, 0.005939483642578125], [0.9888763427734375, 0.007999420166015625, 0.003124237060546875], [0.9807090759277344, 0.009197235107421875, 0.01009368896484375], [0.9852333068847656, 0.0095977783203125, 0.005168914794921875], [0.9812698364257812, 0.009693145751953125, 0.009037017822265625], [0.9838218688964844, 0.00920867919921875, 0.006969451904296875], [0.9820098876953125, 0.011260986328125, 0.0067291259765625], [0.9827537536621094, 0.011501312255859375, 0.00574493408203125], [0.9835357666015625, 0.0095977783203125, 0.006866455078125], [0.9864845275878906, 0.008464813232421875, 0.0050506591796875]], "candidate_count": 468, "candidate_scores_path": "/groups/echambe2/gmeng/MedAL-Agent/repo/code/runs/frozen_v5/candidate_scores/origa__P9__s1000__r4.json", "predictions_path": "", "initial_labeled_path": "/groups/echambe2/gmeng/MedAL-Agent/repo/code/runs/frozen_v5/init_sets/origa__s1000__n8.json", "initial_labeled_ids": [], "selection_diagnostics": {"paal_ap_epochs": 200, "paal_ap_loss_mean": 1.8134020742062354e-05, "paal_ap_loss_last": 1.2072186186839083e-05, "paal_ap_val_corr": 0.8127131800434289, "paal_ap_n_train": 47, "paal_ap_n_val": 5, "paal_pred_acc_mean": 0.9903075098991394, "paal_pred_acc_std": 0.00781202083453536, "paal_score_mean": 0.009770987555384636, "paal_score_std": 0.0022662444971501827, "paal_n_clusters": 7, "paal_cluster_sizes": [79, 51, 71, 104, 36, 76, 51], "paal_selected_clusters": [0, 1, 2, 3, 4, 5, 6, 0, 1, 2, 3, 4, 5, 6, 0, 1, 2, 3, 4, 5, 6, 0, 1, 2, 3, 4]}, "training": {"num_iters": 1000, "batch_size": 12, "lr": 0.001, "image_size": 512, "aspect_preserve": true, "resolution_policy": "longside_pad32", "preproc_cache": {"pool": "hit", "val": "hit"}, "train_runtime_sec": 1527.1640660762787, "query_runtime_sec": 277.1321818828583, "iters": 2900, "stop_iter": 2900, "mean_loss": 0.15629011823635164, "last_loss": 0.029834074899554253, "stop_reason": "plateau", "hit_max_iters": false, "final_smooth_loss": 0.029932622630149126, "best_smooth_loss": 0.033529328424483536, "diverged": false, "loss_curve": [[1000, 0.1165946152806282], [1100, 0.09916032120585441], [1200, 0.09163768954575062], [1300, 0.07956379581242799], [1400, 0.06922525502741336], [1500, 0.06590505916625261], [1600, 0.05640707816928625], [1700, 0.051693672388792036], [1800, 0.04758468206971884], [1900, 0.044228488840162755], [2000, 0.0420696485415101], [2100, 0.04254406731575727], [2200, 0.04224639516323805], [2300, 0.03717276819050312], [2400, 0.033529328424483536], [2500, 0.03421833077445626], [2600, 0.03235369035974145], [2700, 0.032702334076166156], [2800, 0.029863800909370183], [2900, 0.029932622630149126]]}, "ckpt_id": "origa__P9__s1000__r4", "ckpt_path": "", "ckpt_hash": "44c81dcdd5fa7d2e3808d1fc2be83afc03d8ed08cc852d99701bd590b96e0bb4", "config_hash": "bf4ec5f898291681fce09c32cda12c6918044a048969b35e9673716b3b129d33", "feature_cache_keys": {"task_unet": "task_unet_bottleneck@44c81dcdd5fa"}, "sam_model_type": "", "sam_checkpoint": "", "metrics": {"primary_metric": "mean_dsc_fg_case_macro", "metric_version": "v3_case_macro", "eval_scope": "case_full_volume", "mean_dsc_fg_case_macro": 0.8152678131741469, "mean_dsc_fg": 0.8152678131741469, "mean_dsc_fg_pooled_diagnostic": 0.816643706431361, "dsc_per_class_pooled": [0.9990203517771294, 0.8013482846468868, 0.831939128215835], "dsc_per_class": [0.9990203517771294, 0.8013482846468868, 0.831939128215835], "n_cases": 65, "n_eval": 65, "structure_detection_rate": 1.0, "missed_structure_rate": 0.0}, "runtime_sec": {"train": 1527.1640660762787, "eval": 1.4000647068023682, "select": 277.1321818828583}, "gpu_mem_mb": 9609.674752, "gpu_name": "Tesla V100-PCIE-32GB", "gpu_total_mem_mb": 34072.559616, "foundation": {}, "notes": ""}
{"schema_version": "v3", "run_id": "origa__P9__s1000", "round": 5, "dataset": "origa", "modality": "fundus", "target": "optic_nerve_head", "dim": "2d", "query_unit": "image", "seed": 1000, "round_seed": 1005, "component_seeds": {"model_init_seed": 832088726, "loader_seed": 2738773402, "query_seed": 4045062187, "dropout_seed": 3538979454}, "total_rounds": 7, "budget_denominator": {"full_train_N": 520, "requested_pool_cap": 5000, "actual_AL_pool_N": 520, "budget_plan": [8, 11, 21, 37, 52, 78, 104], "fraction_of_AL_pool": 0.2, "fraction_of_full_train": 0.2}, "policy_id": "P9", "policy_name": "PAAL", "method_version": "1.0", "is_ablation": false, "policy_config": {}, "cumulative_budget": 78, "incremental_query_count": 26, "labeled_count": 78, "labeled_ratio": 0.15, "selected_ids": ["273", "113", "449", "078", "377", "135", "508", "314", "112", "537", "244", "288", "540", "119", "467", "598", "488", "209", "510", "553", "158", "280", "416", "010", "310", "184"], "selected_scores": [0.01614825427532196, 0.01516120694577694, 0.015673300251364708, 0.014292608946561813, 0.012986431829631329, 0.014763320796191692, 0.017592191696166992, 0.014185364358127117, 0.01380098145455122, 0.015159351751208305, 0.0136998500674963, 0.012432942166924477, 0.01345947664231062, 0.014186742715537548, 0.012899905443191528, 0.012486115097999573, 0.013648963533341885, 0.013672588393092155, 0.011406074278056622, 0.013132032006978989, 0.011278669349849224, 0.012141870334744453, 0.012182449921965599, 0.01292340736836195, 0.012665251269936562, 0.01110604777932167], "selected_pred_fg_ratio": [0.011470794677734375, 0.010944366455078125, 0.015483856201171875, 0.013011932373046875, 0.017139434814453125, 0.013240814208984375, 0.00885009765625, 0.010860443115234375, 0.010089874267578125, 0.012081146240234375, 0.0117645263671875, 0.015655517578125, 0.015209197998046875, 0.01316070556640625, 0.012462615966796875, 0.015392303466796875, 0.012310028076171875, 0.01346588134765625, 0.01561737060546875, 0.016162872314453125, 0.01552581787109375, 0.01566314697265625, 0.014644622802734375, 0.014068603515625, 0.013622283935546875, 0.013210296630859375], "selected_pred_class_dist": [[0.9885292053222656, 0.00771331787109375, 0.003757476806640625], [0.9890556335449219, 0.00799560546875, 0.002948760986328125], [0.9845161437988281, 0.0104217529296875, 0.005062103271484375], [0.9869880676269531, 0.009136199951171875, 0.003875732421875], [0.9828605651855469, 0.0111083984375, 0.006031036376953125], [0.9867591857910156, 0.009429931640625, 0.003810882568359375], [0.99114990234375, 0.005840301513671875, 0.003009796142578125], [0.9891395568847656, 0.006023406982421875, 0.0048370361328125], [0.9899101257324219, 0.00740814208984375, 0.002681732177734375], [0.9879188537597656, 0.009185791015625, 0.002895355224609375], [0.9882354736328125, 0.007984161376953125, 0.003780364990234375], [0.984344482421875, 0.0103302001953125, 0.0053253173828125], [0.9847908020019531, 0.010837554931640625, 0.00437164306640625], [0.9868392944335938, 0.00936126708984375, 0.0037994384765625], [0.9875373840332031, 0.009143829345703125, 0.00331878662109375], [0.9846076965332031, 0.00988006591796875, 0.005512237548828125], [0.9876899719238281, 0.00844573974609375, 0.003864288330078125], [0.9865341186523438, 0.00868988037109375, 0.0047760009765625], [0.9843826293945312, 0.008930206298828125, 0.006687164306640625], [0.9838371276855469, 0.01116943359375, 0.004993438720703125], [0.9844741821289062, 0.00726318359375, 0.00826263427734375], [0.9843368530273438, 0.01044464111328125, 0.005218505859375], [0.9853553771972656, 0.009120941162109375, 0.005523681640625], [0.985931396484375, 0.00968170166015625, 0.00438690185546875], [0.9863777160644531, 0.0088653564453125, 0.004756927490234375], [0.9867897033691406, 0.009723663330078125, 0.00348663330078125]], "candidate_count": 442, "candidate_scores_path": "/groups/echambe2/gmeng/MedAL-Agent/repo/code/runs/frozen_v5/candidate_scores/origa__P9__s1000__r5.json", "predictions_path": "", "initial_labeled_path": "/groups/echambe2/gmeng/MedAL-Agent/repo/code/runs/frozen_v5/init_sets/origa__s1000__n8.json", "initial_labeled_ids": [], "selection_diagnostics": {"paal_ap_epochs": 200, "paal_ap_loss_mean": 1.1398275627671818e-05, "paal_ap_loss_last": 6.52164197124645e-06, "paal_ap_val_corr": 0.9647900011267847, "paal_ap_n_train": 71, "paal_ap_n_val": 7, "paal_pred_acc_mean": 0.9915546774864197, "paal_pred_acc_std": 0.0072569032199680805, "paal_score_mean": 0.008507998660206795, "paal_score_std": 0.002448121551424265, "paal_n_clusters": 7, "paal_cluster_sizes": [42, 67, 106, 72, 34, 84, 37], "paal_selected_clusters": [0, 1, 2, 3, 4, 5, 6, 0, 1, 2, 3, 4, 5, 6, 0, 1, 2, 3, 4, 5, 6, 0, 1, 2, 3, 4]}, "training": {"num_iters": 1000, "batch_size": 12, "lr": 0.001, "image_size": 512, "aspect_preserve": true, "resolution_policy": "longside_pad32", "preproc_cache": {"pool": "hit", "val": "hit"}, "train_runtime_sec": 1838.0734305381775, "query_runtime_sec": 411.9426107406616, "iters": 3500, "stop_iter": 3500, "mean_loss": 0.1486562576304589, "last_loss": 0.02194555290043354, "stop_reason": "plateau", "hit_max_iters": false, "final_smooth_loss": 0.024173835925757885, "best_smooth_loss": 0.028190504014492034, "diverged": false, "loss_curve": [[1000, 0.1392440312355757], [1100, 0.1210072472691536], [1200, 0.11248788371682167], [1300, 0.09650993570685387], [1400, 0.08951362185180187], [1500, 0.07846387311816215], [1600, 0.07304762918502092], [1700, 0.0637048914656043], [1800, 0.05834119211882353], [1900, 0.052001121789216995], [2000, 0.05062452435493469], [2100, 0.04560631077736616], [2200, 0.041657360307872295], [2300, 0.039437595643103125], [2400, 0.03751055773347616], [2500, 0.036854798719286916], [2600, 0.03410581985488534], [2700, 0.03352995365858078], [2800, 0.03140184154734015], [2900, 0.03160435177385807], [3000, 0.028190504014492034], [3100, 0.02826160838827491], [3200, 0.02646294832229614], [3300, 0.026665365118533374], [3400, 0.025921080745756626], [3500, 0.024173835925757885]]}, "ckpt_id": "origa__P9__s1000__r5", "ckpt_path": "", "ckpt_hash": "0185ac537c16345f141df98837e642d77aabb1b499e9dd1e0335cfa4f2a29f1d", "config_hash": "bf4ec5f898291681fce09c32cda12c6918044a048969b35e9673716b3b129d33", "feature_cache_keys": {"task_unet": "task_unet_bottleneck@0185ac537c16"}, "sam_model_type": "", "sam_checkpoint": "", "metrics": {"primary_metric": "mean_dsc_fg_case_macro", "metric_version": "v3_case_macro", "eval_scope": "case_full_volume", "mean_dsc_fg_case_macro": 0.8418463214382693, "mean_dsc_fg": 0.8418463214382693, "mean_dsc_fg_pooled_diagnostic": 0.8436621769717196, "dsc_per_class_pooled": [0.9990924720585598, 0.8287184499511298, 0.8586059039923095], "dsc_per_class": [0.9990924720585598, 0.8287184499511298, 0.8586059039923095], "n_cases": 65, "n_eval": 65, "structure_detection_rate": 1.0, "missed_structure_rate": 0.0}, "runtime_sec": {"train": 1838.0734305381775, "eval": 1.3335368633270264, "select": 411.9426107406616}, "gpu_mem_mb": 9603.923968, "gpu_name": "Tesla V100-PCIE-32GB", "gpu_total_mem_mb": 34072.559616, "foundation": {}, "notes": ""}
{"schema_version": "v3", "run_id": "origa__P9__s1000", "round": 6, "dataset": "origa", "modality": "fundus", "target": "optic_nerve_head", "dim": "2d", "query_unit": "image", "seed": 1000, "round_seed": 1006, "component_seeds": {"model_init_seed": 1357972451, "loader_seed": 595547349, "query_seed": 1582134936, "dropout_seed": 3300755214}, "total_rounds": 7, "budget_denominator": {"full_train_N": 520, "requested_pool_cap": 5000, "actual_AL_pool_N": 520, "budget_plan": [8, 11, 21, 37, 52, 78, 104], "fraction_of_AL_pool": 0.2, "fraction_of_full_train": 0.2}, "policy_id": "P9", "policy_name": "PAAL", "method_version": "1.0", "is_ablation": false, "policy_config": {}, "cumulative_budget": 104, "incremental_query_count": 0, "labeled_count": 104, "labeled_ratio": 0.2, "selected_ids": [], "selected_scores": [], "selected_pred_fg_ratio": [], "selected_pred_class_dist": [], "candidate_count": 0, "candidate_scores_path": "", "predictions_path": "/groups/echambe2/gmeng/MedAL-Agent/repo/code/runs/frozen_v5/predictions/origa__P9__s1000__r6.npz", "initial_labeled_path": "/groups/echambe2/gmeng/MedAL-Agent/repo/code/runs/frozen_v5/init_sets/origa__s1000__n8.json", "initial_labeled_ids": [], "selection_diagnostics": {}, "training": {"num_iters": 1000, "batch_size": 12, "lr": 0.001, "image_size": 512, "aspect_preserve": true, "resolution_policy": "longside_pad32", "preproc_cache": {"pool": "hit", "val": "hit"}, "train_runtime_sec": 2412.9170320034027, "query_runtime_sec": 0.0, "iters": 4600, "stop_iter": 4600, "mean_loss": 0.1442065607169238, "last_loss": 0.04023103415966034, "stop_reason": "plateau", "hit_max_iters": false, "final_smooth_loss": 0.039058521874248985, "best_smooth_loss": 0.04255076695233583, "diverged": false, "loss_curve": [[1000, 0.17764880642294884], [1100, 0.17501854851841928], [1200, 0.16218381851911545], [1300, 0.16382014527916908], [1400, 0.152400851175189], [1500, 0.15150212608277797], [1600, 0.13895585514605047], [1700, 0.13509457595646382], [1800, 0.12808137744665146], [1900, 0.12651318207383155], [2000, 0.11758667603135109], [2100, 0.10983169257640839], [2200, 0.10184556305408478], [2300, 0.09554002709686756], [2400, 0.09353215888142585], [2500, 0.08561769150197505], [2600, 0.08192120745778084], [2700, 0.07576081931591033], [2800, 0.07131534721702337], [2900, 0.07013990730047226], [3000, 0.06685313928872347], [3100, 0.061291317716240884], [3200, 0.059646724052727224], [3300, 0.05648358039557934], [3400, 0.0533220998942852], [3500, 0.05171271074563265], [3600, 0.051770501993596556], [3700, 0.05025897342711687], [3800, 0.04763944510370493], [3900, 0.04691578652709723], [4000, 0.04350962746888399], [4100, 0.04255076695233583], [4200, 0.04245380513370037], [4300, 0.040594129115343096], [4400, 0.038058536536991594], [4500, 0.03852294078096748], [4600, 0.039058521874248985]]}, "ckpt_id": "origa__P9__s1000__r6", "ckpt_path": "", "ckpt_hash": "947cdaa023125b65868ecc6ca6ab0e3b94576178b24d62923c5024adc7460a0e", "config_hash": "bf4ec5f898291681fce09c32cda12c6918044a048969b35e9673716b3b129d33", "feature_cache_keys": {}, "sam_model_type": "", "sam_checkpoint": "", "metrics": {"primary_metric": "mean_dsc_fg_case_macro", "metric_version": "v3_case_macro", "eval_scope": "case_full_volume", "mean_dsc_fg_case_macro": 0.8366525063500448, "mean_dsc_fg": 0.8366525063500448, "mean_dsc_fg_pooled_diagnostic": 0.8388355692742158, "dsc_per_class_pooled": [0.9992079638820077, 0.8335014730186103, 0.8441696655298212], "dsc_per_class": [0.9992079638820077, 0.8335014730186103, 0.8441696655298212], "n_cases": 65, "n_eval": 65, "structure_detection_rate": 1.0, "missed_structure_rate": 0.0}, "runtime_sec": {"train": 2412.9170320034027, "eval": 1.3977019786834717, "select": 0.0}, "gpu_mem_mb": 9607.512064, "gpu_name": "Tesla V100-PCIE-32GB", "gpu_total_mem_mb": 34072.559616, "foundation": {}, "notes": ""}
