{"schema_version": "v3", "run_id": "origa__P6__s3000", "round": 0, "dataset": "origa", "modality": "fundus", "target": "optic_nerve_head", "dim": "2d", "query_unit": "image", "seed": 3000, "round_seed": 3000, "component_seeds": {"model_init_seed": 4268717614, "loader_seed": 3761024140, "query_seed": 1653928250, "dropout_seed": 3551934248}, "total_rounds": 7, "budget_denominator": {"full_train_N": 520, "requested_pool_cap": 5000, "actual_AL_pool_N": 520, "budget_plan": [8, 11, 21, 37, 52, 78, 104], "fraction_of_AL_pool": 0.2, "fraction_of_full_train": 0.2}, "policy_id": "P6", "policy_name": "SelectiveUncertaintyAL", "method_version": "1.0", "is_ablation": false, "policy_config": {}, "cumulative_budget": 8, "incremental_query_count": 3, "labeled_count": 8, "labeled_ratio": 0.015384615384615385, "selected_ids": ["419", "548", "634"], "selected_scores": [0.370655357837677, 0.39193984866142273, 0.3613114058971405], "selected_pred_fg_ratio": [0.021610260009765625, 0.011749267578125, 0.019367218017578125], "selected_pred_class_dist": [[0.9783897399902344, 0.0113525390625, 0.010257720947265625], [0.988250732421875, 0.006175994873046875, 0.005573272705078125], [0.9806327819824219, 0.010837554931640625, 0.0085296630859375]], "candidate_count": 512, "candidate_scores_path": "/groups/echambe2/gmeng/MedAL-Agent/repo/code/runs/frozen_v5/candidate_scores/origa__P6__s3000__r0.json", "predictions_path": "", "initial_labeled_path": "/groups/echambe2/gmeng/MedAL-Agent/repo/code/runs/frozen_v5/init_sets/origa__s3000__n8.json", "initial_labeled_ids": ["104", "132", "318", "322", "342", "478", "515", "552"], "selection_diagnostics": {"selu_valid_intersected": true, "selu_target_frac": 0.01576293259859085, "selu_boundary_frac": 7.8640878200531e-05, "selu_score_target_mean": 0.017339345067739487, "selu_score_boundary_mean": 0.6360376477241516}, "training": {"num_iters": 1000, "batch_size": 12, "lr": 0.001, "image_size": 512, "aspect_preserve": true, "resolution_policy": "longside_pad32", "preproc_cache": {"pool": "hit", "val": "hit"}, "train_runtime_sec": 1067.5934219360352, "query_runtime_sec": 19.60556173324585, "iters": 2800, "stop_iter": 2800, "mean_loss": 0.12993528304621577, "last_loss": 0.016950633376836777, "stop_reason": "plateau", "hit_max_iters": false, "final_smooth_loss": 0.018084201738238336, "best_smooth_loss": 0.02002161357551813, "diverged": false, "loss_curve": [[1000, 0.03965573541820049], [1100, 0.03788378916680813], [1200, 0.03518330555409193], [1300, 0.03551701620221138], [1400, 0.03300409907475114], [1500, 0.02859612984582782], [1600, 0.03157402604818344], [1700, 0.02818808052688837], [1800, 0.026360917910933493], [1900, 0.02352674450725317], [2000, 0.02336350629106164], [2100, 0.02284255310893059], [2200, 0.022540223095566036], [2300, 0.02002161357551813], [2400, 0.02562976846471429], [2500, 0.02156417679041624], [2600, 0.019534616563469172], [2700, 0.01840637091547251], [2800, 0.018084201738238336]]}, "ckpt_id": "origa__P6__s3000__r0", "ckpt_path": "", "ckpt_hash": "4b7bb28761c766602720f2310b115f02afcdffc5b6cf749bd8227cd385c2fb03", "config_hash": "bf4ec5f898291681fce09c32cda12c6918044a048969b35e9673716b3b129d33", "feature_cache_keys": {}, "sam_model_type": "", "sam_checkpoint": "", "metrics": {"primary_metric": "mean_dsc_fg_case_macro", "metric_version": "v3_case_macro", "eval_scope": "case_full_volume", "mean_dsc_fg_case_macro": 0.6917775835912267, "mean_dsc_fg": 0.6917775835912267, "mean_dsc_fg_pooled_diagnostic": 0.6819929523242382, "dsc_per_class_pooled": [0.9980626277305584, 0.6934465800855741, 0.6705393245629022], "dsc_per_class": [0.9980626277305584, 0.6934465800855741, 0.6705393245629022], "n_cases": 65, "n_eval": 65, "structure_detection_rate": 1.0, "missed_structure_rate": 0.0}, "runtime_sec": {"train": 1067.5934219360352, "eval": 1.5050296783447266, "select": 19.60556173324585}, "gpu_mem_mb": 8107.887616, "gpu_name": "Tesla V100-PCIE-32GB", "gpu_total_mem_mb": 34072.559616, "foundation": {}, "notes": ""}
{"schema_version": "v3", "run_id": "origa__P6__s3000", "round": 1, "dataset": "origa", "modality": "fundus", "target": "optic_nerve_head", "dim": "2d", "query_unit": "image", "seed": 3000, "round_seed": 3001, "component_seeds": {"model_init_seed": 1368497401, "loader_seed": 724338150, "query_seed": 2939650167, "dropout_seed": 1283938365}, "total_rounds": 7, "budget_denominator": {"full_train_N": 520, "requested_pool_cap": 5000, "actual_AL_pool_N": 520, "budget_plan": [8, 11, 21, 37, 52, 78, 104], "fraction_of_AL_pool": 0.2, "fraction_of_full_train": 0.2}, "policy_id": "P6", "policy_name": "SelectiveUncertaintyAL", "method_version": "1.0", "is_ablation": false, "policy_config": {}, "cumulative_budget": 11, "incremental_query_count": 10, "labeled_count": 11, "labeled_ratio": 0.021153846153846155, "selected_ids": ["637", "200", "147", "327", "024", "595", "232", "225", "482", "599"], "selected_scores": [0.3425275385379791, 0.3814811706542969, 0.3592834770679474, 0.3475809395313263, 0.33529290556907654, 0.34960222244262695, 0.34976914525032043, 0.3406008183956146, 0.3353114724159241, 0.3381390869617462], "selected_pred_fg_ratio": [0.0175628662109375, 0.02020263671875, 0.021236419677734375, 0.0176544189453125, 0.02066802978515625, 0.018585205078125, 0.023712158203125, 0.02135467529296875, 0.021984100341796875, 0.015842437744140625], "selected_pred_class_dist": [[0.9824371337890625, 0.01219940185546875, 0.00536346435546875], [0.97979736328125, 0.013500213623046875, 0.006702423095703125], [0.9787635803222656, 0.013427734375, 0.007808685302734375], [0.9823455810546875, 0.0123748779296875, 0.005279541015625], [0.9793319702148438, 0.0154571533203125, 0.00521087646484375], [0.981414794921875, 0.01105499267578125, 0.00753021240234375], [0.976287841796875, 0.017528533935546875, 0.006183624267578125], [0.9786453247070312, 0.01403045654296875, 0.00732421875], [0.9780158996582031, 0.0135345458984375, 0.008449554443359375], [0.9841575622558594, 0.011302947998046875, 0.00453948974609375]], "candidate_count": 509, "candidate_scores_path": "/groups/echambe2/gmeng/MedAL-Agent/repo/code/runs/frozen_v5/candidate_scores/origa__P6__s3000__r1.json", "predictions_path": "", "initial_labeled_path": "/groups/echambe2/gmeng/MedAL-Agent/repo/code/runs/frozen_v5/init_sets/origa__s3000__n8.json", "initial_labeled_ids": [], "selection_diagnostics": {"selu_valid_intersected": true, "selu_target_frac": 0.017042022198438644, "selu_boundary_frac": 0.00010217992530670017, "selu_score_target_mean": 0.020628027617931366, "selu_score_boundary_mean": 0.6291306018829346}, "training": {"num_iters": 1000, "batch_size": 12, "lr": 0.001, "image_size": 512, "aspect_preserve": true, "resolution_policy": "longside_pad32", "preproc_cache": {"pool": "hit", "val": "hit"}, "train_runtime_sec": 1129.258252620697, "query_runtime_sec": 19.806852340698242, "iters": 2300, "stop_iter": 2300, "mean_loss": 0.12445167914356875, "last_loss": 0.02951008453965187, "stop_reason": "plateau", "hit_max_iters": false, "final_smooth_loss": 0.029050471503287555, "best_smooth_loss": 0.031601702496409416, "diverged": false, "loss_curve": [[1000, 0.0466879441216588], [1100, 0.045325057171285155], [1200, 0.04200527176260948], [1300, 0.04329025857150555], [1400, 0.037221265267580746], [1500, 0.03794176893308759], [1600, 0.03731677293777466], [1700, 0.03480690144002438], [1800, 0.031601702496409416], [1900, 0.034714496545493606], [2000, 0.029364276230335235], [2100, 0.029568057153373958], [2200, 0.02924167864024639], [2300, 0.029050471503287555]]}, "ckpt_id": "origa__P6__s3000__r1", "ckpt_path": "", "ckpt_hash": "665f8fd55092313efa9b21c4a944c2d54b833982f925908abc4f16de10811f35", "config_hash": "bf4ec5f898291681fce09c32cda12c6918044a048969b35e9673716b3b129d33", "feature_cache_keys": {}, "sam_model_type": "", "sam_checkpoint": "", "metrics": {"primary_metric": "mean_dsc_fg_case_macro", "metric_version": "v3_case_macro", "eval_scope": "case_full_volume", "mean_dsc_fg_case_macro": 0.7237104025947865, "mean_dsc_fg": 0.7237104025947865, "mean_dsc_fg_pooled_diagnostic": 0.7205330820030368, "dsc_per_class_pooled": [0.9982678094311124, 0.7133868395182743, 0.7276793244877993], "dsc_per_class": [0.9982678094311124, 0.7133868395182743, 0.7276793244877993], "n_cases": 65, "n_eval": 65, "structure_detection_rate": 1.0, "missed_structure_rate": 0.0}, "runtime_sec": {"train": 1129.258252620697, "eval": 1.499687910079956, "select": 19.806852340698242}, "gpu_mem_mb": 8663.578624, "gpu_name": "Tesla V100-PCIE-32GB", "gpu_total_mem_mb": 34072.559616, "foundation": {}, "notes": ""}
{"schema_version": "v3", "run_id": "origa__P6__s3000", "round": 2, "dataset": "origa", "modality": "fundus", "target": "optic_nerve_head", "dim": "2d", "query_unit": "image", "seed": 3000, "round_seed": 3002, "component_seeds": {"model_init_seed": 3745551808, "loader_seed": 2465835433, "query_seed": 2701088630, "dropout_seed": 1393056386}, "total_rounds": 7, "budget_denominator": {"full_train_N": 520, "requested_pool_cap": 5000, "actual_AL_pool_N": 520, "budget_plan": [8, 11, 21, 37, 52, 78, 104], "fraction_of_AL_pool": 0.2, "fraction_of_full_train": 0.2}, "policy_id": "P6", "policy_name": "SelectiveUncertaintyAL", "method_version": "1.0", "is_ablation": false, "policy_config": {}, "cumulative_budget": 21, "incremental_query_count": 16, "labeled_count": 21, "labeled_ratio": 0.04038461538461539, "selected_ids": ["510", "348", "085", "283", "509", "340", "197", "142", "443", "633", "405", "267", "240", "500", "435", "141"], "selected_scores": [0.40636956691741943, 0.35891973972320557, 0.37581688165664673, 0.3657775819301605, 0.36486637592315674, 0.359621524810791, 0.3663376569747925, 0.3445051610469818, 0.35442033410072327, 0.3386284410953522, 0.3524847626686096, 0.3354995846748352, 0.35508930683135986, 0.3353561460971832, 0.3442699909210205, 0.341465026140213], "selected_pred_fg_ratio": [0.01776123046875, 0.020294189453125, 0.020992279052734375, 0.0191802978515625, 0.010196685791015625, 0.01638031005859375, 0.01840972900390625, 0.016147613525390625, 0.01749420166015625, 0.015331268310546875, 0.017852783203125, 0.017818450927734375, 0.024021148681640625, 0.0223846435546875, 0.013641357421875, 0.014118194580078125], "selected_pred_class_dist": [[0.98223876953125, 0.01148223876953125, 0.00627899169921875], [0.979705810546875, 0.0146636962890625, 0.0056304931640625], [0.9790077209472656, 0.01117706298828125, 0.009815216064453125], [0.9808197021484375, 0.010753631591796875, 0.008426666259765625], [0.9898033142089844, 0.0068817138671875, 0.003314971923828125], [0.9836196899414062, 0.01163482666015625, 0.0047454833984375], [0.9815902709960938, 0.012638092041015625, 0.005771636962890625], [0.9838523864746094, 0.013092041015625, 0.003055572509765625], [0.9825057983398438, 0.00893402099609375, 0.0085601806640625], [0.9846687316894531, 0.011566162109375, 0.003765106201171875], [0.982147216796875, 0.011165618896484375, 0.006687164306640625], [0.9821815490722656, 0.014141082763671875, 0.0036773681640625], [0.9759788513183594, 0.015933990478515625, 0.008087158203125], [0.9776153564453125, 0.01621246337890625, 0.00617218017578125], [0.986358642578125, 0.0107574462890625, 0.0028839111328125], [0.9858818054199219, 0.011260986328125, 0.002857208251953125]], "candidate_count": 499, "candidate_scores_path": "/groups/echambe2/gmeng/MedAL-Agent/repo/code/runs/frozen_v5/candidate_scores/origa__P6__s3000__r2.json", "predictions_path": "", "initial_labeled_path": "/groups/echambe2/gmeng/MedAL-Agent/repo/code/runs/frozen_v5/init_sets/origa__s3000__n8.json", "initial_labeled_ids": [], "selection_diagnostics": {"selu_valid_intersected": true, "selu_target_frac": 0.017352575436234474, "selu_boundary_frac": 0.00010137615026906133, "selu_score_target_mean": 0.01972506381571293, "selu_score_boundary_mean": 0.6315130591392517}, "training": {"num_iters": 1000, "batch_size": 12, "lr": 0.001, "image_size": 512, "aspect_preserve": true, "resolution_policy": "longside_pad32", "preproc_cache": {"pool": "hit", "val": "hit"}, "train_runtime_sec": 1103.5312571525574, "query_runtime_sec": 18.217265129089355, "iters": 2100, "stop_iter": 2100, "mean_loss": 0.16239517578500368, "last_loss": 0.02114797569811344, "stop_reason": "plateau", "hit_max_iters": false, "final_smooth_loss": 0.022103957775980235, "best_smooth_loss": 0.02697438044473529, "diverged": false, "loss_curve": [[1000, 0.044830433204770086], [1100, 0.03971063617616892], [1200, 0.03624313339591026], [1300, 0.03352245133370161], [1400, 0.03164233591407537], [1500, 0.029972736109048128], [1600, 0.02697438044473529], [1700, 0.026444647163152694], [1800, 0.027456458173692227], [1900, 0.024732583798468114], [2000, 0.023320716470479966], [2100, 0.022103957775980235]]}, "ckpt_id": "origa__P6__s3000__r2", "ckpt_path": "", "ckpt_hash": "17552a32d728b6d1f991269a70ebbf4bbc73fe9616fa1da7eee3e21b22a3cb6a", "config_hash": "bf4ec5f898291681fce09c32cda12c6918044a048969b35e9673716b3b129d33", "feature_cache_keys": {}, "sam_model_type": "", "sam_checkpoint": "", "metrics": {"primary_metric": "mean_dsc_fg_case_macro", "metric_version": "v3_case_macro", "eval_scope": "case_full_volume", "mean_dsc_fg_case_macro": 0.7526399309360369, "mean_dsc_fg": 0.7526399309360369, "mean_dsc_fg_pooled_diagnostic": 0.751344867973746, "dsc_per_class_pooled": [0.9985011288675312, 0.7607200095943132, 0.7419697263531789], "dsc_per_class": [0.9985011288675312, 0.7607200095943132, 0.7419697263531789], "n_cases": 65, "n_eval": 65, "structure_detection_rate": 1.0, "missed_structure_rate": 0.0}, "runtime_sec": {"train": 1103.5312571525574, "eval": 1.404266595840454, "select": 18.217265129089355}, "gpu_mem_mb": 9445.128192, "gpu_name": "Tesla V100-PCIE-32GB", "gpu_total_mem_mb": 34072.559616, "foundation": {}, "notes": ""}
{"schema_version": "v3", "run_id": "origa__P6__s3000", "round": 3, "dataset": "origa", "modality": "fundus", "target": "optic_nerve_head", "dim": "2d", "query_unit": "image", "seed": 3000, "round_seed": 3003, "component_seeds": {"model_init_seed": 3579842532, "loader_seed": 3462212509, "query_seed": 3091667733, "dropout_seed": 1977868587}, "total_rounds": 7, "budget_denominator": {"full_train_N": 520, "requested_pool_cap": 5000, "actual_AL_pool_N": 520, "budget_plan": [8, 11, 21, 37, 52, 78, 104], "fraction_of_AL_pool": 0.2, "fraction_of_full_train": 0.2}, "policy_id": "P6", "policy_name": "SelectiveUncertaintyAL", "method_version": "1.0", "is_ablation": false, "policy_config": {}, "cumulative_budget": 37, "incremental_query_count": 15, "labeled_count": 37, "labeled_ratio": 0.07115384615384615, "selected_ids": ["508", "314", "233", "227", "464", "389", "290", "224", "269", "102", "168", "273", "571", "404", "001"], "selected_scores": [0.32955828309059143, 0.33048009872436523, 0.328595370054245, 0.3277186453342438, 0.32657143473625183, 0.3273037075996399, 0.32713863253593445, 0.3271538317203522, 0.32561194896698, 0.32565444707870483, 0.324352890253067, 0.3252844512462616, 0.32474538683891296, 0.32552656531333923, 0.32566341757774353], "selected_pred_fg_ratio": [0.010028839111328125, 0.01274871826171875, 0.017383575439453125, 0.0214080810546875, 0.01332855224609375, 0.022792816162109375, 0.020565032958984375, 0.019916534423828125, 0.01802825927734375, 0.0184478759765625, 0.01781463623046875, 0.014225006103515625, 0.022853851318359375, 0.015010833740234375, 0.018199920654296875], "selected_pred_class_dist": [[0.9899711608886719, 0.00725555419921875, 0.002773284912109375], [0.9872512817382812, 0.0066986083984375, 0.00605010986328125], [0.9826164245605469, 0.01157379150390625, 0.005809783935546875], [0.9785919189453125, 0.014499664306640625, 0.006908416748046875], [0.9866714477539062, 0.00922393798828125, 0.0041046142578125], [0.9772071838378906, 0.015163421630859375, 0.00762939453125], [0.9794349670410156, 0.01270294189453125, 0.007862091064453125], [0.9800834655761719, 0.010822296142578125, 0.00909423828125], [0.9819717407226562, 0.0108795166015625, 0.00714874267578125], [0.9815521240234375, 0.01209259033203125, 0.00635528564453125], [0.9821853637695312, 0.010623931884765625, 0.007190704345703125], [0.9857749938964844, 0.00876617431640625, 0.005458831787109375], [0.9771461486816406, 0.0133209228515625, 0.009532928466796875], [0.9849891662597656, 0.01116943359375, 0.003841400146484375], [0.9818000793457031, 0.01157379150390625, 0.006626129150390625]], "candidate_count": 483, "candidate_scores_path": "/groups/echambe2/gmeng/MedAL-Agent/repo/code/runs/frozen_v5/candidate_scores/origa__P6__s3000__r3.json", "predictions_path": "", "initial_labeled_path": "/groups/echambe2/gmeng/MedAL-Agent/repo/code/runs/frozen_v5/init_sets/origa__s3000__n8.json", "initial_labeled_ids": [], "selection_diagnostics": {"selu_valid_intersected": true, "selu_target_frac": 0.016482075676321983, "selu_boundary_frac": 8.893062477000058e-05, "selu_score_target_mean": 0.01851005293428898, "selu_score_boundary_mean": 0.625986635684967}, "training": {"num_iters": 1000, "batch_size": 12, "lr": 0.001, "image_size": 512, "aspect_preserve": true, "resolution_policy": "longside_pad32", "preproc_cache": {"pool": "hit", "val": "hit"}, "train_runtime_sec": 1998.910085439682, "query_runtime_sec": 18.6172935962677, "iters": 3800, "stop_iter": 3800, "mean_loss": 0.1496864705586708, "last_loss": 0.023189060389995575, "stop_reason": "plateau", "hit_max_iters": false, "final_smooth_loss": 0.02690013462677598, "best_smooth_loss": 0.029944631066173316, "diverged": false, "loss_curve": [[1000, 0.16009627282619476], [1100, 0.1469986977428198], [1200, 0.12783651255071163], [1300, 0.1185283450037241], [1400, 0.09920456036925315], [1500, 0.08992582000792027], [1600, 0.07839939169585705], [1700, 0.06958425134420394], [1800, 0.06982873648405075], [1900, 0.061718709282577035], [2000, 0.06534254737198353], [2100, 0.05435580052435398], [2200, 0.049606020636856554], [2300, 0.047710667476058004], [2400, 0.043531669564545156], [2500, 0.04189381629228592], [2600, 0.04170432711020112], [2700, 0.03892447602003813], [2800, 0.03813708459958434], [2900, 0.036445734333246944], [3000, 0.03483617030084133], [3100, 0.031787509955465795], [3200, 0.03301794392988086], [3300, 0.029944631066173316], [3400, 0.029858389105647802], [3500, 0.02926911422982812], [3600, 0.027944047935307026], [3700, 0.027589445505291223], [3800, 0.02690013462677598]]}, "ckpt_id": "origa__P6__s3000__r3", "ckpt_path": "", "ckpt_hash": "256ca793b6686651c4a3676b8ae92db2552b28954c8242e14b6bfd8e9e4e61a6", "config_hash": "bf4ec5f898291681fce09c32cda12c6918044a048969b35e9673716b3b129d33", "feature_cache_keys": {}, "sam_model_type": "", "sam_checkpoint": "", "metrics": {"primary_metric": "mean_dsc_fg_case_macro", "metric_version": "v3_case_macro", "eval_scope": "case_full_volume", "mean_dsc_fg_case_macro": 0.7752006237940601, "mean_dsc_fg": 0.7752006237940601, "mean_dsc_fg_pooled_diagnostic": 0.7670928597787594, "dsc_per_class_pooled": [0.9988279265753579, 0.7807844780168888, 0.7534012415406299], "dsc_per_class": [0.9988279265753579, 0.7807844780168888, 0.7534012415406299], "n_cases": 65, "n_eval": 65, "structure_detection_rate": 1.0, "missed_structure_rate": 0.0}, "runtime_sec": {"train": 1998.910085439682, "eval": 1.4878113269805908, "select": 18.6172935962677}, "gpu_mem_mb": 9446.438912, "gpu_name": "Tesla V100-PCIE-32GB", "gpu_total_mem_mb": 34072.559616, "foundation": {}, "notes": ""}
{"schema_version": "v3", "run_id": "origa__P6__s3000", "round": 4, "dataset": "origa", "modality": "fundus", "target": "optic_nerve_head", "dim": "2d", "query_unit": "image", "seed": 3000, "round_seed": 3004, "component_seeds": {"model_init_seed": 1298922563, "loader_seed": 4234259380, "query_seed": 3641520638, "dropout_seed": 3440374736}, "total_rounds": 7, "budget_denominator": {"full_train_N": 520, "requested_pool_cap": 5000, "actual_AL_pool_N": 520, "budget_plan": [8, 11, 21, 37, 52, 78, 104], "fraction_of_AL_pool": 0.2, "fraction_of_full_train": 0.2}, "policy_id": "P6", "policy_name": "SelectiveUncertaintyAL", "method_version": "1.0", "is_ablation": false, "policy_config": {}, "cumulative_budget": 52, "incremental_query_count": 26, "labeled_count": 52, "labeled_ratio": 0.1, "selected_ids": ["511", "165", "025", "182", "448", "090", "622", "328", "463", "112", "569", "411", "218", "117", "554", "460", "580", "481", "092", "483", "370", "031", "642", "636", "644", "304"], "selected_scores": [0.3330756723880768, 0.325910747051239, 0.3258843421936035, 0.3243999779224396, 0.3225204348564148, 0.32347404956817627, 0.32251492142677307, 0.3235081732273102, 0.3236131966114044, 0.32220739126205444, 0.32261520624160767, 0.32232600450515747, 0.32188212871551514, 0.3239089846611023, 0.32268261909484863, 0.32099083065986633, 0.32322898507118225, 0.3230474293231964, 0.32234883308410645, 0.3218022584915161, 0.32179880142211914, 0.3233644962310791, 0.3219829201698303, 0.3214181363582611, 0.32149383425712585, 0.32197105884552], "selected_pred_fg_ratio": [0.01563262939453125, 0.01570892333984375, 0.023090362548828125, 0.01714324951171875, 0.016963958740234375, 0.01763916015625, 0.01886749267578125, 0.014186859130859375, 0.01598358154296875, 0.010162353515625, 0.0206298828125, 0.021015167236328125, 0.0127410888671875, 0.0198822021484375, 0.012237548828125, 0.016361236572265625, 0.019786834716796875, 0.018680572509765625, 0.01551055908203125, 0.015491485595703125, 0.016490936279296875, 0.019893646240234375, 0.02263641357421875, 0.0145263671875, 0.021312713623046875, 0.014575958251953125], "selected_pred_class_dist": [[0.9843673706054688, 0.0108184814453125, 0.00481414794921875], [0.9842910766601562, 0.00948333740234375, 0.0062255859375], [0.9769096374511719, 0.015697479248046875, 0.00739288330078125], [0.9828567504882812, 0.010189056396484375, 0.006954193115234375], [0.9830360412597656, 0.011081695556640625, 0.00588226318359375], [0.98236083984375, 0.0111083984375, 0.00653076171875], [0.9811325073242188, 0.012786865234375, 0.00608062744140625], [0.9858131408691406, 0.008678436279296875, 0.0055084228515625], [0.9840164184570312, 0.009136199951171875, 0.006847381591796875], [0.989837646484375, 0.007610321044921875, 0.002552032470703125], [0.9793701171875, 0.01219940185546875, 0.00843048095703125], [0.9789848327636719, 0.013538360595703125, 0.007476806640625], [0.9872589111328125, 0.00704193115234375, 0.00569915771484375], [0.9801177978515625, 0.0124664306640625, 0.007415771484375], [0.987762451171875, 0.0084228515625, 0.003814697265625], [0.9836387634277344, 0.012943267822265625, 0.00341796875], [0.9802131652832031, 0.011867523193359375, 0.0079193115234375], [0.9813194274902344, 0.011043548583984375, 0.00763702392578125], [0.9844894409179688, 0.009754180908203125, 0.005756378173828125], [0.9845085144042969, 0.01016998291015625, 0.005321502685546875], [0.9835090637207031, 0.01184844970703125, 0.004642486572265625], [0.9801063537597656, 0.01290130615234375, 0.006992340087890625], [0.9773635864257812, 0.0139617919921875, 0.00867462158203125], [0.9854736328125, 0.010692596435546875, 0.003833770751953125], [0.9786872863769531, 0.01396942138671875, 0.007343292236328125], [0.9854240417480469, 0.007991790771484375, 0.00658416748046875]], "candidate_count": 468, "candidate_scores_path": "/groups/echambe2/gmeng/MedAL-Agent/repo/code/runs/frozen_v5/candidate_scores/origa__P6__s3000__r4.json", "predictions_path": "", "initial_labeled_path": "/groups/echambe2/gmeng/MedAL-Agent/repo/code/runs/frozen_v5/init_sets/origa__s3000__n8.json", "initial_labeled_ids": [], "selection_diagnostics": {"selu_valid_intersected": true, "selu_target_frac": 0.016825031489133835, "selu_boundary_frac": 7.81279377406463e-05, "selu_score_target_mean": 0.01593172177672386, "selu_score_boundary_mean": 0.6250751614570618}, "training": {"num_iters": 1000, "batch_size": 12, "lr": 0.001, "image_size": 512, "aspect_preserve": true, "resolution_policy": "longside_pad32", "preproc_cache": {"pool": "hit", "val": "hit"}, "train_runtime_sec": 2049.4612126350403, "query_runtime_sec": 18.088772773742676, "iters": 3900, "stop_iter": 3900, "mean_loss": 0.14032567369775512, "last_loss": 0.02028420753777027, "stop_reason": "plateau", "hit_max_iters": false, "final_smooth_loss": 0.024290326051414013, "best_smooth_loss": 0.027162036187946798, "diverged": false, "loss_curve": [[1000, 0.16543457955121993], [1100, 0.14750035628676414], [1200, 0.12708215102553366], [1300, 0.1406395174562931], [1400, 0.09867060415446759], [1500, 0.08394372969865799], [1600, 0.07631254736334085], [1700, 0.06581185556948185], [1800, 0.06313821148127317], [1900, 0.05628357414156199], [2000, 0.04996703896671534], [2100, 0.04718277987092733], [2200, 0.04608214624226093], [2300, 0.04392545457929373], [2400, 0.04194611847400665], [2500, 0.037618025057017807], [2600, 0.03683193042874336], [2700, 0.036207225546240805], [2800, 0.0342457258887589], [2900, 0.032616893853992225], [3000, 0.031206106562167407], [3100, 0.02977008856832981], [3200, 0.029186135996133088], [3300, 0.02884982407093048], [3400, 0.027162036187946798], [3500, 0.028027195315808058], [3600, 0.02649262538179755], [3700, 0.026456714421510697], [3800, 0.025191929060965776], [3900, 0.024290326051414013]]}, "ckpt_id": "origa__P6__s3000__r4", "ckpt_path": "", "ckpt_hash": "27dfe3f65bb425506f6f8a13592322b537654a4bc786bda405f222d163f9e134", "config_hash": "bf4ec5f898291681fce09c32cda12c6918044a048969b35e9673716b3b129d33", "feature_cache_keys": {}, "sam_model_type": "", "sam_checkpoint": "", "metrics": {"primary_metric": "mean_dsc_fg_case_macro", "metric_version": "v3_case_macro", "eval_scope": "case_full_volume", "mean_dsc_fg_case_macro": 0.793617772844724, "mean_dsc_fg": 0.793617772844724, "mean_dsc_fg_pooled_diagnostic": 0.7981513163484931, "dsc_per_class_pooled": [0.999045578652578, 0.7993462655709492, 0.796956367126037], "dsc_per_class": [0.999045578652578, 0.7993462655709492, 0.796956367126037], "n_cases": 65, "n_eval": 65, "structure_detection_rate": 1.0, "missed_structure_rate": 0.0}, "runtime_sec": {"train": 2049.4612126350403, "eval": 1.436382532119751, "select": 18.088772773742676}, "gpu_mem_mb": 9445.65248, "gpu_name": "Tesla V100-PCIE-32GB", "gpu_total_mem_mb": 34072.559616, "foundation": {}, "notes": ""}
{"schema_version": "v3", "run_id": "origa__P6__s3000", "round": 5, "dataset": "origa", "modality": "fundus", "target": "optic_nerve_head", "dim": "2d", "query_unit": "image", "seed": 3000, "round_seed": 3005, "component_seeds": {"model_init_seed": 553458980, "loader_seed": 435351753, "query_seed": 2500301191, "dropout_seed": 2225428026}, "total_rounds": 7, "budget_denominator": {"full_train_N": 520, "requested_pool_cap": 5000, "actual_AL_pool_N": 520, "budget_plan": [8, 11, 21, 37, 52, 78, 104], "fraction_of_AL_pool": 0.2, "fraction_of_full_train": 0.2}, "policy_id": "P6", "policy_name": "SelectiveUncertaintyAL", "method_version": "1.0", "is_ablation": false, "policy_config": {}, "cumulative_budget": 78, "incremental_query_count": 26, "labeled_count": 78, "labeled_ratio": 0.15, "selected_ids": ["485", "371", "608", "071", "612", "534", "028", "166", "388", "221", "107", "378", "472", "174", "076", "383", "546", "427", "098", "103", "038", "022", "156", "607", "421", "288"], "selected_scores": [0.32556861639022827, 0.32658258080482483, 0.3246578872203827, 0.32276585698127747, 0.32491302490234375, 0.32363367080688477, 0.32489094138145447, 0.32507798075675964, 0.32425373792648315, 0.324971079826355, 0.32209914922714233, 0.3241475224494934, 0.3229745626449585, 0.3249093294143677, 0.3220572769641876, 0.323787122964859, 0.3220444619655609, 0.32371169328689575, 0.3233301043510437, 0.3244393765926361, 0.3226121664047241, 0.32439154386520386, 0.3232782185077667, 0.3243764042854309, 0.3232353627681732, 0.3238850235939026], "selected_pred_fg_ratio": [0.0131988525390625, 0.018787384033203125, 0.017475128173828125, 0.014739990234375, 0.009677886962890625, 0.017719268798828125, 0.018283843994140625, 0.017192840576171875, 0.023624420166015625, 0.017261505126953125, 0.01876068115234375, 0.01558685302734375, 0.014293670654296875, 0.0182342529296875, 0.021564483642578125, 0.01586151123046875, 0.013355255126953125, 0.016994476318359375, 0.01726531982421875, 0.022502899169921875, 0.018611907958984375, 0.01862335205078125, 0.01300048828125, 0.0153350830078125, 0.01361083984375, 0.01557159423828125], "selected_pred_class_dist": [[0.9868011474609375, 0.009616851806640625, 0.003582000732421875], [0.9812126159667969, 0.01357269287109375, 0.005214691162109375], [0.9825248718261719, 0.012035369873046875, 0.00543975830078125], [0.985260009765625, 0.011016845703125, 0.00372314453125], [0.9903221130371094, 0.005825042724609375, 0.00385284423828125], [0.9822807312011719, 0.0106201171875, 0.007099151611328125], [0.9817161560058594, 0.01161956787109375, 0.006664276123046875], [0.9828071594238281, 0.010608673095703125, 0.00658416748046875], [0.9763755798339844, 0.0151824951171875, 0.008441925048828125], [0.9827384948730469, 0.011219024658203125, 0.00604248046875], [0.9812393188476562, 0.0130615234375, 0.00569915771484375], [0.9844131469726562, 0.010295867919921875, 0.005290985107421875], [0.9857063293457031, 0.010379791259765625, 0.00391387939453125], [0.9817657470703125, 0.009593963623046875, 0.008640289306640625], [0.9784355163574219, 0.01345062255859375, 0.008113861083984375], [0.9841384887695312, 0.011417388916015625, 0.004444122314453125], [0.9866447448730469, 0.00852203369140625, 0.004833221435546875], [0.9830055236816406, 0.010288238525390625, 0.00670623779296875], [0.9827346801757812, 0.010936737060546875, 0.006328582763671875], [0.9774971008300781, 0.01425933837890625, 0.008243560791015625], [0.9813880920410156, 0.01247406005859375, 0.006137847900390625], [0.9813766479492188, 0.011470794677734375, 0.007152557373046875], [0.98699951171875, 0.009185791015625, 0.003814697265625], [0.9846649169921875, 0.010295867919921875, 0.005039215087890625], [0.98638916015625, 0.0087127685546875, 0.0048980712890625], [0.9844284057617188, 0.011096954345703125, 0.004474639892578125]], "candidate_count": 442, "candidate_scores_path": "/groups/echambe2/gmeng/MedAL-Agent/repo/code/runs/frozen_v5/candidate_scores/origa__P6__s3000__r5.json", "predictions_path": "", "initial_labeled_path": "/groups/echambe2/gmeng/MedAL-Agent/repo/code/runs/frozen_v5/init_sets/origa__s3000__n8.json", "initial_labeled_ids": [], "selection_diagnostics": {"selu_valid_intersected": true, "selu_target_frac": 0.0169049259275198, "selu_boundary_frac": 8.984388841781765e-05, "selu_score_target_mean": 0.018550721928477287, "selu_score_boundary_mean": 0.6253458261489868}, "training": {"num_iters": 1000, "batch_size": 12, "lr": 0.001, "image_size": 512, "aspect_preserve": true, "resolution_policy": "longside_pad32", "preproc_cache": {"pool": "hit", "val": "hit"}, "train_runtime_sec": 2573.421721935272, "query_runtime_sec": 16.97426128387451, "iters": 4900, "stop_iter": 4900, "mean_loss": 0.15532944421036815, "last_loss": 0.029682595282793045, "stop_reason": "plateau", "hit_max_iters": false, "final_smooth_loss": 0.030230918265879154, "best_smooth_loss": 0.03468871731311083, "diverged": false, "loss_curve": [[1000, 0.23175784051418305], [1100, 0.22522886723279953], [1200, 0.2156625609099865], [1300, 0.20161861151456834], [1400, 0.18108854606747626], [1500, 0.17471764579415322], [1600, 0.16924166932702064], [1700, 0.15031920902431012], [1800, 0.1463085624575615], [1900, 0.13983150765299798], [2000, 0.12364304266870021], [2100, 0.1091019370406866], [2200, 0.10579008616507053], [2300, 0.09615041799843312], [2400, 0.08872019186615944], [2500, 0.08597259633243085], [2600, 0.07855913911014795], [2700, 0.07337028201669454], [2800, 0.07061365149915218], [2900, 0.06699891030788421], [3000, 0.06037415057420731], [3100, 0.05455431751906872], [3200, 0.053730987273156644], [3300, 0.052324572950601576], [3400, 0.050388026423752307], [3500, 0.045822568461298945], [3600, 0.045734809041023256], [3700, 0.04533815134316683], [3800, 0.04204719178378582], [3900, 0.040636175200343135], [4000, 0.03899353761225939], [4100, 0.037538479771465065], [4200, 0.036790523193776604], [4300, 0.035727677159011366], [4400, 0.03468871731311083], [4500, 0.033551767095923425], [4600, 0.03276120806112885], [4700, 0.032903216145932675], [4800, 0.03046765172854066], [4900, 0.030230918265879154]]}, "ckpt_id": "origa__P6__s3000__r5", "ckpt_path": "", "ckpt_hash": "c9f549107bf042f97555d8c7bcf08aed336707d7abec6d20347548510a1a8bf5", "config_hash": "bf4ec5f898291681fce09c32cda12c6918044a048969b35e9673716b3b129d33", "feature_cache_keys": {}, "sam_model_type": "", "sam_checkpoint": "", "metrics": {"primary_metric": "mean_dsc_fg_case_macro", "metric_version": "v3_case_macro", "eval_scope": "case_full_volume", "mean_dsc_fg_case_macro": 0.7942196625336595, "mean_dsc_fg": 0.7942196625336595, "mean_dsc_fg_pooled_diagnostic": 0.7963982479007434, "dsc_per_class_pooled": [0.9989882014111361, 0.7918335657699883, 0.8009629300314985], "dsc_per_class": [0.9989882014111361, 0.7918335657699883, 0.8009629300314985], "n_cases": 65, "n_eval": 65, "structure_detection_rate": 1.0, "missed_structure_rate": 0.0}, "runtime_sec": {"train": 2573.421721935272, "eval": 1.4158515930175781, "select": 16.97426128387451}, "gpu_mem_mb": 9448.486912, "gpu_name": "Tesla V100-PCIE-32GB", "gpu_total_mem_mb": 34072.559616, "foundation": {}, "notes": ""}
{"schema_version": "v3", "run_id": "origa__P6__s3000", "round": 6, "dataset": "origa", "modality": "fundus", "target": "optic_nerve_head", "dim": "2d", "query_unit": "image", "seed": 3000, "round_seed": 3006, "component_seeds": {"model_init_seed": 3088472493, "loader_seed": 3480093225, "query_seed": 582398202, "dropout_seed": 4156676719}, "total_rounds": 7, "budget_denominator": {"full_train_N": 520, "requested_pool_cap": 5000, "actual_AL_pool_N": 520, "budget_plan": [8, 11, 21, 37, 52, 78, 104], "fraction_of_AL_pool": 0.2, "fraction_of_full_train": 0.2}, "policy_id": "P6", "policy_name": "SelectiveUncertaintyAL", "method_version": "1.0", "is_ablation": false, "policy_config": {}, "cumulative_budget": 104, "incremental_query_count": 0, "labeled_count": 104, "labeled_ratio": 0.2, "selected_ids": [], "selected_scores": [], "selected_pred_fg_ratio": [], "selected_pred_class_dist": [], "candidate_count": 0, "candidate_scores_path": "", "predictions_path": "/groups/echambe2/gmeng/MedAL-Agent/repo/code/runs/frozen_v5/predictions/origa__P6__s3000__r6.npz", "initial_labeled_path": "/groups/echambe2/gmeng/MedAL-Agent/repo/code/runs/frozen_v5/init_sets/origa__s3000__n8.json", "initial_labeled_ids": [], "selection_diagnostics": {}, "training": {"num_iters": 1000, "batch_size": 12, "lr": 0.001, "image_size": 512, "aspect_preserve": true, "resolution_policy": "longside_pad32", "preproc_cache": {"pool": "hit", "val": "hit"}, "train_runtime_sec": 2414.4845786094666, "query_runtime_sec": 0.0, "iters": 4600, "stop_iter": 4600, "mean_loss": 0.16978361350484192, "last_loss": 0.03911753371357918, "stop_reason": "plateau", "hit_max_iters": false, "final_smooth_loss": 0.038988249152898787, "best_smooth_loss": 0.04393306102603674, "diverged": false, "loss_curve": [[1000, 0.21672452509403228], [1100, 0.22456282675266265], [1200, 0.2177301475405693], [1300, 0.20218441158533096], [1400, 0.19417431801557541], [1500, 0.18506407752633094], [1600, 0.18230648711323738], [1700, 0.173366207331419], [1800, 0.15969743363559247], [1900, 0.1519711161404848], [2000, 0.15297109834849834], [2100, 0.13323924116790295], [2200, 0.13691969983279706], [2300, 0.12244228102266788], [2400, 0.11350347474217415], [2500, 0.10334454573690892], [2600, 0.09695110142230988], [2700, 0.08547015152871609], [2800, 0.08036631859838962], [2900, 0.07605815924704075], [3000, 0.07000237669795752], [3100, 0.06822317726910114], [3200, 0.062837232388556], [3300, 0.06248829606920481], [3400, 0.0558498477563262], [3500, 0.06050029013305903], [3600, 0.05354445148259401], [3700, 0.049793275110423564], [3800, 0.04762368869036436], [3900, 0.04497955914586783], [4000, 0.04504892949014902], [4100, 0.04393306102603674], [4200, 0.0435718946903944], [4300, 0.04090397708117962], [4400, 0.04009908270090819], [4500, 0.040367714520543815], [4600, 0.038988249152898787]]}, "ckpt_id": "origa__P6__s3000__r6", "ckpt_path": "", "ckpt_hash": "f8254ae9c3dd6fca591c0b333e3077ababf22d82a162a17678c1d60253b9fb33", "config_hash": "bf4ec5f898291681fce09c32cda12c6918044a048969b35e9673716b3b129d33", "feature_cache_keys": {}, "sam_model_type": "", "sam_checkpoint": "", "metrics": {"primary_metric": "mean_dsc_fg_case_macro", "metric_version": "v3_case_macro", "eval_scope": "case_full_volume", "mean_dsc_fg_case_macro": 0.7964165491444197, "mean_dsc_fg": 0.7964165491444197, "mean_dsc_fg_pooled_diagnostic": 0.7947194139225976, "dsc_per_class_pooled": [0.9988920506461297, 0.7936452513966481, 0.7957935764485471], "dsc_per_class": [0.9988920506461297, 0.7936452513966481, 0.7957935764485471], "n_cases": 65, "n_eval": 65, "structure_detection_rate": 1.0, "missed_structure_rate": 0.0}, "runtime_sec": {"train": 2414.4845786094666, "eval": 1.470064401626587, "select": 0.0}, "gpu_mem_mb": 9446.651904, "gpu_name": "Tesla V100-PCIE-32GB", "gpu_total_mem_mb": 34072.559616, "foundation": {}, "notes": ""}
