{"schema_version": "v3", "run_id": "origa__P5__s3000", "round": 0, "dataset": "origa", "modality": "fundus", "target": "optic_nerve_head", "dim": "2d", "query_unit": "image", "seed": 3000, "round_seed": 3000, "component_seeds": {"model_init_seed": 4268717614, "loader_seed": 3761024140, "query_seed": 1653928250, "dropout_seed": 3551934248}, "total_rounds": 7, "budget_denominator": {"full_train_N": 520, "requested_pool_cap": 5000, "actual_AL_pool_N": 520, "budget_plan": [8, 11, 21, 37, 52, 78, 104], "fraction_of_AL_pool": 0.2, "fraction_of_full_train": 0.2}, "policy_id": "P5", "policy_name": "EntropyCoreSet", "method_version": "1.0", "is_ablation": false, "policy_config": {}, "cumulative_budget": 8, "incremental_query_count": 3, "labeled_count": 8, "labeled_ratio": 0.015384615384615385, "selected_ids": ["494", "348", "633"], "selected_scores": [0.001229630783200264, 0.0007426313241012394, 0.0008805469842627645], "selected_pred_fg_ratio": [0.020313262939453125, 0.0206756591796875, 0.020660400390625], "selected_pred_class_dist": [[0.9796867370605469, 0.01174163818359375, 0.008571624755859375], [0.9793243408203125, 0.0136260986328125, 0.007049560546875], [0.979339599609375, 0.015392303466796875, 0.005268096923828125]], "candidate_count": 512, "candidate_scores_path": "/groups/echambe2/gmeng/MedAL-Agent/repo/code/runs/frozen_v5/candidate_scores/origa__P5__s3000__r0.json", "predictions_path": "", "initial_labeled_path": "/groups/echambe2/gmeng/MedAL-Agent/repo/code/runs/frozen_v5/init_sets/origa__s3000__n8.json", "initial_labeled_ids": ["104", "132", "318", "322", "342", "478", "515", "552"], "selection_diagnostics": {}, "training": {"num_iters": 1000, "batch_size": 12, "lr": 0.001, "image_size": 512, "aspect_preserve": true, "resolution_policy": "longside_pad32", "preproc_cache": {"pool": "hit", "val": "hit"}, "train_runtime_sec": 1068.2203748226166, "query_runtime_sec": 16.250680446624756, "iters": 2800, "stop_iter": 2800, "mean_loss": 0.12993528304621577, "last_loss": 0.016950633376836777, "stop_reason": "plateau", "hit_max_iters": false, "final_smooth_loss": 0.018084201738238336, "best_smooth_loss": 0.02002161357551813, "diverged": false, "loss_curve": [[1000, 0.03965573541820049], [1100, 0.03788378916680813], [1200, 0.03518330555409193], [1300, 0.03551701620221138], [1400, 0.03300409907475114], [1500, 0.02859612984582782], [1600, 0.03157402604818344], [1700, 0.02818808052688837], [1800, 0.026360917910933493], [1900, 0.02352674450725317], [2000, 0.02336350629106164], [2100, 0.02284255310893059], [2200, 0.022540223095566036], [2300, 0.02002161357551813], [2400, 0.02562976846471429], [2500, 0.02156417679041624], [2600, 0.019534616563469172], [2700, 0.01840637091547251], [2800, 0.018084201738238336]]}, "ckpt_id": "origa__P5__s3000__r0", "ckpt_path": "", "ckpt_hash": "4b7bb28761c766602720f2310b115f02afcdffc5b6cf749bd8227cd385c2fb03", "config_hash": "bf4ec5f898291681fce09c32cda12c6918044a048969b35e9673716b3b129d33", "feature_cache_keys": {"task_unet": "task_unet_bottleneck@4b7bb28761c7"}, "sam_model_type": "", "sam_checkpoint": "", "metrics": {"primary_metric": "mean_dsc_fg_case_macro", "metric_version": "v3_case_macro", "eval_scope": "case_full_volume", "mean_dsc_fg_case_macro": 0.6917775835912267, "mean_dsc_fg": 0.6917775835912267, "mean_dsc_fg_pooled_diagnostic": 0.6819929523242382, "dsc_per_class_pooled": [0.9980626277305584, 0.6934465800855741, 0.6705393245629022], "dsc_per_class": [0.9980626277305584, 0.6934465800855741, 0.6705393245629022], "n_cases": 65, "n_eval": 65, "structure_detection_rate": 1.0, "missed_structure_rate": 0.0}, "runtime_sec": {"train": 1068.2203748226166, "eval": 1.5003867149353027, "select": 16.250680446624756}, "gpu_mem_mb": 8107.887616, "gpu_name": "Tesla V100-PCIE-32GB", "gpu_total_mem_mb": 34072.559616, "foundation": {}, "notes": ""}
{"schema_version": "v3", "run_id": "origa__P5__s3000", "round": 1, "dataset": "origa", "modality": "fundus", "target": "optic_nerve_head", "dim": "2d", "query_unit": "image", "seed": 3000, "round_seed": 3001, "component_seeds": {"model_init_seed": 1368497401, "loader_seed": 724338150, "query_seed": 2939650167, "dropout_seed": 1283938365}, "total_rounds": 7, "budget_denominator": {"full_train_N": 520, "requested_pool_cap": 5000, "actual_AL_pool_N": 520, "budget_plan": [8, 11, 21, 37, 52, 78, 104], "fraction_of_AL_pool": 0.2, "fraction_of_full_train": 0.2}, "policy_id": "P5", "policy_name": "EntropyCoreSet", "method_version": "1.0", "is_ablation": false, "policy_config": {}, "cumulative_budget": 11, "incremental_query_count": 10, "labeled_count": 11, "labeled_ratio": 0.021153846153846155, "selected_ids": ["232", "616", "634", "283", "332", "400", "200", "504", "025", "225"], "selected_scores": [0.0013927747495472431, 0.0007105136173777282, 0.0013080385979264975, 0.0006734933704137802, 0.001092508900910616, 0.0006353873177431524, 0.0011290292022749782, 0.0007493736920878291, 0.0011766337556764483, 0.0007674898952245712], "selected_pred_fg_ratio": [0.0225982666015625, 0.017642974853515625, 0.023891448974609375, 0.021381378173828125, 0.019908905029296875, 0.0188140869140625, 0.021320343017578125, 0.013065338134765625, 0.021389007568359375, 0.01963043212890625], "selected_pred_class_dist": [[0.9774017333984375, 0.011920928955078125, 0.010677337646484375], [0.9823570251464844, 0.00925445556640625, 0.008388519287109375], [0.9761085510253906, 0.013416290283203125, 0.01047515869140625], [0.9786186218261719, 0.014797210693359375, 0.00658416748046875], [0.9800910949707031, 0.01126861572265625, 0.008640289306640625], [0.9811859130859375, 0.013614654541015625, 0.005199432373046875], [0.9786796569824219, 0.011829376220703125, 0.009490966796875], [0.9869346618652344, 0.009029388427734375, 0.00403594970703125], [0.9786109924316406, 0.013309478759765625, 0.00807952880859375], [0.9803695678710938, 0.012104034423828125, 0.007526397705078125]], "candidate_count": 509, "candidate_scores_path": "/groups/echambe2/gmeng/MedAL-Agent/repo/code/runs/frozen_v5/candidate_scores/origa__P5__s3000__r1.json", "predictions_path": "", "initial_labeled_path": "/groups/echambe2/gmeng/MedAL-Agent/repo/code/runs/frozen_v5/init_sets/origa__s3000__n8.json", "initial_labeled_ids": [], "selection_diagnostics": {}, "training": {"num_iters": 1000, "batch_size": 12, "lr": 0.001, "image_size": 512, "aspect_preserve": true, "resolution_policy": "longside_pad32", "preproc_cache": {"pool": "hit", "val": "hit"}, "train_runtime_sec": 1370.4740281105042, "query_runtime_sec": 16.945221662521362, "iters": 2800, "stop_iter": 2800, "mean_loss": 0.11391494894134147, "last_loss": 0.03004262037575245, "stop_reason": "plateau", "hit_max_iters": false, "final_smooth_loss": 0.026371689457446338, "best_smooth_loss": 0.030118483752012253, "diverged": false, "loss_curve": [[1000, 0.0619891893863678], [1100, 0.053181040436029434], [1200, 0.04795344870537519], [1300, 0.04651413682848215], [1400, 0.04237977135926485], [1500, 0.04045469019562006], [1600, 0.038194211293011905], [1700, 0.04045607592910528], [1800, 0.03750626629218459], [1900, 0.03670707849785686], [2000, 0.03533342331647873], [2100, 0.03448314178735018], [2200, 0.03350860517472029], [2300, 0.030118483752012253], [2400, 0.031896742191165686], [2500, 0.03004505768418312], [2600, 0.027976897675544024], [2700, 0.02693946149200201], [2800, 0.026371689457446338]]}, "ckpt_id": "origa__P5__s3000__r1", "ckpt_path": "", "ckpt_hash": "3959d0c86884d4f1ce81b83a47c7f06285274a1568525e299712dd53fd68b4dc", "config_hash": "bf4ec5f898291681fce09c32cda12c6918044a048969b35e9673716b3b129d33", "feature_cache_keys": {"task_unet": "task_unet_bottleneck@3959d0c86884"}, "sam_model_type": "", "sam_checkpoint": "", "metrics": {"primary_metric": "mean_dsc_fg_case_macro", "metric_version": "v3_case_macro", "eval_scope": "case_full_volume", "mean_dsc_fg_case_macro": 0.7107200288178973, "mean_dsc_fg": 0.7107200288178973, "mean_dsc_fg_pooled_diagnostic": 0.7015350674473793, "dsc_per_class_pooled": [0.9982701574497028, 0.7218696325496269, 0.6812005023451316], "dsc_per_class": [0.9982701574497028, 0.7218696325496269, 0.6812005023451316], "n_cases": 65, "n_eval": 65, "structure_detection_rate": 1.0, "missed_structure_rate": 0.0}, "runtime_sec": {"train": 1370.4740281105042, "eval": 1.4223816394805908, "select": 16.945221662521362}, "gpu_mem_mb": 8663.578624, "gpu_name": "Tesla V100-PCIE-32GB", "gpu_total_mem_mb": 34072.559616, "foundation": {}, "notes": ""}
{"schema_version": "v3", "run_id": "origa__P5__s3000", "round": 2, "dataset": "origa", "modality": "fundus", "target": "optic_nerve_head", "dim": "2d", "query_unit": "image", "seed": 3000, "round_seed": 3002, "component_seeds": {"model_init_seed": 3745551808, "loader_seed": 2465835433, "query_seed": 2701088630, "dropout_seed": 1393056386}, "total_rounds": 7, "budget_denominator": {"full_train_N": 520, "requested_pool_cap": 5000, "actual_AL_pool_N": 520, "budget_plan": [8, 11, 21, 37, 52, 78, 104], "fraction_of_AL_pool": 0.2, "fraction_of_full_train": 0.2}, "policy_id": "P5", "policy_name": "EntropyCoreSet", "method_version": "1.0", "is_ablation": false, "policy_config": {}, "cumulative_budget": 21, "incremental_query_count": 16, "labeled_count": 21, "labeled_ratio": 0.04038461538461539, "selected_ids": ["589", "165", "218", "462", "510", "352", "547", "410", "419", "166", "642", "463", "241", "404", "521", "485"], "selected_scores": [0.0006575797451660037, 0.002063391264528036, 0.0014357384061440825, 0.001150781405158341, 0.002008287701755762, 0.0006480693118646741, 0.0008069939794950187, 0.0007820890750735998, 0.003023977857083082, 0.0009513045661151409, 0.0008119670092128217, 0.0008872375474311411, 0.0009469580254517496, 0.0010319097200408578, 0.0006733032641932368, 0.001786024309694767], "selected_pred_fg_ratio": [0.013973236083984375, 0.015308380126953125, 0.012004852294921875, 0.013454437255859375, 0.0184783935546875, 0.011585235595703125, 0.013370513916015625, 0.019001007080078125, 0.019886016845703125, 0.014240264892578125, 0.0228729248046875, 0.015613555908203125, 0.018321990966796875, 0.015850067138671875, 0.020336151123046875, 0.020587921142578125], "selected_pred_class_dist": [[0.9860267639160156, 0.0103759765625, 0.003597259521484375], [0.9846916198730469, 0.0086822509765625, 0.006626129150390625], [0.9879951477050781, 0.007915496826171875, 0.00408935546875], [0.9865455627441406, 0.0106658935546875, 0.002788543701171875], [0.9815216064453125, 0.011356353759765625, 0.007122039794921875], [0.9884147644042969, 0.00780487060546875, 0.003780364990234375], [0.9866294860839844, 0.007953643798828125, 0.0054168701171875], [0.9809989929199219, 0.011493682861328125, 0.00750732421875], [0.9801139831542969, 0.013973236083984375, 0.00591278076171875], [0.9857597351074219, 0.010234832763671875, 0.00400543212890625], [0.9771270751953125, 0.015811920166015625, 0.007061004638671875], [0.9843864440917969, 0.0103759765625, 0.005237579345703125], [0.9816780090332031, 0.01345062255859375, 0.004871368408203125], [0.9841499328613281, 0.010776519775390625, 0.00507354736328125], [0.9796638488769531, 0.014461517333984375, 0.0058746337890625], [0.9794120788574219, 0.016384124755859375, 0.00420379638671875]], "candidate_count": 499, "candidate_scores_path": "/groups/echambe2/gmeng/MedAL-Agent/repo/code/runs/frozen_v5/candidate_scores/origa__P5__s3000__r2.json", "predictions_path": "", "initial_labeled_path": "/groups/echambe2/gmeng/MedAL-Agent/repo/code/runs/frozen_v5/init_sets/origa__s3000__n8.json", "initial_labeled_ids": [], "selection_diagnostics": {}, "training": {"num_iters": 1000, "batch_size": 12, "lr": 0.001, "image_size": 512, "aspect_preserve": true, "resolution_policy": "longside_pad32", "preproc_cache": {"pool": "hit", "val": "hit"}, "train_runtime_sec": 1259.3751103878021, "query_runtime_sec": 16.125688076019287, "iters": 2400, "stop_iter": 2400, "mean_loss": 0.15637366759241558, "last_loss": 0.0153255769982934, "stop_reason": "plateau", "hit_max_iters": false, "final_smooth_loss": 0.018150094775483013, "best_smooth_loss": 0.021833743918687105, "diverged": false, "loss_curve": [[1000, 0.051376845538616184], [1100, 0.04499473135918379], [1200, 0.041641796752810475], [1300, 0.03467756459489465], [1400, 0.03088687937706709], [1500, 0.028716342225670814], [1600, 0.02712910246104002], [1700, 0.025846311282366516], [1800, 0.0252410583011806], [1900, 0.021833743918687105], [2000, 0.021128094233572484], [2100, 0.020905385110527277], [2200, 0.018982267864048483], [2300, 0.018209544774144888], [2400, 0.018150094775483013]]}, "ckpt_id": "origa__P5__s3000__r2", "ckpt_path": "", "ckpt_hash": "3ac8db0f2a9c6f10a1fbf4a1d5769b0d48ad51c6952dd325749021073cec7d25", "config_hash": "bf4ec5f898291681fce09c32cda12c6918044a048969b35e9673716b3b129d33", "feature_cache_keys": {"task_unet": "task_unet_bottleneck@3ac8db0f2a9c"}, "sam_model_type": "", "sam_checkpoint": "", "metrics": {"primary_metric": "mean_dsc_fg_case_macro", "metric_version": "v3_case_macro", "eval_scope": "case_full_volume", "mean_dsc_fg_case_macro": 0.7314313222632906, "mean_dsc_fg": 0.7314313222632906, "mean_dsc_fg_pooled_diagnostic": 0.7268800044613682, "dsc_per_class_pooled": [0.9985850715654684, 0.7486274433725123, 0.7051325655502242], "dsc_per_class": [0.9985850715654684, 0.7486274433725123, 0.7051325655502242], "n_cases": 65, "n_eval": 65, "structure_detection_rate": 1.0, "missed_structure_rate": 0.0}, "runtime_sec": {"train": 1259.3751103878021, "eval": 1.4063196182250977, "select": 16.125688076019287}, "gpu_mem_mb": 9445.128192, "gpu_name": "Tesla V100-PCIE-32GB", "gpu_total_mem_mb": 34072.559616, "foundation": {}, "notes": ""}
{"schema_version": "v3", "run_id": "origa__P5__s3000", "round": 3, "dataset": "origa", "modality": "fundus", "target": "optic_nerve_head", "dim": "2d", "query_unit": "image", "seed": 3000, "round_seed": 3003, "component_seeds": {"model_init_seed": 3579842532, "loader_seed": 3462212509, "query_seed": 3091667733, "dropout_seed": 1977868587}, "total_rounds": 7, "budget_denominator": {"full_train_N": 520, "requested_pool_cap": 5000, "actual_AL_pool_N": 520, "budget_plan": [8, 11, 21, 37, 52, 78, 104], "fraction_of_AL_pool": 0.2, "fraction_of_full_train": 0.2}, "policy_id": "P5", "policy_name": "EntropyCoreSet", "method_version": "1.0", "is_ablation": false, "policy_config": {}, "cumulative_budget": 37, "incremental_query_count": 15, "labeled_count": 37, "labeled_ratio": 0.07115384615384615, "selected_ids": ["432", "143", "623", "229", "181", "393", "306", "021", "650", "580", "233", "180", "022", "240", "525"], "selected_scores": [0.0005121268332004547, 0.0005402917158789933, 0.0005858346121385694, 0.0005062443669885397, 0.0005722111091017723, 0.0005261764745227993, 0.0005264569772407413, 0.0005046442965976894, 0.0005266356165520847, 0.0005447702715173364, 0.0005894335336051881, 0.0005698284949176013, 0.0005024634883739054, 0.0005453985068015754, 0.0005725186783820391], "selected_pred_fg_ratio": [0.017940521240234375, 0.021930694580078125, 0.019687652587890625, 0.021099090576171875, 0.01995086669921875, 0.017215728759765625, 0.01845550537109375, 0.018978118896484375, 0.018932342529296875, 0.019756317138671875, 0.01712799072265625, 0.01970672607421875, 0.018688201904296875, 0.0200958251953125, 0.022624969482421875], "selected_pred_class_dist": [[0.9820594787597656, 0.012706756591796875, 0.0052337646484375], [0.9780693054199219, 0.013408660888671875, 0.00852203369140625], [0.9803123474121094, 0.012050628662109375, 0.00763702392578125], [0.9789009094238281, 0.012981414794921875, 0.00811767578125], [0.9800491333007812, 0.011867523193359375, 0.008083343505859375], [0.9827842712402344, 0.010936737060546875, 0.00627899169921875], [0.9815444946289062, 0.0120849609375, 0.00637054443359375], [0.9810218811035156, 0.012516021728515625, 0.00646209716796875], [0.9810676574707031, 0.0133514404296875, 0.005580902099609375], [0.9802436828613281, 0.014087677001953125, 0.00566864013671875], [0.9828720092773438, 0.011199951171875, 0.00592803955078125], [0.9802932739257812, 0.012500762939453125, 0.007205963134765625], [0.9813117980957031, 0.0128021240234375, 0.005886077880859375], [0.9799041748046875, 0.0126495361328125, 0.0074462890625], [0.9773750305175781, 0.0159759521484375, 0.006649017333984375]], "candidate_count": 483, "candidate_scores_path": "/groups/echambe2/gmeng/MedAL-Agent/repo/code/runs/frozen_v5/candidate_scores/origa__P5__s3000__r3.json", "predictions_path": "", "initial_labeled_path": "/groups/echambe2/gmeng/MedAL-Agent/repo/code/runs/frozen_v5/init_sets/origa__s3000__n8.json", "initial_labeled_ids": [], "selection_diagnostics": {}, "training": {"num_iters": 1000, "batch_size": 12, "lr": 0.001, "image_size": 512, "aspect_preserve": true, "resolution_policy": "longside_pad32", "preproc_cache": {"pool": "hit", "val": "hit"}, "train_runtime_sec": 1522.6199066638947, "query_runtime_sec": 15.95961618423462, "iters": 2900, "stop_iter": 2900, "mean_loss": 0.15744596630784458, "last_loss": 0.02966390550136566, "stop_reason": "plateau", "hit_max_iters": false, "final_smooth_loss": 0.02587841060012579, "best_smooth_loss": 0.02961490921676159, "diverged": false, "loss_curve": [[1000, 0.09290450140833854], [1100, 0.07499667786061764], [1200, 0.06526568450033665], [1300, 0.05630623504519463], [1400, 0.051339372768998144], [1500, 0.048029644675552846], [1600, 0.04289163343608379], [1700, 0.040876072645187375], [1800, 0.04058347150683403], [1900, 0.03648527804762125], [2000, 0.036229328475892546], [2100, 0.036175671368837356], [2200, 0.03161014750599861], [2300, 0.03193369729444385], [2400, 0.02961490921676159], [2500, 0.02974487015977502], [2600, 0.02802955485880375], [2700, 0.028728392049670218], [2800, 0.02542612260207534], [2900, 0.02587841060012579]]}, "ckpt_id": "origa__P5__s3000__r3", "ckpt_path": "", "ckpt_hash": "4deb86578aa3e4e85698accfabfa5b855b5e89e6df8e57333b794721fc554f50", "config_hash": "bf4ec5f898291681fce09c32cda12c6918044a048969b35e9673716b3b129d33", "feature_cache_keys": {"task_unet": "task_unet_bottleneck@4deb86578aa3"}, "sam_model_type": "", "sam_checkpoint": "", "metrics": {"primary_metric": "mean_dsc_fg_case_macro", "metric_version": "v3_case_macro", "eval_scope": "case_full_volume", "mean_dsc_fg_case_macro": 0.7643166188563625, "mean_dsc_fg": 0.7643166188563625, "mean_dsc_fg_pooled_diagnostic": 0.7622667316607687, "dsc_per_class_pooled": [0.9988483502723529, 0.7713264619050085, 0.7532070014165289], "dsc_per_class": [0.9988483502723529, 0.7713264619050085, 0.7532070014165289], "n_cases": 65, "n_eval": 65, "structure_detection_rate": 1.0, "missed_structure_rate": 0.0}, "runtime_sec": {"train": 1522.6199066638947, "eval": 1.4631412029266357, "select": 15.95961618423462}, "gpu_mem_mb": 9446.438912, "gpu_name": "Tesla V100-PCIE-32GB", "gpu_total_mem_mb": 34072.559616, "foundation": {}, "notes": ""}
{"schema_version": "v3", "run_id": "origa__P5__s3000", "round": 4, "dataset": "origa", "modality": "fundus", "target": "optic_nerve_head", "dim": "2d", "query_unit": "image", "seed": 3000, "round_seed": 3004, "component_seeds": {"model_init_seed": 1298922563, "loader_seed": 4234259380, "query_seed": 3641520638, "dropout_seed": 3440374736}, "total_rounds": 7, "budget_denominator": {"full_train_N": 520, "requested_pool_cap": 5000, "actual_AL_pool_N": 520, "budget_plan": [8, 11, 21, 37, 52, 78, 104], "fraction_of_AL_pool": 0.2, "fraction_of_full_train": 0.2}, "policy_id": "P5", "policy_name": "EntropyCoreSet", "method_version": "1.0", "is_ablation": false, "policy_config": {}, "cumulative_budget": 52, "incremental_query_count": 26, "labeled_count": 52, "labeled_ratio": 0.1, "selected_ids": ["182", "098", "433", "587", "065", "375", "228", "487", "596", "366", "177", "624", "239", "500", "443", "157", "071", "522", "607", "498", "345", "100", "167", "518", "362", "643"], "selected_scores": [0.0005128293996676803, 0.0004473293956834823, 0.0005097314715385437, 0.00046334697981365025, 0.0004450525448191911, 0.0004948155838064849, 0.00046714546624571085, 0.0005007046856917441, 0.0004468951665330678, 0.0005047550075687468, 0.0005446674185805023, 0.0004908735863864422, 0.0005073575885035098, 0.0005251060938462615, 0.000602040730882436, 0.0004580621898639947, 0.0006278926739469171, 0.000446242222096771, 0.0005288581596687436, 0.000445194193162024, 0.00046105950605124235, 0.000459254632005468, 0.0004928092239424586, 0.000512347265612334, 0.00044496814371086657, 0.0004789479135069996], "selected_pred_fg_ratio": [0.01666259765625, 0.017642974853515625, 0.01943206787109375, 0.01848602294921875, 0.017108917236328125, 0.023365020751953125, 0.022228240966796875, 0.01995849609375, 0.018154144287109375, 0.02313232421875, 0.021778106689453125, 0.021518707275390625, 0.023406982421875, 0.01811981201171875, 0.01720428466796875, 0.01610565185546875, 0.01609039306640625, 0.017330169677734375, 0.01647186279296875, 0.019908905029296875, 0.016452789306640625, 0.019229888916015625, 0.02240753173828125, 0.0192718505859375, 0.019496917724609375, 0.021259307861328125], "selected_pred_class_dist": [[0.98333740234375, 0.010433197021484375, 0.006229400634765625], [0.9823570251464844, 0.0123138427734375, 0.005329132080078125], [0.9805679321289062, 0.0123748779296875, 0.00705718994140625], [0.9815139770507812, 0.011325836181640625, 0.007160186767578125], [0.9828910827636719, 0.01274871826171875, 0.004360198974609375], [0.9766349792480469, 0.01212310791015625, 0.011241912841796875], [0.9777717590332031, 0.01422119140625, 0.008007049560546875], [0.98004150390625, 0.011203765869140625, 0.008754730224609375], [0.9818458557128906, 0.0124359130859375, 0.005718231201171875], [0.97686767578125, 0.012908935546875, 0.010223388671875], [0.9782218933105469, 0.013187408447265625, 0.0085906982421875], [0.9784812927246094, 0.01177978515625, 0.009738922119140625], [0.976593017578125, 0.01324462890625, 0.010162353515625], [0.9818801879882812, 0.01165008544921875, 0.0064697265625], [0.9827957153320312, 0.0085906982421875, 0.00861358642578125], [0.9838943481445312, 0.011077880859375, 0.00502777099609375], [0.9839096069335938, 0.011508941650390625, 0.004581451416015625], [0.9826698303222656, 0.01055145263671875, 0.006778717041015625], [0.9835281372070312, 0.009311676025390625, 0.007160186767578125], [0.9800910949707031, 0.0135345458984375, 0.006374359130859375], [0.9835472106933594, 0.0104522705078125, 0.006000518798828125], [0.9807701110839844, 0.011638641357421875, 0.00759124755859375], [0.9775924682617188, 0.014385223388671875, 0.008022308349609375], [0.9807281494140625, 0.0116424560546875, 0.00762939453125], [0.9805030822753906, 0.012538909912109375, 0.0069580078125], [0.9787406921386719, 0.01297760009765625, 0.008281707763671875]], "candidate_count": 468, "candidate_scores_path": "/groups/echambe2/gmeng/MedAL-Agent/repo/code/runs/frozen_v5/candidate_scores/origa__P5__s3000__r4.json", "predictions_path": "", "initial_labeled_path": "/groups/echambe2/gmeng/MedAL-Agent/repo/code/runs/frozen_v5/init_sets/origa__s3000__n8.json", "initial_labeled_ids": [], "selection_diagnostics": {}, "training": {"num_iters": 1000, "batch_size": 12, "lr": 0.001, "image_size": 512, "aspect_preserve": true, "resolution_policy": "longside_pad32", "preproc_cache": {"pool": "hit", "val": "hit"}, "train_runtime_sec": 1938.9345364570618, "query_runtime_sec": 16.23330307006836, "iters": 3700, "stop_iter": 3700, "mean_loss": 0.15976024873856756, "last_loss": 0.027203023433685303, "stop_reason": "plateau", "hit_max_iters": false, "final_smooth_loss": 0.0271838953346014, "best_smooth_loss": 0.030990733448415995, "diverged": false, "loss_curve": [[1000, 0.2098563042283058], [1100, 0.1891705434024334], [1200, 0.16828447803854943], [1300, 0.1522524181008339], [1400, 0.13651874884963036], [1500, 0.12130918428301811], [1600, 0.10553478591144085], [1700, 0.09710798174142837], [1800, 0.08174235180020333], [1900, 0.07071520578116179], [2000, 0.06384476836770774], [2100, 0.056001779958605766], [2200, 0.05335658531636], [2300, 0.04944864321500063], [2400, 0.046901152022182944], [2500, 0.04520236641168594], [2600, 0.04300497110933065], [2700, 0.03902656432241201], [2800, 0.03681226821616292], [2900, 0.03518114889040589], [3000, 0.0328677187114954], [3100, 0.03274275990203023], [3200, 0.030990733448415995], [3300, 0.029042476192116737], [3400, 0.028514065612107516], [3500, 0.028161585200577974], [3600, 0.02639729093760252], [3700, 0.0271838953346014]]}, "ckpt_id": "origa__P5__s3000__r4", "ckpt_path": "", "ckpt_hash": "92594d4630c679ba04ac8657717002708a0cb2bcf2b50cd0c356e0afda7bda57", "config_hash": "bf4ec5f898291681fce09c32cda12c6918044a048969b35e9673716b3b129d33", "feature_cache_keys": {"task_unet": "task_unet_bottleneck@92594d4630c6"}, "sam_model_type": "", "sam_checkpoint": "", "metrics": {"primary_metric": "mean_dsc_fg_case_macro", "metric_version": "v3_case_macro", "eval_scope": "case_full_volume", "mean_dsc_fg_case_macro": 0.794099853550167, "mean_dsc_fg": 0.794099853550167, "mean_dsc_fg_pooled_diagnostic": 0.797636766049292, "dsc_per_class_pooled": [0.9989803669783992, 0.799442654358617, 0.795830877739967], "dsc_per_class": [0.9989803669783992, 0.799442654358617, 0.795830877739967], "n_cases": 65, "n_eval": 65, "structure_detection_rate": 1.0, "missed_structure_rate": 0.0}, "runtime_sec": {"train": 1938.9345364570618, "eval": 1.4107234477996826, "select": 16.23330307006836}, "gpu_mem_mb": 9445.65248, "gpu_name": "Tesla V100-PCIE-32GB", "gpu_total_mem_mb": 34072.559616, "foundation": {}, "notes": ""}
{"schema_version": "v3", "run_id": "origa__P5__s3000", "round": 5, "dataset": "origa", "modality": "fundus", "target": "optic_nerve_head", "dim": "2d", "query_unit": "image", "seed": 3000, "round_seed": 3005, "component_seeds": {"model_init_seed": 553458980, "loader_seed": 435351753, "query_seed": 2500301191, "dropout_seed": 2225428026}, "total_rounds": 7, "budget_denominator": {"full_train_N": 520, "requested_pool_cap": 5000, "actual_AL_pool_N": 520, "budget_plan": [8, 11, 21, 37, 52, 78, 104], "fraction_of_AL_pool": 0.2, "fraction_of_full_train": 0.2}, "policy_id": "P5", "policy_name": "EntropyCoreSet", "method_version": "1.0", "is_ablation": false, "policy_config": {}, "cumulative_budget": 78, "incremental_query_count": 26, "labeled_count": 78, "labeled_ratio": 0.15, "selected_ids": ["534", "637", "066", "630", "327", "147", "524", "544", "388", "526", "519", "625", "604", "220", "175", "631", "102", "069", "556", "632", "031", "554", "197", "130", "002", "591"], "selected_scores": [0.0004591742472257465, 0.00043133972212672234, 0.00043959927279502153, 0.00041586594306863844, 0.0005294634611345828, 0.00042225143988616765, 0.00041469623101875186, 0.0005677787121385336, 0.0005349640850909054, 0.00043520276085473597, 0.00041058773058466613, 0.00044227007310837507, 0.0004255672392901033, 0.0004222928255330771, 0.0004667278553824872, 0.000431984371971339, 0.0004249998019076884, 0.0004969455185346305, 0.00042034281068481505, 0.00041369846439920366, 0.0006124880164861679, 0.00044478921336121857, 0.00048041457193903625, 0.0004164602723903954, 0.00041042460361495614, 0.0004269876517355442], "selected_pred_fg_ratio": [0.017879486083984375, 0.017635345458984375, 0.020877838134765625, 0.01751708984375, 0.012790679931640625, 0.018932342529296875, 0.017772674560546875, 0.0168609619140625, 0.021205902099609375, 0.017208099365234375, 0.01746368408203125, 0.0215911865234375, 0.018154144287109375, 0.016185760498046875, 0.019168853759765625, 0.01921844482421875, 0.019840240478515625, 0.02426910400390625, 0.02039337158203125, 0.01786041259765625, 0.01848602294921875, 0.0133819580078125, 0.02108001708984375, 0.018032073974609375, 0.019397735595703125, 0.020782470703125], "selected_pred_class_dist": [[0.9821205139160156, 0.01119232177734375, 0.006687164306640625], [0.9823646545410156, 0.00981903076171875, 0.007816314697265625], [0.9791221618652344, 0.0114593505859375, 0.009418487548828125], [0.98248291015625, 0.00879669189453125, 0.00872039794921875], [0.9872093200683594, 0.005619049072265625, 0.007171630859375], [0.9810676574707031, 0.011871337890625, 0.007061004638671875], [0.9822273254394531, 0.012004852294921875, 0.005767822265625], [0.9831390380859375, 0.009906768798828125, 0.006954193115234375], [0.9787940979003906, 0.011539459228515625, 0.00966644287109375], [0.9827919006347656, 0.01125335693359375, 0.005954742431640625], [0.9825363159179688, 0.01102447509765625, 0.006439208984375], [0.9784088134765625, 0.012115478515625, 0.0094757080078125], [0.9818458557128906, 0.01116943359375, 0.006984710693359375], [0.9838142395019531, 0.010951995849609375, 0.0052337646484375], [0.9808311462402344, 0.012210845947265625, 0.0069580078125], [0.9807815551757812, 0.01244354248046875, 0.00677490234375], [0.9801597595214844, 0.01202392578125, 0.007816314697265625], [0.9757308959960938, 0.014949798583984375, 0.009319305419921875], [0.9796066284179688, 0.0126953125, 0.00769805908203125], [0.9821395874023438, 0.0111236572265625, 0.00673675537109375], [0.9815139770507812, 0.010540008544921875, 0.007946014404296875], [0.9866180419921875, 0.007968902587890625, 0.005413055419921875], [0.9789199829101562, 0.012691497802734375, 0.008388519287109375], [0.9819679260253906, 0.011962890625, 0.006069183349609375], [0.9806022644042969, 0.011257171630859375, 0.00814056396484375], [0.979217529296875, 0.011066436767578125, 0.009716033935546875]], "candidate_count": 442, "candidate_scores_path": "/groups/echambe2/gmeng/MedAL-Agent/repo/code/runs/frozen_v5/candidate_scores/origa__P5__s3000__r5.json", "predictions_path": "", "initial_labeled_path": "/groups/echambe2/gmeng/MedAL-Agent/repo/code/runs/frozen_v5/init_sets/origa__s3000__n8.json", "initial_labeled_ids": [], "selection_diagnostics": {}, "training": {"num_iters": 1000, "batch_size": 12, "lr": 0.001, "image_size": 512, "aspect_preserve": true, "resolution_policy": "longside_pad32", "preproc_cache": {"pool": "hit", "val": "hit"}, "train_runtime_sec": 2205.738201856613, "query_runtime_sec": 15.356311082839966, "iters": 4200, "stop_iter": 4200, "mean_loss": 0.14488393690969262, "last_loss": 0.021777648478746414, "stop_reason": "plateau", "hit_max_iters": false, "final_smooth_loss": 0.02401473479345441, "best_smooth_loss": 0.027894939370453356, "diverged": false, "loss_curve": [[1000, 0.20137541219592095], [1100, 0.18764731004834176], [1200, 0.1674906811118126], [1300, 0.17230721190571785], [1400, 0.13984219640493392], [1500, 0.12704795509576797], [1600, 0.11712914071977139], [1700, 0.10670529745519161], [1800, 0.09078726842999459], [1900, 0.07782390333712101], [2000, 0.07143906649202109], [2100, 0.06543042473495006], [2200, 0.06318059433251619], [2300, 0.053636597730219365], [2400, 0.049682781919837], [2500, 0.04482292402535677], [2600, 0.044506698586046695], [2700, 0.043666686601936816], [2800, 0.03882531002163887], [2900, 0.03660522863268852], [3000, 0.03737295852974057], [3100, 0.03453956596553326], [3200, 0.03375954139977694], [3300, 0.031095636654645206], [3400, 0.031068495735526086], [3500, 0.03130677320063114], [3600, 0.029219025168567895], [3700, 0.027894939370453356], [3800, 0.02646381614729762], [3900, 0.025507902055978776], [4000, 0.025898948889225722], [4100, 0.02556467454880476], [4200, 0.02401473479345441]]}, "ckpt_id": "origa__P5__s3000__r5", "ckpt_path": "", "ckpt_hash": "e86cad13b06f6480919f2c0f0246ae8f11201624ed049e62866bb6346da87018", "config_hash": "bf4ec5f898291681fce09c32cda12c6918044a048969b35e9673716b3b129d33", "feature_cache_keys": {"task_unet": "task_unet_bottleneck@e86cad13b06f"}, "sam_model_type": "", "sam_checkpoint": "", "metrics": {"primary_metric": "mean_dsc_fg_case_macro", "metric_version": "v3_case_macro", "eval_scope": "case_full_volume", "mean_dsc_fg_case_macro": 0.8094703040051482, "mean_dsc_fg": 0.8094703040051482, "mean_dsc_fg_pooled_diagnostic": 0.8164145907194756, "dsc_per_class_pooled": [0.9989026805613933, 0.8067119380928548, 0.8261172433460965], "dsc_per_class": [0.9989026805613933, 0.8067119380928548, 0.8261172433460965], "n_cases": 65, "n_eval": 65, "structure_detection_rate": 1.0, "missed_structure_rate": 0.0}, "runtime_sec": {"train": 2205.738201856613, "eval": 1.4131746292114258, "select": 15.356311082839966}, "gpu_mem_mb": 9448.486912, "gpu_name": "Tesla V100-PCIE-32GB", "gpu_total_mem_mb": 34072.559616, "foundation": {}, "notes": ""}
{"schema_version": "v3", "run_id": "origa__P5__s3000", "round": 6, "dataset": "origa", "modality": "fundus", "target": "optic_nerve_head", "dim": "2d", "query_unit": "image", "seed": 3000, "round_seed": 3006, "component_seeds": {"model_init_seed": 3088472493, "loader_seed": 3480093225, "query_seed": 582398202, "dropout_seed": 4156676719}, "total_rounds": 7, "budget_denominator": {"full_train_N": 520, "requested_pool_cap": 5000, "actual_AL_pool_N": 520, "budget_plan": [8, 11, 21, 37, 52, 78, 104], "fraction_of_AL_pool": 0.2, "fraction_of_full_train": 0.2}, "policy_id": "P5", "policy_name": "EntropyCoreSet", "method_version": "1.0", "is_ablation": false, "policy_config": {}, "cumulative_budget": 104, "incremental_query_count": 0, "labeled_count": 104, "labeled_ratio": 0.2, "selected_ids": [], "selected_scores": [], "selected_pred_fg_ratio": [], "selected_pred_class_dist": [], "candidate_count": 0, "candidate_scores_path": "", "predictions_path": "/groups/echambe2/gmeng/MedAL-Agent/repo/code/runs/frozen_v5/predictions/origa__P5__s3000__r6.npz", "initial_labeled_path": "/groups/echambe2/gmeng/MedAL-Agent/repo/code/runs/frozen_v5/init_sets/origa__s3000__n8.json", "initial_labeled_ids": [], "selection_diagnostics": {}, "training": {"num_iters": 1000, "batch_size": 12, "lr": 0.001, "image_size": 512, "aspect_preserve": true, "resolution_policy": "longside_pad32", "preproc_cache": {"pool": "hit", "val": "hit"}, "train_runtime_sec": 2623.3275158405304, "query_runtime_sec": 0.0, "iters": 5000, "stop_iter": 5000, "mean_loss": 0.17820789446011184, "last_loss": 0.0508916974067688, "stop_reason": "plateau_max", "hit_max_iters": true, "final_smooth_loss": 0.046128817163407804, "best_smooth_loss": 0.046128817163407804, "diverged": false, "loss_curve": [[1000, 0.257689518481493], [1100, 0.2329794591665268], [1200, 0.23374326050281524], [1300, 0.22009588554501533], [1400, 0.22690276861190795], [1500, 0.21060438349843025], [1600, 0.21446608871221542], [1700, 0.19639500737190246], [1800, 0.1902075681090355], [1900, 0.17924846544861794], [2000, 0.17762351974844934], [2100, 0.16769959777593613], [2200, 0.17665931433439255], [2300, 0.1586662185192108], [2400, 0.1451987213641405], [2500, 0.1416108064353466], [2600, 0.1293920498341322], [2700, 0.11917827725410461], [2800, 0.12406149864196778], [2900, 0.11104990482330322], [3000, 0.10196564130485058], [3100, 0.09810805328190327], [3200, 0.09255552463233471], [3300, 0.08971678130328656], [3400, 0.0861951892822981], [3500, 0.07936250030994416], [3600, 0.07769680134952069], [3700, 0.07911176018416882], [3800, 0.06930584877729416], [3900, 0.06602770265191793], [4000, 0.06376059502363204], [4100, 0.06118716534227133], [4200, 0.05703065533190966], [4300, 0.058154143169522284], [4400, 0.055588690638542174], [4500, 0.05390821363776922], [4600, 0.05150188371539116], [4700, 0.05120632994920015], [4800, 0.05145897146314383], [4900, 0.0495257942378521], [5000, 0.046128817163407804]]}, "ckpt_id": "origa__P5__s3000__r6", "ckpt_path": "", "ckpt_hash": "5374b4b1608964331a5f4a1cc72dec2225a0fb41a0a8c0e31b73c4aa5b1b95e2", "config_hash": "bf4ec5f898291681fce09c32cda12c6918044a048969b35e9673716b3b129d33", "feature_cache_keys": {}, "sam_model_type": "", "sam_checkpoint": "", "metrics": {"primary_metric": "mean_dsc_fg_case_macro", "metric_version": "v3_case_macro", "eval_scope": "case_full_volume", "mean_dsc_fg_case_macro": 0.793097926761116, "mean_dsc_fg": 0.793097926761116, "mean_dsc_fg_pooled_diagnostic": 0.7947555570934003, "dsc_per_class_pooled": [0.9988215534570326, 0.7970564634727906, 0.79245465071401], "dsc_per_class": [0.9988215534570326, 0.7970564634727906, 0.79245465071401], "n_cases": 65, "n_eval": 65, "structure_detection_rate": 1.0, "missed_structure_rate": 0.0}, "runtime_sec": {"train": 2623.3275158405304, "eval": 1.4689674377441406, "select": 0.0}, "gpu_mem_mb": 9446.651904, "gpu_name": "Tesla V100-PCIE-32GB", "gpu_total_mem_mb": 34072.559616, "foundation": {}, "notes": ""}
