{"schema_version": "v3", "run_id": "origa__P9__s2000", "round": 0, "dataset": "origa", "modality": "fundus", "target": "optic_nerve_head", "dim": "2d", "query_unit": "image", "seed": 2000, "round_seed": 2000, "component_seeds": {"model_init_seed": 1733582241, "loader_seed": 3333593949, "query_seed": 2915079519, "dropout_seed": 1768907296}, "total_rounds": 7, "budget_denominator": {"full_train_N": 520, "requested_pool_cap": 5000, "actual_AL_pool_N": 520, "budget_plan": [8, 11, 21, 37, 52, 78, 104], "fraction_of_AL_pool": 0.2, "fraction_of_full_train": 0.2}, "policy_id": "P9", "policy_name": "PAAL", "method_version": "1.0", "is_ablation": false, "policy_config": {}, "cumulative_budget": 8, "incremental_query_count": 3, "labeled_count": 8, "labeled_ratio": 0.015384615384615385, "selected_ids": ["611", "482", "527"], "selected_scores": [0.006288140080869198, 0.005740071646869183, 0.005777842365205288], "selected_pred_fg_ratio": [0.013698577880859375, 0.0168914794921875, 0.015350341796875], "selected_pred_class_dist": [[0.9863014221191406, 0.0065765380859375, 0.007122039794921875], [0.9831085205078125, 0.009952545166015625, 0.006938934326171875], [0.984649658203125, 0.009136199951171875, 0.006214141845703125]], "candidate_count": 512, "candidate_scores_path": "/groups/echambe2/gmeng/MedAL-Agent/repo/code/runs/frozen_v5/candidate_scores/origa__P9__s2000__r0.json", "predictions_path": "", "initial_labeled_path": "/groups/echambe2/gmeng/MedAL-Agent/repo/code/runs/frozen_v5/init_sets/origa__s2000__n8.json", "initial_labeled_ids": ["043", "059", "116", "179", "233", "276", "599", "606"], "selection_diagnostics": {"paal_ap_epochs": 200, "paal_ap_loss_mean": 0.000848118383679548, "paal_ap_loss_last": 1.1529534731380409e-05, "paal_ap_val_corr": NaN, "paal_ap_n_train": 8, "paal_ap_n_val": 0, "paal_pred_acc_mean": 0.995609700679779, "paal_pred_acc_std": 0.002401959616690874, "paal_score_mean": 0.004402863327413797, "paal_score_std": 0.0007628075545653701, "paal_n_clusters": 3, "paal_cluster_sizes": [115, 125, 272], "paal_selected_clusters": [0, 1, 2]}, "training": {"num_iters": 1000, "batch_size": 12, "lr": 0.001, "image_size": 512, "aspect_preserve": true, "resolution_policy": "longside_pad32", "preproc_cache": {"pool": "hit", "val": "hit"}, "train_runtime_sec": 994.9014656543732, "query_runtime_sec": 60.4290726184845, "iters": 2600, "stop_iter": 2600, "mean_loss": 0.1306256902164135, "last_loss": 0.014093087986111641, "stop_reason": "plateau", "hit_max_iters": false, "final_smooth_loss": 0.017353866323828696, "best_smooth_loss": 0.021167382430285216, "diverged": false, "loss_curve": [[1000, 0.05069471538066864], [1100, 0.04945845883339643], [1200, 0.040407523494213816], [1300, 0.03771662788465619], [1400, 0.03451879262924194], [1500, 0.03426842810586095], [1600, 0.03100270910188556], [1700, 0.028233566880226137], [1800, 0.027363911233842374], [1900, 0.023746879305690527], [2000, 0.02340783316642046], [2100, 0.021167382430285216], [2200, 0.021498668529093264], [2300, 0.01992658831179142], [2400, 0.01870245593599975], [2500, 0.018054308723658322], [2600, 0.017353866323828696]]}, "ckpt_id": "origa__P9__s2000__r0", "ckpt_path": "", "ckpt_hash": "e08d805481bad026b1e7a34c3208692c48926ed193d9e4f0ad62ebd3bc3895d8", "config_hash": "bf4ec5f898291681fce09c32cda12c6918044a048969b35e9673716b3b129d33", "feature_cache_keys": {"task_unet": "task_unet_bottleneck@e08d805481ba"}, "sam_model_type": "", "sam_checkpoint": "", "metrics": {"primary_metric": "mean_dsc_fg_case_macro", "metric_version": "v3_case_macro", "eval_scope": "case_full_volume", "mean_dsc_fg_case_macro": 0.7026407594013236, "mean_dsc_fg": 0.7026407594013236, "mean_dsc_fg_pooled_diagnostic": 0.6958056811997941, "dsc_per_class_pooled": [0.9978220016038043, 0.6554336361570332, 0.7361777262425552], "dsc_per_class": [0.9978220016038043, 0.6554336361570332, 0.7361777262425552], "n_cases": 65, "n_eval": 65, "structure_detection_rate": 1.0, "missed_structure_rate": 0.0}, "runtime_sec": {"train": 994.9014656543732, "eval": 1.4920885562896729, "select": 60.4290726184845}, "gpu_mem_mb": 8107.887616, "gpu_name": "Tesla V100-PCIE-32GB", "gpu_total_mem_mb": 34072.559616, "foundation": {}, "notes": ""}
{"schema_version": "v3", "run_id": "origa__P9__s2000", "round": 1, "dataset": "origa", "modality": "fundus", "target": "optic_nerve_head", "dim": "2d", "query_unit": "image", "seed": 2000, "round_seed": 2001, "component_seeds": {"model_init_seed": 4092542587, "loader_seed": 4022314598, "query_seed": 1275594993, "dropout_seed": 1443935428}, "total_rounds": 7, "budget_denominator": {"full_train_N": 520, "requested_pool_cap": 5000, "actual_AL_pool_N": 520, "budget_plan": [8, 11, 21, 37, 52, 78, 104], "fraction_of_AL_pool": 0.2, "fraction_of_full_train": 0.2}, "policy_id": "P9", "policy_name": "PAAL", "method_version": "1.0", "is_ablation": false, "policy_config": {}, "cumulative_budget": 11, "incremental_query_count": 10, "labeled_count": 11, "labeled_ratio": 0.021153846153846155, "selected_ids": ["215", "164", "612", "504", "162", "441", "299", "431", "256", "633"], "selected_scores": [0.002471371553838253, 0.0024553374387323856, 0.0028855595737695694, 0.0022760704159736633, 0.0025269382167607546, 0.002617807127535343, 0.002363181672990322, 0.0024383969139307737, 0.002635063137859106, 0.0021942942403256893], "selected_pred_fg_ratio": [0.01331329345703125, 0.014892578125, 0.01096343994140625, 0.01317596435546875, 0.013278961181640625, 0.0140533447265625, 0.018711090087890625, 0.014774322509765625, 0.01235198974609375, 0.01385498046875], "selected_pred_class_dist": [[0.9866867065429688, 0.00833892822265625, 0.004974365234375], [0.985107421875, 0.009632110595703125, 0.005260467529296875], [0.9890365600585938, 0.00644683837890625, 0.0045166015625], [0.9868240356445312, 0.00920867919921875, 0.00396728515625], [0.9867210388183594, 0.008762359619140625, 0.0045166015625], [0.9859466552734375, 0.008632659912109375, 0.005420684814453125], [0.9812889099121094, 0.01392364501953125, 0.004787445068359375], [0.9852256774902344, 0.010814666748046875, 0.00395965576171875], [0.9876480102539062, 0.0076751708984375, 0.00467681884765625], [0.98614501953125, 0.0098876953125, 0.00396728515625]], "candidate_count": 509, "candidate_scores_path": "/groups/echambe2/gmeng/MedAL-Agent/repo/code/runs/frozen_v5/candidate_scores/origa__P9__s2000__r1.json", "predictions_path": "", "initial_labeled_path": "/groups/echambe2/gmeng/MedAL-Agent/repo/code/runs/frozen_v5/init_sets/origa__s2000__n8.json", "initial_labeled_ids": [], "selection_diagnostics": {"paal_ap_epochs": 200, "paal_ap_loss_mean": 1.4085537587519071e-05, "paal_ap_loss_last": 1.6910055273910983e-05, "paal_ap_val_corr": 0.9619169086168481, "paal_ap_n_train": 10, "paal_ap_n_val": 1, "paal_pred_acc_mean": 0.9980178475379944, "paal_pred_acc_std": 0.0015209784032776952, "paal_score_mean": 0.001985256327316165, "paal_score_std": 0.00028549315175041556, "paal_n_clusters": 6, "paal_cluster_sizes": [52, 118, 99, 51, 73, 116], "paal_selected_clusters": [0, 1, 2, 3, 4, 5, 0, 1, 2, 3]}, "training": {"num_iters": 1000, "batch_size": 12, "lr": 0.001, "image_size": 512, "aspect_preserve": true, "resolution_policy": "longside_pad32", "preproc_cache": {"pool": "hit", "val": "hit"}, "train_runtime_sec": 1622.7927691936493, "query_runtime_sec": 75.20433139801025, "iters": 3300, "stop_iter": 3300, "mean_loss": 0.1008126350255175, "last_loss": 0.015937963500618935, "stop_reason": "plateau", "hit_max_iters": false, "final_smooth_loss": 0.015512959910556673, "best_smooth_loss": 0.018095203004777433, "diverged": false, "loss_curve": [[1000, 0.053570510745048525], [1100, 0.045909446366131305], [1200, 0.046590320095419885], [1300, 0.04475358493626118], [1400, 0.03718721736222506], [1500, 0.034953978359699246], [1600, 0.03554675981402397], [1700, 0.03283668389543891], [1800, 0.029455145876854657], [1900, 0.02889640772715211], [2000, 0.029139797184616328], [2100, 0.026197471600025894], [2200, 0.024734440669417383], [2300, 0.023110620230436325], [2400, 0.021706159748136996], [2500, 0.02080868085846305], [2600, 0.02181250350549817], [2700, 0.01952024937607348], [2800, 0.018095203004777433], [2900, 0.019303938057273626], [3000, 0.01894853903912008], [3100, 0.01803973501548171], [3200, 0.01668671558611095], [3300, 0.015512959910556673]]}, "ckpt_id": "origa__P9__s2000__r1", "ckpt_path": "", "ckpt_hash": "5bd29e5c910df81030aca621850454f6a169048a86d11e82aa8760a40e69a962", "config_hash": "bf4ec5f898291681fce09c32cda12c6918044a048969b35e9673716b3b129d33", "feature_cache_keys": {"task_unet": "task_unet_bottleneck@5bd29e5c910d"}, "sam_model_type": "", "sam_checkpoint": "", "metrics": {"primary_metric": "mean_dsc_fg_case_macro", "metric_version": "v3_case_macro", "eval_scope": "case_full_volume", "mean_dsc_fg_case_macro": 0.7296720344975328, "mean_dsc_fg": 0.7296720344975328, "mean_dsc_fg_pooled_diagnostic": 0.7250895902856187, "dsc_per_class_pooled": [0.9980340009213468, 0.6880296348767198, 0.7621495456945178], "dsc_per_class": [0.9980340009213468, 0.6880296348767198, 0.7621495456945178], "n_cases": 65, "n_eval": 65, "structure_detection_rate": 1.0, "missed_structure_rate": 0.0}, "runtime_sec": {"train": 1622.7927691936493, "eval": 1.4719741344451904, "select": 75.20433139801025}, "gpu_mem_mb": 8824.356864, "gpu_name": "Tesla V100-PCIE-32GB", "gpu_total_mem_mb": 34072.559616, "foundation": {}, "notes": ""}
{"schema_version": "v3", "run_id": "origa__P9__s2000", "round": 2, "dataset": "origa", "modality": "fundus", "target": "optic_nerve_head", "dim": "2d", "query_unit": "image", "seed": 2000, "round_seed": 2002, "component_seeds": {"model_init_seed": 1225426498, "loader_seed": 1158739311, "query_seed": 3667345588, "dropout_seed": 1372419812}, "total_rounds": 7, "budget_denominator": {"full_train_N": 520, "requested_pool_cap": 5000, "actual_AL_pool_N": 520, "budget_plan": [8, 11, 21, 37, 52, 78, 104], "fraction_of_AL_pool": 0.2, "fraction_of_full_train": 0.2}, "policy_id": "P9", "policy_name": "PAAL", "method_version": "1.0", "is_ablation": false, "policy_config": {}, "cumulative_budget": 21, "incremental_query_count": 16, "labeled_count": 21, "labeled_ratio": 0.04038461538461539, "selected_ids": ["582", "067", "375", "066", "143", "617", "003", "248", "624", "577", "340", "645", "232", "443", "481", "313"], "selected_scores": [0.01703053154051304, 0.007692474871873856, 0.008140169084072113, 0.007983450777828693, 0.007995104417204857, 0.010207059793174267, 0.00756421871483326, 0.007994649931788445, 0.007183734327554703, 0.007574824616312981, 0.006726420484483242, 0.0075805094093084335, 0.009815841913223267, 0.006723495200276375, 0.0076460945419967175, 0.007009900175035], "selected_pred_fg_ratio": [0.035488128662109375, 0.020050048828125, 0.0236358642578125, 0.02092742919921875, 0.02117156982421875, 0.0200347900390625, 0.023006439208984375, 0.0190582275390625, 0.021038055419921875, 0.017017364501953125, 0.0152740478515625, 0.022739410400390625, 0.033771514892578125, 0.01800537109375, 0.018253326416015625, 0.018035888671875], "selected_pred_class_dist": [[0.9645118713378906, 0.015918731689453125, 0.01956939697265625], [0.979949951171875, 0.01215362548828125, 0.00789642333984375], [0.9763641357421875, 0.012935638427734375, 0.010700225830078125], [0.9790725708007812, 0.01220703125, 0.00872039794921875], [0.9788284301757812, 0.011890411376953125, 0.009281158447265625], [0.9799652099609375, 0.01024627685546875, 0.00978851318359375], [0.9769935607910156, 0.012966156005859375, 0.010040283203125], [0.9809417724609375, 0.010097503662109375, 0.008960723876953125], [0.9789619445800781, 0.013050079345703125, 0.00798797607421875], [0.9829826354980469, 0.0096435546875, 0.007373809814453125], [0.9847259521484375, 0.009922027587890625, 0.005352020263671875], [0.9772605895996094, 0.014163970947265625, 0.008575439453125], [0.9662284851074219, 0.02243804931640625, 0.011333465576171875], [0.98199462890625, 0.011386871337890625, 0.006618499755859375], [0.9817466735839844, 0.0106658935546875, 0.007587432861328125], [0.981964111328125, 0.011302947998046875, 0.006732940673828125]], "candidate_count": 499, "candidate_scores_path": "/groups/echambe2/gmeng/MedAL-Agent/repo/code/runs/frozen_v5/candidate_scores/origa__P9__s2000__r2.json", "predictions_path": "", "initial_labeled_path": "/groups/echambe2/gmeng/MedAL-Agent/repo/code/runs/frozen_v5/init_sets/origa__s2000__n8.json", "initial_labeled_ids": [], "selection_diagnostics": {"paal_ap_epochs": 200, "paal_ap_loss_mean": 1.4825297911494018e-05, "paal_ap_loss_last": 1.5986161608787753e-05, "paal_ap_val_corr": 0.8899100439271791, "paal_ap_n_train": 19, "paal_ap_n_val": 2, "paal_pred_acc_mean": 0.9953768253326416, "paal_pred_acc_std": 0.00563036510720849, "paal_score_mean": 0.004649937152862549, "paal_score_std": 0.001594078610651195, "paal_n_clusters": 7, "paal_cluster_sizes": [80, 34, 97, 24, 107, 129, 28], "paal_selected_clusters": [0, 1, 2, 3, 4, 5, 6, 0, 1, 2, 3, 4, 5, 6, 0, 1]}, "training": {"num_iters": 1000, "batch_size": 12, "lr": 0.001, "image_size": 512, "aspect_preserve": true, "resolution_policy": "longside_pad32", "preproc_cache": {"pool": "hit", "val": "hit"}, "train_runtime_sec": 1369.9921271800995, "query_runtime_sec": 122.32728028297424, "iters": 2600, "stop_iter": 2600, "mean_loss": 0.12656287513064363, "last_loss": 0.0179784893989563, "stop_reason": "plateau", "hit_max_iters": false, "final_smooth_loss": 0.019580562775954605, "best_smooth_loss": 0.02279086422175169, "diverged": false, "loss_curve": [[1000, 0.04771452337503433], [1100, 0.043899542465806005], [1200, 0.03934199703857302], [1300, 0.03647002624347806], [1400, 0.034576420485973355], [1500, 0.036275291815400124], [1600, 0.03504744803532958], [1700, 0.028966920059174298], [1800, 0.027463360372930765], [1900, 0.02617177603766322], [2000, 0.025279634427279235], [2100, 0.02279086422175169], [2200, 0.022761675622314216], [2300, 0.02221919411793351], [2400, 0.020439079105854033], [2500, 0.02017902346327901], [2600, 0.019580562775954605]]}, "ckpt_id": "origa__P9__s2000__r2", "ckpt_path": "", "ckpt_hash": "da115bad4cbfeee8cb6f25e1eadbe17f1367f6651381704ae6390f275bafec1e", "config_hash": "bf4ec5f898291681fce09c32cda12c6918044a048969b35e9673716b3b129d33", "feature_cache_keys": {"task_unet": "task_unet_bottleneck@da115bad4cbf"}, "sam_model_type": "", "sam_checkpoint": "", "metrics": {"primary_metric": "mean_dsc_fg_case_macro", "metric_version": "v3_case_macro", "eval_scope": "case_full_volume", "mean_dsc_fg_case_macro": 0.7895166707520213, "mean_dsc_fg": 0.7895166707520213, "mean_dsc_fg_pooled_diagnostic": 0.7918218274473259, "dsc_per_class_pooled": [0.9986965801755023, 0.7649693629400011, 0.8186742919546506], "dsc_per_class": [0.9986965801755023, 0.7649693629400011, 0.8186742919546506], "n_cases": 65, "n_eval": 65, "structure_detection_rate": 1.0, "missed_structure_rate": 0.0}, "runtime_sec": {"train": 1369.9921271800995, "eval": 1.4882900714874268, "select": 122.32728028297424}, "gpu_mem_mb": 9605.218304, "gpu_name": "Tesla V100-PCIE-32GB", "gpu_total_mem_mb": 34072.559616, "foundation": {}, "notes": ""}
{"schema_version": "v3", "run_id": "origa__P9__s2000", "round": 3, "dataset": "origa", "modality": "fundus", "target": "optic_nerve_head", "dim": "2d", "query_unit": "image", "seed": 2000, "round_seed": 2003, "component_seeds": {"model_init_seed": 1786941200, "loader_seed": 315035857, "query_seed": 1656248978, "dropout_seed": 3607744384}, "total_rounds": 7, "budget_denominator": {"full_train_N": 520, "requested_pool_cap": 5000, "actual_AL_pool_N": 520, "budget_plan": [8, 11, 21, 37, 52, 78, 104], "fraction_of_AL_pool": 0.2, "fraction_of_full_train": 0.2}, "policy_id": "P9", "policy_name": "PAAL", "method_version": "1.0", "is_ablation": false, "policy_config": {}, "cumulative_budget": 37, "incremental_query_count": 15, "labeled_count": 37, "labeled_ratio": 0.07115384615384615, "selected_ids": ["557", "494", "544", "545", "212", "342", "292", "634", "202", "644", "528", "505", "211", "181", "429"], "selected_scores": [0.020350381731987, 0.045877695083618164, 0.022899359464645386, 0.024840008467435837, 0.019643038511276245, 0.11627975106239319, 0.01886880397796631, 0.043410804122686386, 0.01969662308692932, 0.020890962332487106, 0.017477869987487793, 0.05498087406158447, 0.018754873424768448, 0.0422472208738327, 0.01863311603665352], "selected_pred_fg_ratio": [0.012725830078125, 0.016445159912109375, 0.017658233642578125, 0.014530181884765625, 0.0155792236328125, 0.017169952392578125, 0.016155242919921875, 0.02326202392578125, 0.015071868896484375, 0.019992828369140625, 0.0115814208984375, 0.0211639404296875, 0.01676177978515625, 0.0164794921875, 0.014888763427734375], "selected_pred_class_dist": [[0.987274169921875, 0.007228851318359375, 0.005496978759765625], [0.9835548400878906, 0.0069122314453125, 0.009532928466796875], [0.9823417663574219, 0.0098724365234375, 0.007785797119140625], [0.9854698181152344, 0.0093536376953125, 0.005176544189453125], [0.9844207763671875, 0.009552001953125, 0.0060272216796875], [0.9828300476074219, 0.006561279296875, 0.010608673095703125], [0.9838447570800781, 0.00806427001953125, 0.008090972900390625], [0.9767379760742188, 0.00995635986328125, 0.0133056640625], [0.9849281311035156, 0.0094146728515625, 0.005657196044921875], [0.9800071716308594, 0.012691497802734375, 0.00730133056640625], [0.9884185791015625, 0.007740020751953125, 0.003841400146484375], [0.9788360595703125, 0.011322021484375, 0.0098419189453125], [0.9832382202148438, 0.009212493896484375, 0.007549285888671875], [0.9835205078125, 0.003688812255859375, 0.012790679931640625], [0.9851112365722656, 0.009807586669921875, 0.0050811767578125]], "candidate_count": 483, "candidate_scores_path": "/groups/echambe2/gmeng/MedAL-Agent/repo/code/runs/frozen_v5/candidate_scores/origa__P9__s2000__r3.json", "predictions_path": "", "initial_labeled_path": "/groups/echambe2/gmeng/MedAL-Agent/repo/code/runs/frozen_v5/init_sets/origa__s2000__n8.json", "initial_labeled_ids": [], "selection_diagnostics": {"paal_ap_epochs": 200, "paal_ap_loss_mean": 9.486553954663097e-05, "paal_ap_loss_last": 4.689608613261953e-05, "paal_ap_val_corr": 0.9012261667962763, "paal_ap_n_train": 34, "paal_ap_n_val": 3, "paal_pred_acc_mean": 0.9849559664726257, "paal_pred_acc_std": 0.015598114579916, "paal_score_mean": 0.015292471274733543, "paal_score_std": 0.006291423924267292, "paal_n_clusters": 6, "paal_cluster_sizes": [122, 28, 133, 74, 105, 21], "paal_selected_clusters": [0, 1, 2, 3, 4, 5, 0, 1, 2, 3, 4, 5, 0, 1, 2]}, "training": {"num_iters": 1000, "batch_size": 12, "lr": 0.001, "image_size": 512, "aspect_preserve": true, "resolution_policy": "longside_pad32", "preproc_cache": {"pool": "hit", "val": "hit"}, "train_runtime_sec": 1684.2169144153595, "query_runtime_sec": 209.30464601516724, "iters": 3200, "stop_iter": 3200, "mean_loss": 0.16908480654587038, "last_loss": 0.03392712399363518, "stop_reason": "plateau", "hit_max_iters": false, "final_smooth_loss": 0.02935726847499609, "best_smooth_loss": 0.032038819584995507, "diverged": false, "loss_curve": [[1000, 0.1302186705172062], [1100, 0.11661259911954402], [1200, 0.10788326255977154], [1300, 0.0928384855389595], [1400, 0.093839757964015], [1500, 0.0805313154309988], [1600, 0.07484824787825346], [1700, 0.06448081530630588], [1800, 0.05681399460881949], [1900, 0.05676928039640188], [2000, 0.051095206141471866], [2100, 0.047355116568505766], [2200, 0.042311311066150666], [2300, 0.040182110704481605], [2400, 0.03730469513684511], [2500, 0.035741746872663495], [2600, 0.034065537136048075], [2700, 0.032038819584995507], [2800, 0.031334301587194205], [2900, 0.029956484120339154], [3000, 0.028586220405995847], [3100, 0.028387036398053168], [3200, 0.02935726847499609]]}, "ckpt_id": "origa__P9__s2000__r3", "ckpt_path": "", "ckpt_hash": "dc68e2f38096a5f721a4c0f71f0b6ca4cb10dad14e4b60693f83d3e5b9646539", "config_hash": "bf4ec5f898291681fce09c32cda12c6918044a048969b35e9673716b3b129d33", "feature_cache_keys": {"task_unet": "task_unet_bottleneck@dc68e2f38096"}, "sam_model_type": "", "sam_checkpoint": "", "metrics": {"primary_metric": "mean_dsc_fg_case_macro", "metric_version": "v3_case_macro", "eval_scope": "case_full_volume", "mean_dsc_fg_case_macro": 0.7885350414324588, "mean_dsc_fg": 0.7885350414324588, "mean_dsc_fg_pooled_diagnostic": 0.7912193185642907, "dsc_per_class_pooled": [0.9987766853603792, 0.7723531098785094, 0.8100855272500721], "dsc_per_class": [0.9987766853603792, 0.7723531098785094, 0.8100855272500721], "n_cases": 65, "n_eval": 65, "structure_detection_rate": 1.0, "missed_structure_rate": 0.0}, "runtime_sec": {"train": 1684.2169144153595, "eval": 1.4506218433380127, "select": 209.30464601516724}, "gpu_mem_mb": 9606.250496, "gpu_name": "Tesla V100-PCIE-32GB", "gpu_total_mem_mb": 34072.559616, "foundation": {}, "notes": ""}
{"schema_version": "v3", "run_id": "origa__P9__s2000", "round": 4, "dataset": "origa", "modality": "fundus", "target": "optic_nerve_head", "dim": "2d", "query_unit": "image", "seed": 2000, "round_seed": 2004, "component_seeds": {"model_init_seed": 45534947, "loader_seed": 4200637250, "query_seed": 2043315399, "dropout_seed": 1875314724}, "total_rounds": 7, "budget_denominator": {"full_train_N": 520, "requested_pool_cap": 5000, "actual_AL_pool_N": 520, "budget_plan": [8, 11, 21, 37, 52, 78, 104], "fraction_of_AL_pool": 0.2, "fraction_of_full_train": 0.2}, "policy_id": "P9", "policy_name": "PAAL", "method_version": "1.0", "is_ablation": false, "policy_config": {}, "cumulative_budget": 52, "incremental_query_count": 26, "labeled_count": 52, "labeled_ratio": 0.1, "selected_ids": ["352", "173", "343", "464", "421", "085", "176", "484", "142", "588", "619", "479", "149", "182", "322", "547", "536", "508", "129", "456", "031", "113", "242", "196", "422", "649"], "selected_scores": [0.01650960184633732, 0.018673282116651535, 0.01921677589416504, 0.016262318938970566, 0.019396871328353882, 0.0182340145111084, 0.03564704954624176, 0.016388483345508575, 0.018264956772327423, 0.017093999311327934, 0.015203652903437614, 0.01469130627810955, 0.016555771231651306, 0.033547427505254745, 0.01512632705271244, 0.018096640706062317, 0.015469281934201717, 0.014495950192213058, 0.014284981414675713, 0.016262216493487358, 0.024906901642680168, 0.014524783939123154, 0.01718871109187603, 0.014814866706728935, 0.014298150315880775, 0.014272557571530342], "selected_pred_fg_ratio": [0.012844085693359375, 0.01680755615234375, 0.01293182373046875, 0.01074981689453125, 0.01415252685546875, 0.015110015869140625, 0.01634979248046875, 0.01270294189453125, 0.012264251708984375, 0.019001007080078125, 0.013885498046875, 0.01705169677734375, 0.01718902587890625, 0.01522064208984375, 0.011871337890625, 0.013004302978515625, 0.01377105712890625, 0.011363983154296875, 0.01943206787109375, 0.01558685302734375, 0.01877593994140625, 0.012126922607421875, 0.02370452880859375, 0.0140228271484375, 0.016506195068359375, 0.0184326171875], "selected_pred_class_dist": [[0.9871559143066406, 0.008392333984375, 0.004451751708984375], [0.9831924438476562, 0.008823394775390625, 0.007984161376953125], [0.9870681762695312, 0.0082855224609375, 0.00464630126953125], [0.9892501831054688, 0.007167816162109375, 0.003582000732421875], [0.9858474731445312, 0.009521484375, 0.00463104248046875], [0.9848899841308594, 0.008899688720703125, 0.0062103271484375], [0.9836502075195312, 0.005725860595703125, 0.010623931884765625], [0.9872970581054688, 0.00774383544921875, 0.0049591064453125], [0.9877357482910156, 0.008617401123046875, 0.0036468505859375], [0.9809989929199219, 0.01055145263671875, 0.008449554443359375], [0.986114501953125, 0.009540557861328125, 0.004344940185546875], [0.9829483032226562, 0.010356903076171875, 0.006694793701171875], [0.9828109741210938, 0.009418487548828125, 0.007770538330078125], [0.9847793579101562, 0.005069732666015625, 0.010150909423828125], [0.988128662109375, 0.00731658935546875, 0.00455474853515625], [0.9869956970214844, 0.008159637451171875, 0.00484466552734375], [0.9862289428710938, 0.008892059326171875, 0.004878997802734375], [0.9886360168457031, 0.00685882568359375, 0.004505157470703125], [0.9805679321289062, 0.011638641357421875, 0.007793426513671875], [0.9844131469726562, 0.009307861328125, 0.00627899169921875], [0.9812240600585938, 0.007946014404296875, 0.010829925537109375], [0.9878730773925781, 0.008037567138671875, 0.00408935546875], [0.9762954711914062, 0.01317596435546875, 0.010528564453125], [0.9859771728515625, 0.008769989013671875, 0.005252838134765625], [0.9834938049316406, 0.01030731201171875, 0.006198883056640625], [0.9815673828125, 0.011478424072265625, 0.006954193115234375]], "candidate_count": 468, "candidate_scores_path": "/groups/echambe2/gmeng/MedAL-Agent/repo/code/runs/frozen_v5/candidate_scores/origa__P9__s2000__r4.json", "predictions_path": "", "initial_labeled_path": "/groups/echambe2/gmeng/MedAL-Agent/repo/code/runs/frozen_v5/init_sets/origa__s2000__n8.json", "initial_labeled_ids": [], "selection_diagnostics": {"paal_ap_epochs": 200, "paal_ap_loss_mean": 9.230379064245019e-05, "paal_ap_loss_last": 8.568457881065502e-05, "paal_ap_val_corr": 0.8822708269882782, "paal_ap_n_train": 47, "paal_ap_n_val": 5, "paal_pred_acc_mean": 0.9898837208747864, "paal_pred_acc_std": 0.009627447463572025, "paal_score_mean": 0.010215498507022858, "paal_score_std": 0.0033045881427824497, "paal_n_clusters": 7, "paal_cluster_sizes": [83, 69, 86, 59, 109, 43, 19], "paal_selected_clusters": [0, 1, 2, 3, 4, 5, 6, 0, 1, 2, 3, 4, 5, 6, 0, 1, 2, 3, 4, 5, 6, 0, 1, 2, 3, 4]}, "training": {"num_iters": 1000, "batch_size": 12, "lr": 0.001, "image_size": 512, "aspect_preserve": true, "resolution_policy": "longside_pad32", "preproc_cache": {"pool": "hit", "val": "hit"}, "train_runtime_sec": 2265.6745018959045, "query_runtime_sec": 278.00193524360657, "iters": 4300, "stop_iter": 4300, "mean_loss": 0.16150325691803943, "last_loss": 0.03362225741147995, "stop_reason": "plateau", "hit_max_iters": false, "final_smooth_loss": 0.0355988909676671, "best_smooth_loss": 0.04053836859762669, "diverged": false, "loss_curve": [[1000, 0.217777199447155], [1100, 0.20548619598150253], [1200, 0.1966480380296707], [1300, 0.18499479666352273], [1400, 0.16583939753472804], [1500, 0.1699694438278675], [1600, 0.14686048068106175], [1700, 0.13842650257050992], [1800, 0.13175012663006783], [1900, 0.12393599063158035], [2000, 0.11009909600019455], [2100, 0.1061283428221941], [2200, 0.09656733356416225], [2300, 0.08933159790933132], [2400, 0.08481442969292402], [2500, 0.07760183580219746], [2600, 0.07188302673399448], [2700, 0.06896298538893461], [2800, 0.06612704794853926], [2900, 0.06617609046399593], [3000, 0.061058697924017906], [3100, 0.05650673866271973], [3200, 0.05213542882353067], [3300, 0.05441899411380291], [3400, 0.05504107773303986], [3500, 0.04664241019636393], [3600, 0.04683949094265699], [3700, 0.04184383690357208], [3800, 0.04053836859762669], [3900, 0.039530944600701334], [4000, 0.03819916734471917], [4100, 0.03894399197772145], [4200, 0.03555012099444866], [4300, 0.0355988909676671]]}, "ckpt_id": "origa__P9__s2000__r4", "ckpt_path": "", "ckpt_hash": "96e20dc264adce08503a0d185bdc8334706be15252f886f6ef80fec3fd32da33", "config_hash": "bf4ec5f898291681fce09c32cda12c6918044a048969b35e9673716b3b129d33", "feature_cache_keys": {"task_unet": "task_unet_bottleneck@96e20dc264ad"}, "sam_model_type": "", "sam_checkpoint": "", "metrics": {"primary_metric": "mean_dsc_fg_case_macro", "metric_version": "v3_case_macro", "eval_scope": "case_full_volume", "mean_dsc_fg_case_macro": 0.8143556881293402, "mean_dsc_fg": 0.8143556881293402, "mean_dsc_fg_pooled_diagnostic": 0.8193489213256709, "dsc_per_class_pooled": [0.9991281756021038, 0.8053879511400945, 0.8333098915112473], "dsc_per_class": [0.9991281756021038, 0.8053879511400945, 0.8333098915112473], "n_cases": 65, "n_eval": 65, "structure_detection_rate": 1.0, "missed_structure_rate": 0.0}, "runtime_sec": {"train": 2265.6745018959045, "eval": 1.4705448150634766, "select": 278.00193524360657}, "gpu_mem_mb": 9609.674752, "gpu_name": "Tesla V100-PCIE-32GB", "gpu_total_mem_mb": 34072.559616, "foundation": {}, "notes": ""}
{"schema_version": "v3", "run_id": "origa__P9__s2000", "round": 5, "dataset": "origa", "modality": "fundus", "target": "optic_nerve_head", "dim": "2d", "query_unit": "image", "seed": 2000, "round_seed": 2005, "component_seeds": {"model_init_seed": 3201858957, "loader_seed": 336650979, "query_seed": 736189286, "dropout_seed": 1600783356}, "total_rounds": 7, "budget_denominator": {"full_train_N": 520, "requested_pool_cap": 5000, "actual_AL_pool_N": 520, "budget_plan": [8, 11, 21, 37, 52, 78, 104], "fraction_of_AL_pool": 0.2, "fraction_of_full_train": 0.2}, "policy_id": "P9", "policy_name": "PAAL", "method_version": "1.0", "is_ablation": false, "policy_config": {}, "cumulative_budget": 78, "incremental_query_count": 26, "labeled_count": 78, "labeled_ratio": 0.15, "selected_ids": ["320", "282", "355", "094", "428", "044", "053", "556", "587", "622", "026", "123", "190", "486", "604", "194", "241", "187", "603", "110", "098", "534", "270", "025", "294", "037"], "selected_scores": [0.022661525756120682, 0.02536248415708542, 0.023644832894206047, 0.02261037938296795, 0.023402325809001923, 0.022949902340769768, 0.025376256555318832, 0.020869359374046326, 0.02347339317202568, 0.02239515259861946, 0.022318866103887558, 0.022328516468405724, 0.0217414703220129, 0.02418937161564827, 0.01918937638401985, 0.022212689742445946, 0.021940600126981735, 0.021858107298612595, 0.02111799642443657, 0.021614259108901024, 0.023675810545682907, 0.018434731289744377, 0.022022277116775513, 0.021612178534269333, 0.021243423223495483, 0.020540975034236908], "selected_pred_fg_ratio": [0.01633453369140625, 0.018268585205078125, 0.0091400146484375, 0.0159759521484375, 0.01668548583984375, 0.016925811767578125, 0.017284393310546875, 0.0204010009765625, 0.0193939208984375, 0.016643524169921875, 0.015674591064453125, 0.0178375244140625, 0.013652801513671875, 0.01509857177734375, 0.017971038818359375, 0.014141082763671875, 0.018886566162109375, 0.0145721435546875, 0.020465850830078125, 0.01837158203125, 0.017551422119140625, 0.017913818359375, 0.01918792724609375, 0.021686553955078125, 0.0189056396484375, 0.017864227294921875], "selected_pred_class_dist": [[0.9836654663085938, 0.0098114013671875, 0.00652313232421875], [0.9817314147949219, 0.010498046875, 0.007770538330078125], [0.9908599853515625, 0.00582122802734375, 0.00331878662109375], [0.9840240478515625, 0.010311126708984375, 0.005664825439453125], [0.9833145141601562, 0.01061248779296875, 0.006072998046875], [0.9830741882324219, 0.011402130126953125, 0.005523681640625], [0.9827156066894531, 0.011322021484375, 0.005962371826171875], [0.9795989990234375, 0.012615203857421875, 0.007785797119140625], [0.9806060791015625, 0.01116180419921875, 0.00823211669921875], [0.9833564758300781, 0.011234283447265625, 0.00540924072265625], [0.9843254089355469, 0.01031494140625, 0.005359649658203125], [0.9821624755859375, 0.01171875, 0.0061187744140625], [0.9863471984863281, 0.008998870849609375, 0.0046539306640625], [0.9849014282226562, 0.008563995361328125, 0.006534576416015625], [0.9820289611816406, 0.011138916015625, 0.006832122802734375], [0.9858589172363281, 0.0090179443359375, 0.005123138427734375], [0.9811134338378906, 0.01155853271484375, 0.007328033447265625], [0.9854278564453125, 0.009815216064453125, 0.004756927490234375], [0.9795341491699219, 0.013126373291015625, 0.0073394775390625], [0.98162841796875, 0.011028289794921875, 0.007343292236328125], [0.9824485778808594, 0.01132965087890625, 0.006221771240234375], [0.982086181640625, 0.01081085205078125, 0.00710296630859375], [0.9808120727539062, 0.011810302734375, 0.00737762451171875], [0.9783134460449219, 0.01111602783203125, 0.010570526123046875], [0.9810943603515625, 0.012836456298828125, 0.006069183349609375], [0.9821357727050781, 0.011905670166015625, 0.00595855712890625]], "candidate_count": 442, "candidate_scores_path": "/groups/echambe2/gmeng/MedAL-Agent/repo/code/runs/frozen_v5/candidate_scores/origa__P9__s2000__r5.json", "predictions_path": "", "initial_labeled_path": "/groups/echambe2/gmeng/MedAL-Agent/repo/code/runs/frozen_v5/init_sets/origa__s2000__n8.json", "initial_labeled_ids": [], "selection_diagnostics": {"paal_ap_epochs": 200, "paal_ap_loss_mean": 4.054288156912918e-05, "paal_ap_loss_last": 2.2796994401264975e-05, "paal_ap_val_corr": 0.6154534214874857, "paal_ap_n_train": 71, "paal_ap_n_val": 7, "paal_pred_acc_mean": 0.985493540763855, "paal_pred_acc_std": 0.011758696287870407, "paal_score_mean": 0.014683952555060387, "paal_score_std": 0.003560158656910062, "paal_n_clusters": 7, "paal_cluster_sizes": [27, 73, 61, 42, 99, 66, 74], "paal_selected_clusters": [0, 1, 2, 3, 4, 5, 6, 0, 1, 2, 3, 4, 5, 6, 0, 1, 2, 3, 4, 5, 6, 0, 1, 2, 3, 4]}, "training": {"num_iters": 1000, "batch_size": 12, "lr": 0.001, "image_size": 512, "aspect_preserve": true, "resolution_policy": "longside_pad32", "preproc_cache": {"pool": "hit", "val": "hit"}, "train_runtime_sec": 2627.0386803150177, "query_runtime_sec": 413.6896402835846, "iters": 5000, "stop_iter": 5000, "mean_loss": 0.15789034321382642, "last_loss": 0.03501416742801666, "stop_reason": "plateau_max", "hit_max_iters": true, "final_smooth_loss": 0.036959898136556146, "best_smooth_loss": 0.039392239172011616, "diverged": false, "loss_curve": [[1000, 0.2048003266751766], [1100, 0.20685889482498168], [1200, 0.1935560655593872], [1300, 0.1791384257376194], [1400, 0.19016189962625504], [1500, 0.17582758612930774], [1600, 0.185310415327549], [1700, 0.15912577725946903], [1800, 0.1608448526263237], [1900, 0.16589234240353107], [2000, 0.14687044218182563], [2100, 0.1418687181174755], [2200, 0.12678036257624625], [2300, 0.12281813845038414], [2400, 0.11054924994707108], [2500, 0.10714692540466786], [2600, 0.09947231486439705], [2700, 0.09191415138542652], [2800, 0.08881690055131912], [2900, 0.08505533922463655], [3000, 0.0790832830965519], [3100, 0.07537906929850578], [3200, 0.06874639581888914], [3300, 0.06855629052966833], [3400, 0.06311201069504023], [3500, 0.06172579918056727], [3600, 0.05718584422022104], [3700, 0.05645704001188278], [3800, 0.05384434029459953], [3900, 0.05187645148485899], [4000, 0.05213084682822228], [4100, 0.048074358254671094], [4200, 0.04858146768063307], [4300, 0.04471255574375391], [4400, 0.0453306619822979], [4500, 0.045305575095117095], [4600, 0.04238447789102793], [4700, 0.040842783953994516], [4800, 0.039392239172011616], [4900, 0.04106683913618326], [5000, 0.036959898136556146]]}, "ckpt_id": "origa__P9__s2000__r5", "ckpt_path": "", "ckpt_hash": "5593735f9e646a6a60a5245b1ea1f2f8f946c5b1565e0958c33a73aaeec0e991", "config_hash": "bf4ec5f898291681fce09c32cda12c6918044a048969b35e9673716b3b129d33", "feature_cache_keys": {"task_unet": "task_unet_bottleneck@5593735f9e64"}, "sam_model_type": "", "sam_checkpoint": "", "metrics": {"primary_metric": "mean_dsc_fg_case_macro", "metric_version": "v3_case_macro", "eval_scope": "case_full_volume", "mean_dsc_fg_case_macro": 0.8309965990216867, "mean_dsc_fg": 0.8309965990216867, "mean_dsc_fg_pooled_diagnostic": 0.8341999096986461, "dsc_per_class_pooled": [0.9992200483679146, 0.8256957734238511, 0.8427040459734411], "dsc_per_class": [0.9992200483679146, 0.8256957734238511, 0.8427040459734411], "n_cases": 65, "n_eval": 65, "structure_detection_rate": 1.0, "missed_structure_rate": 0.0}, "runtime_sec": {"train": 2627.0386803150177, "eval": 1.4520156383514404, "select": 413.6896402835846}, "gpu_mem_mb": 9603.923968, "gpu_name": "Tesla V100-PCIE-32GB", "gpu_total_mem_mb": 34072.559616, "foundation": {}, "notes": ""}
{"schema_version": "v3", "run_id": "origa__P9__s2000", "round": 6, "dataset": "origa", "modality": "fundus", "target": "optic_nerve_head", "dim": "2d", "query_unit": "image", "seed": 2000, "round_seed": 2006, "component_seeds": {"model_init_seed": 950698087, "loader_seed": 2450784194, "query_seed": 3575377544, "dropout_seed": 3212423667}, "total_rounds": 7, "budget_denominator": {"full_train_N": 520, "requested_pool_cap": 5000, "actual_AL_pool_N": 520, "budget_plan": [8, 11, 21, 37, 52, 78, 104], "fraction_of_AL_pool": 0.2, "fraction_of_full_train": 0.2}, "policy_id": "P9", "policy_name": "PAAL", "method_version": "1.0", "is_ablation": false, "policy_config": {}, "cumulative_budget": 104, "incremental_query_count": 0, "labeled_count": 104, "labeled_ratio": 0.2, "selected_ids": [], "selected_scores": [], "selected_pred_fg_ratio": [], "selected_pred_class_dist": [], "candidate_count": 0, "candidate_scores_path": "", "predictions_path": "/groups/echambe2/gmeng/MedAL-Agent/repo/code/runs/frozen_v5/predictions/origa__P9__s2000__r6.npz", "initial_labeled_path": "/groups/echambe2/gmeng/MedAL-Agent/repo/code/runs/frozen_v5/init_sets/origa__s2000__n8.json", "initial_labeled_ids": [], "selection_diagnostics": {}, "training": {"num_iters": 1000, "batch_size": 12, "lr": 0.001, "image_size": 512, "aspect_preserve": true, "resolution_policy": "longside_pad32", "preproc_cache": {"pool": "hit", "val": "hit"}, "train_runtime_sec": 2631.7397470474243, "query_runtime_sec": 0.0, "iters": 5000, "stop_iter": 5000, "mean_loss": 0.1698509739216417, "last_loss": 0.04205245152115822, "stop_reason": "plateau_max", "hit_max_iters": true, "final_smooth_loss": 0.03460134332999587, "best_smooth_loss": 0.03460134332999587, "diverged": false, "loss_curve": [[1000, 0.2307108199596405], [1100, 0.22823889940977096], [1200, 0.214922306984663], [1300, 0.2017890314757824], [1400, 0.20191134318709372], [1500, 0.19597160190343857], [1600, 0.18937399066984653], [1700, 0.1882396550476551], [1800, 0.17970484495162964], [1900, 0.17511957928538321], [2000, 0.16974317602813244], [2100, 0.17071255922317505], [2200, 0.16093394868075847], [2300, 0.15179098151624204], [2400, 0.1541223833709955], [2500, 0.14483148247003555], [2600, 0.1282014050334692], [2700, 0.12008679069578648], [2800, 0.11565463952720165], [2900, 0.10947014048695564], [3000, 0.09690655738115311], [3100, 0.09028172060847282], [3200, 0.08754335954785347], [3300, 0.07754689436405897], [3400, 0.07423101104795933], [3500, 0.06768161803483963], [3600, 0.06761852920055389], [3700, 0.0592980121076107], [3800, 0.05707764655351639], [3900, 0.052105726525187496], [4000, 0.05038564562797546], [4100, 0.046593623049557206], [4200, 0.04667679902166128], [4300, 0.04519444469362497], [4400, 0.04283778440207243], [4500, 0.041132823564112186], [4600, 0.04002674957737327], [4700, 0.03845444390550256], [4800, 0.03735416388139129], [4900, 0.0370871071703732], [5000, 0.03460134332999587]]}, "ckpt_id": "origa__P9__s2000__r6", "ckpt_path": "", "ckpt_hash": "ff84fb75807b55e780b13aafcbdd4dda1959dce6be8843dec11abdca7080ecb5", "config_hash": "bf4ec5f898291681fce09c32cda12c6918044a048969b35e9673716b3b129d33", "feature_cache_keys": {}, "sam_model_type": "", "sam_checkpoint": "", "metrics": {"primary_metric": "mean_dsc_fg_case_macro", "metric_version": "v3_case_macro", "eval_scope": "case_full_volume", "mean_dsc_fg_case_macro": 0.8342132700653541, "mean_dsc_fg": 0.8342132700653541, "mean_dsc_fg_pooled_diagnostic": 0.8376414574076463, "dsc_per_class_pooled": [0.9992405337703641, 0.8306101698922952, 0.8446727449229974], "dsc_per_class": [0.9992405337703641, 0.8306101698922952, 0.8446727449229974], "n_cases": 65, "n_eval": 65, "structure_detection_rate": 1.0, "missed_structure_rate": 0.0}, "runtime_sec": {"train": 2631.7397470474243, "eval": 1.522946834564209, "select": 0.0}, "gpu_mem_mb": 9607.512064, "gpu_name": "Tesla V100-PCIE-32GB", "gpu_total_mem_mb": 34072.559616, "foundation": {}, "notes": ""}
