{"schema_version": "v3", "run_id": "refuge__P6__s3000", "round": 0, "dataset": "refuge", "modality": "fundus", "target": "optic_nerve_head", "dim": "2d", "query_unit": "image", "seed": 3000, "round_seed": 3000, "component_seeds": {"model_init_seed": 4268717614, "loader_seed": 3761024140, "query_seed": 1653928250, "dropout_seed": 3551934248}, "total_rounds": 7, "budget_denominator": {"full_train_N": 960, "requested_pool_cap": 5000, "actual_AL_pool_N": 960, "budget_plan": [10, 20, 39, 68, 96, 144, 192], "fraction_of_AL_pool": 0.2, "fraction_of_full_train": 0.2}, "policy_id": "P6", "policy_name": "SelectiveUncertaintyAL", "method_version": "1.0", "is_ablation": false, "policy_config": {}, "cumulative_budget": 10, "incremental_query_count": 10, "labeled_count": 10, "labeled_ratio": 0.010416666666666666, "selected_ids": ["V0193", "V0347", "T0121", "g0022", "T0035", "V0242", "T0198", "V0124", "V0176", "T0138"], "selected_scores": [0.38725993037223816, 0.40500667691230774, 0.3732813596725464, 0.3873177170753479, 0.3628062307834625, 0.40354081988334656, 0.36750298738479614, 0.38331156969070435, 0.36106589436531067, 0.3813543915748596], "selected_pred_fg_ratio": [0.037014007568359375, 0.0304718017578125, 0.022251129150390625, 0.021026611328125, 0.0310516357421875, 0.038909912109375, 0.0286407470703125, 0.021678924560546875, 0.0267181396484375, 0.020965576171875], "selected_pred_class_dist": [[0.9629859924316406, 0.023761749267578125, 0.01325225830078125], [0.9695281982421875, 0.0225830078125, 0.0078887939453125], [0.9777488708496094, 0.0187530517578125, 0.003498077392578125], [0.978973388671875, 0.01613616943359375, 0.00489044189453125], [0.9689483642578125, 0.0189666748046875, 0.0120849609375], [0.961090087890625, 0.02960968017578125, 0.00930023193359375], [0.9713592529296875, 0.01576995849609375, 0.01287078857421875], [0.9783210754394531, 0.017177581787109375, 0.0045013427734375], [0.9732818603515625, 0.018589019775390625, 0.008129119873046875], [0.979034423828125, 0.01617431640625, 0.004791259765625]], "candidate_count": 950, "candidate_scores_path": "/groups/echambe2/gmeng/MedAL-Agent/repo/code/runs/frozen_v5/candidate_scores/refuge__P6__s3000__r0.json", "predictions_path": "", "initial_labeled_path": "/groups/echambe2/gmeng/MedAL-Agent/repo/code/runs/frozen_v5/init_sets/refuge__s3000__n10.json", "initial_labeled_ids": ["T0008", "T0143", "T0316", "V0272", "V0365", "n0025", "n0128", "n0191", "n0275", "n0333"], "selection_diagnostics": {"selu_valid_intersected": true, "selu_target_frac": 0.01820003241300583, "selu_boundary_frac": 0.00010524548997636884, "selu_score_target_mean": 0.017374271526932716, "selu_score_boundary_mean": 0.6352736949920654}, "training": {"num_iters": 1000, "batch_size": 12, "lr": 0.001, "image_size": 512, "aspect_preserve": true, "resolution_policy": "longside_pad32", "preproc_cache": {"pool": "hit", "val": "hit"}, "train_runtime_sec": 1087.4300100803375, "query_runtime_sec": 34.97106981277466, "iters": 2500, "stop_iter": 2500, "mean_loss": 0.12841658002287148, "last_loss": 0.010125958360731602, "stop_reason": "plateau", "hit_max_iters": false, "final_smooth_loss": 0.01024941297248006, "best_smooth_loss": 0.013183989059180022, "diverged": false, "loss_curve": [[1000, 0.029402162116020918], [1100, 0.026897531636059284], [1200, 0.023698864914476873], [1300, 0.02186729051172733], [1400, 0.02067216457799077], [1500, 0.018312569800764324], [1600, 0.016589431641623378], [1700, 0.015805191816762088], [1800, 0.015258662616834045], [1900, 0.01434253579005599], [2000, 0.013183989059180022], [2100, 0.012525649527087807], [2200, 0.01206049881875515], [2300, 0.010986979296430945], [2400, 0.011097920397296547], [2500, 0.01024941297248006]]}, "ckpt_id": "refuge__P6__s3000__r0", "ckpt_path": "", "ckpt_hash": "0691a5abd2e6701006530e2811d66420fb54b18a8918b51d162046f3dd4c0168", "config_hash": "e840f429c53f252733967bfcca5a736d2ed0c080171d7ce6886508e2528e3140", "feature_cache_keys": {}, "sam_model_type": "", "sam_checkpoint": "", "metrics": {"primary_metric": "mean_dsc_fg_case_macro", "metric_version": "v3_case_macro", "eval_scope": "case_full_volume", "mean_dsc_fg_case_macro": 0.7609702751929507, "mean_dsc_fg": 0.7609702751929507, "mean_dsc_fg_pooled_diagnostic": 0.749504069587229, "dsc_per_class_pooled": [0.9976396313989404, 0.769055630849768, 0.7299525083246902], "dsc_per_class": [0.9976396313989404, 0.769055630849768, 0.7299525083246902], "n_cases": 120, "n_eval": 120, "structure_detection_rate": 1.0, "missed_structure_rate": 0.0}, "runtime_sec": {"train": 1087.4300100803375, "eval": 2.602564811706543, "select": 34.97106981277466}, "gpu_mem_mb": 8107.379712, "gpu_name": "Tesla V100-PCIE-32GB", "gpu_total_mem_mb": 34072.559616, "foundation": {}, "notes": ""}
{"schema_version": "v3", "run_id": "refuge__P6__s3000", "round": 1, "dataset": "refuge", "modality": "fundus", "target": "optic_nerve_head", "dim": "2d", "query_unit": "image", "seed": 3000, "round_seed": 3001, "component_seeds": {"model_init_seed": 1368497401, "loader_seed": 724338150, "query_seed": 2939650167, "dropout_seed": 1283938365}, "total_rounds": 7, "budget_denominator": {"full_train_N": 960, "requested_pool_cap": 5000, "actual_AL_pool_N": 960, "budget_plan": [10, 20, 39, 68, 96, 144, 192], "fraction_of_AL_pool": 0.2, "fraction_of_full_train": 0.2}, "policy_id": "P6", "policy_name": "SelectiveUncertaintyAL", "method_version": "1.0", "is_ablation": false, "policy_config": {}, "cumulative_budget": 20, "incremental_query_count": 19, "labeled_count": 20, "labeled_ratio": 0.020833333333333332, "selected_ids": ["n0309", "V0093", "n0311", "T0060", "n0110", "V0047", "T0397", "V0008", "V0005", "T0204", "T0358", "V0179", "T0025", "T0113", "V0002", "n0136", "V0215", "T0051", "V0097"], "selected_scores": [0.4195915758609772, 0.3641494810581207, 0.40305230021476746, 0.36218661069869995, 0.3777318298816681, 0.3552980124950409, 0.3617846667766571, 0.3625861406326294, 0.36361896991729736, 0.35723876953125, 0.3627190887928009, 0.36226919293403625, 0.3611431121826172, 0.3509007394313812, 0.3606540262699127, 0.3574422001838684, 0.364668071269989, 0.3608410954475403, 0.35204675793647766], "selected_pred_fg_ratio": [0.02466583251953125, 0.01738739013671875, 0.01856231689453125, 0.01619720458984375, 0.0149688720703125, 0.0127105712890625, 0.035991668701171875, 0.019195556640625, 0.028018951416015625, 0.018310546875, 0.035064697265625, 0.017902374267578125, 0.026271820068359375, 0.014202117919921875, 0.020885467529296875, 0.014934539794921875, 0.02664947509765625, 0.021038055419921875, 0.01865386962890625], "selected_pred_class_dist": [[0.9753341674804688, 0.015880584716796875, 0.008785247802734375], [0.9826126098632812, 0.009735107421875, 0.00765228271484375], [0.9814376831054688, 0.012256622314453125, 0.006305694580078125], [0.9838027954101562, 0.011188507080078125, 0.005008697509765625], [0.9850311279296875, 0.011699676513671875, 0.003269195556640625], [0.9872894287109375, 0.009700775146484375, 0.003009796142578125], [0.9640083312988281, 0.017852783203125, 0.018138885498046875], [0.980804443359375, 0.010692596435546875, 0.008502960205078125], [0.9719810485839844, 0.01396942138671875, 0.014049530029296875], [0.981689453125, 0.011566162109375, 0.006744384765625], [0.964935302734375, 0.01770782470703125, 0.01735687255859375], [0.9820976257324219, 0.01068115234375, 0.007221221923828125], [0.9737281799316406, 0.0154571533203125, 0.010814666748046875], [0.9857978820800781, 0.01036834716796875, 0.003833770751953125], [0.9791145324707031, 0.015026092529296875, 0.005859375], [0.9850654602050781, 0.011219024658203125, 0.00371551513671875], [0.9733505249023438, 0.00882720947265625, 0.017822265625], [0.9789619445800781, 0.011188507080078125, 0.00984954833984375], [0.9813461303710938, 0.0107269287109375, 0.00792694091796875]], "candidate_count": 940, "candidate_scores_path": "/groups/echambe2/gmeng/MedAL-Agent/repo/code/runs/frozen_v5/candidate_scores/refuge__P6__s3000__r1.json", "predictions_path": "", "initial_labeled_path": "/groups/echambe2/gmeng/MedAL-Agent/repo/code/runs/frozen_v5/init_sets/refuge__s3000__n10.json", "initial_labeled_ids": [], "selection_diagnostics": {"selu_valid_intersected": true, "selu_target_frac": 0.016803307458758354, "selu_boundary_frac": 9.302180114900693e-05, "selu_score_target_mean": 0.017884088680148125, "selu_score_boundary_mean": 0.6358373761177063}, "training": {"num_iters": 1000, "batch_size": 12, "lr": 0.001, "image_size": 512, "aspect_preserve": true, "resolution_policy": "longside_pad32", "preproc_cache": {"pool": "hit", "val": "hit"}, "train_runtime_sec": 1053.878354549408, "query_runtime_sec": 34.286364793777466, "iters": 2100, "stop_iter": 2100, "mean_loss": 0.10901795052479775, "last_loss": 0.012285420671105385, "stop_reason": "plateau", "hit_max_iters": false, "final_smooth_loss": 0.013296162132173777, "best_smooth_loss": 0.018019824884831906, "diverged": false, "loss_curve": [[1000, 0.02973202954977751], [1100, 0.027043401394039393], [1200, 0.024600122459232807], [1300, 0.02199709728360176], [1400, 0.021373136127367617], [1500, 0.019929336216300726], [1600, 0.018019824884831906], [1700, 0.017725152410566807], [1800, 0.01576874904334545], [1900, 0.014919527703896165], [2000, 0.014640943137928844], [2100, 0.013296162132173777]]}, "ckpt_id": "refuge__P6__s3000__r1", "ckpt_path": "", "ckpt_hash": "1f793a76ae1064ec03459f3c4c0a2cff3c289e3397287a001ef42ff3f3e3bc22", "config_hash": "e840f429c53f252733967bfcca5a736d2ed0c080171d7ce6886508e2528e3140", "feature_cache_keys": {}, "sam_model_type": "", "sam_checkpoint": "", "metrics": {"primary_metric": "mean_dsc_fg_case_macro", "metric_version": "v3_case_macro", "eval_scope": "case_full_volume", "mean_dsc_fg_case_macro": 0.8069816154718059, "mean_dsc_fg": 0.8069816154718059, "mean_dsc_fg_pooled_diagnostic": 0.8025151445965814, "dsc_per_class_pooled": [0.998414643684268, 0.8234549572949326, 0.7815753318982301], "dsc_per_class": [0.998414643684268, 0.8234549572949326, 0.7815753318982301], "n_cases": 120, "n_eval": 120, "structure_detection_rate": 1.0, "missed_structure_rate": 0.0}, "runtime_sec": {"train": 1053.878354549408, "eval": 2.5957467555999756, "select": 34.286364793777466}, "gpu_mem_mb": 9442.588672, "gpu_name": "Tesla V100-PCIE-32GB", "gpu_total_mem_mb": 34072.559616, "foundation": {}, "notes": ""}
{"schema_version": "v3", "run_id": "refuge__P6__s3000", "round": 2, "dataset": "refuge", "modality": "fundus", "target": "optic_nerve_head", "dim": "2d", "query_unit": "image", "seed": 3000, "round_seed": 3002, "component_seeds": {"model_init_seed": 3745551808, "loader_seed": 2465835433, "query_seed": 2701088630, "dropout_seed": 1393056386}, "total_rounds": 7, "budget_denominator": {"full_train_N": 960, "requested_pool_cap": 5000, "actual_AL_pool_N": 960, "budget_plan": [10, 20, 39, 68, 96, 144, 192], "fraction_of_AL_pool": 0.2, "fraction_of_full_train": 0.2}, "policy_id": "P6", "policy_name": "SelectiveUncertaintyAL", "method_version": "1.0", "is_ablation": false, "policy_config": {}, "cumulative_budget": 39, "incremental_query_count": 29, "labeled_count": 39, "labeled_ratio": 0.040625, "selected_ids": ["n0003", "n0097", "T0306", "T0188", "n0348", "n0083", "n0298", "V0068", "g0002", "T0129", "T0049", "g0006", "g0016", "V0351", "T0310", "T0223", "n0117", "g0003", "n0318", "n0175", "n0278", "n0046", "T0320", "V0141", "n0116", "T0036", "n0179", "V0142", "V0295"], "selected_scores": [0.3679163455963135, 0.38762372732162476, 0.3688398599624634, 0.3562304973602295, 0.37754225730895996, 0.35589689016342163, 0.34799543023109436, 0.35485944151878357, 0.361370325088501, 0.35455116629600525, 0.3582756221294403, 0.35084185004234314, 0.3395405411720276, 0.3583819270133972, 0.35622021555900574, 0.346122682094574, 0.35077330470085144, 0.3554691970348358, 0.34769079089164734, 0.3463688790798187, 0.3470020294189453, 0.3516327142715454, 0.3353019952774048, 0.3489851653575897, 0.3459859788417816, 0.34081509709358215, 0.3480994403362274, 0.33975812792778015, 0.3516356348991394], "selected_pred_fg_ratio": [0.01679229736328125, 0.015377044677734375, 0.016674041748046875, 0.015804290771484375, 0.025203704833984375, 0.01190948486328125, 0.009983062744140625, 0.017314910888671875, 0.01385498046875, 0.027462005615234375, 0.0232696533203125, 0.0283355712890625, 0.013431549072265625, 0.026325225830078125, 0.024566650390625, 0.02611541748046875, 0.023548126220703125, 0.011600494384765625, 0.011569976806640625, 0.013370513916015625, 0.020183563232421875, 0.018779754638671875, 0.02411651611328125, 0.01444244384765625, 0.014324188232421875, 0.013519287109375, 0.016399383544921875, 0.01865386962890625, 0.022716522216796875], "selected_pred_class_dist": [[0.9832077026367188, 0.0096588134765625, 0.00713348388671875], [0.9846229553222656, 0.009616851806640625, 0.00576019287109375], [0.9833259582519531, 0.011341094970703125, 0.00533294677734375], [0.9841957092285156, 0.009777069091796875, 0.0060272216796875], [0.9747962951660156, 0.013896942138671875, 0.0113067626953125], [0.9880905151367188, 0.009464263916015625, 0.002445220947265625], [0.9900169372558594, 0.008747100830078125, 0.0012359619140625], [0.9826850891113281, 0.01251983642578125, 0.004795074462890625], [0.98614501953125, 0.008975982666015625, 0.004878997802734375], [0.9725379943847656, 0.015834808349609375, 0.011627197265625], [0.9767303466796875, 0.0145111083984375, 0.008758544921875], [0.9716644287109375, 0.01772308349609375, 0.01061248779296875], [0.9865684509277344, 0.010951995849609375, 0.00247955322265625], [0.9736747741699219, 0.016368865966796875, 0.00995635986328125], [0.975433349609375, 0.0115203857421875, 0.0130462646484375], [0.9738845825195312, 0.01348876953125, 0.01262664794921875], [0.9764518737792969, 0.01760101318359375, 0.005947113037109375], [0.9883995056152344, 0.00983428955078125, 0.001766204833984375], [0.9884300231933594, 0.0089263916015625, 0.002643585205078125], [0.9866294860839844, 0.011493682861328125, 0.0018768310546875], [0.9798164367675781, 0.01413726806640625, 0.006046295166015625], [0.9812202453613281, 0.014636993408203125, 0.00414276123046875], [0.9758834838867188, 0.0176544189453125, 0.00646209716796875], [0.9855575561523438, 0.010921478271484375, 0.003520965576171875], [0.9856758117675781, 0.01035308837890625, 0.003971099853515625], [0.986480712890625, 0.010890960693359375, 0.002628326416015625], [0.9836006164550781, 0.012218475341796875, 0.004180908203125], [0.9813461303710938, 0.01355743408203125, 0.005096435546875], [0.9772834777832031, 0.014404296875, 0.008312225341796875]], "candidate_count": 921, "candidate_scores_path": "/groups/echambe2/gmeng/MedAL-Agent/repo/code/runs/frozen_v5/candidate_scores/refuge__P6__s3000__r2.json", "predictions_path": "", "initial_labeled_path": "/groups/echambe2/gmeng/MedAL-Agent/repo/code/runs/frozen_v5/init_sets/refuge__s3000__n10.json", "initial_labeled_ids": [], "selection_diagnostics": {"selu_valid_intersected": true, "selu_target_frac": 0.016914425417780876, "selu_boundary_frac": 9.758749365573749e-05, "selu_score_target_mean": 0.01940927654504776, "selu_score_boundary_mean": 0.6287750601768494}, "training": {"num_iters": 1000, "batch_size": 12, "lr": 0.001, "image_size": 512, "aspect_preserve": true, "resolution_policy": "longside_pad32", "preproc_cache": {"pool": "hit", "val": "hit"}, "train_runtime_sec": 1349.009418964386, "query_runtime_sec": 33.38208746910095, "iters": 2700, "stop_iter": 2700, "mean_loss": 0.13170037890336028, "last_loss": 0.02058655582368374, "stop_reason": "plateau", "hit_max_iters": false, "final_smooth_loss": 0.022296210248023272, "best_smooth_loss": 0.02355486771091819, "diverged": false, "loss_curve": [[1000, 0.060589885376393794], [1100, 0.05178092855960131], [1200, 0.04514953777194023], [1300, 0.040604110658168796], [1400, 0.0417833997681737], [1500, 0.03548636481165886], [1600, 0.03389012392610311], [1700, 0.0305030133202672], [1800, 0.029247514363378288], [1900, 0.040347692482173445], [2000, 0.029461074955761432], [2100, 0.026343649737536907], [2200, 0.02355486771091819], [2300, 0.023890021853148938], [2400, 0.02232197519391775], [2500, 0.021376302000135183], [2600, 0.022133692502975463], [2700, 0.022296210248023272]]}, "ckpt_id": "refuge__P6__s3000__r2", "ckpt_path": "", "ckpt_hash": "85c2334b22cf5d84e2cf5b55bff1c5d96c80a5377330f63ecf6889582d3e7539", "config_hash": "e840f429c53f252733967bfcca5a736d2ed0c080171d7ce6886508e2528e3140", "feature_cache_keys": {}, "sam_model_type": "", "sam_checkpoint": "", "metrics": {"primary_metric": "mean_dsc_fg_case_macro", "metric_version": "v3_case_macro", "eval_scope": "case_full_volume", "mean_dsc_fg_case_macro": 0.8341285192884988, "mean_dsc_fg": 0.8341285192884988, "mean_dsc_fg_pooled_diagnostic": 0.8291782860781459, "dsc_per_class_pooled": [0.9987878786311726, 0.8515702030051376, 0.8067863691511542], "dsc_per_class": [0.9987878786311726, 0.8515702030051376, 0.8067863691511542], "n_cases": 120, "n_eval": 120, "structure_detection_rate": 1.0, "missed_structure_rate": 0.0}, "runtime_sec": {"train": 1349.009418964386, "eval": 2.466773748397827, "select": 33.38208746910095}, "gpu_mem_mb": 9447.225344, "gpu_name": "Tesla V100-PCIE-32GB", "gpu_total_mem_mb": 34072.559616, "foundation": {}, "notes": ""}
{"schema_version": "v3", "run_id": "refuge__P6__s3000", "round": 3, "dataset": "refuge", "modality": "fundus", "target": "optic_nerve_head", "dim": "2d", "query_unit": "image", "seed": 3000, "round_seed": 3003, "component_seeds": {"model_init_seed": 3579842532, "loader_seed": 3462212509, "query_seed": 3091667733, "dropout_seed": 1977868587}, "total_rounds": 7, "budget_denominator": {"full_train_N": 960, "requested_pool_cap": 5000, "actual_AL_pool_N": 960, "budget_plan": [10, 20, 39, 68, 96, 144, 192], "fraction_of_AL_pool": 0.2, "fraction_of_full_train": 0.2}, "policy_id": "P6", "policy_name": "SelectiveUncertaintyAL", "method_version": "1.0", "is_ablation": false, "policy_config": {}, "cumulative_budget": 68, "incremental_query_count": 28, "labeled_count": 68, "labeled_ratio": 0.07083333333333333, "selected_ids": ["T0070", "T0021", "V0334", "T0017", "g0014", "n0354", "V0175", "V0151", "V0159", "T0177", "g0007", "T0067", "V0149", "n0148", "g0038", "V0016", "n0207", "V0226", "T0112", "V0206", "n0262", "T0388", "n0039", "n0008", "n0099", "V0182", "T0022", "T0135"], "selected_scores": [0.35134953260421753, 0.3781871199607849, 0.3415108621120453, 0.3610773980617523, 0.3581021726131439, 0.3612128794193268, 0.342947393655777, 0.3592335879802704, 0.3396111726760864, 0.35018014907836914, 0.3519548177719116, 0.3469681143760681, 0.33563247323036194, 0.34279605746269226, 0.33724698424339294, 0.3323553800582886, 0.3392607569694519, 0.333599716424942, 0.3430493474006653, 0.3384336233139038, 0.3385421335697174, 0.34065112471580505, 0.3379291594028473, 0.3315822184085846, 0.3376103341579437, 0.3310348391532898, 0.3376508057117462, 0.3318619132041931], "selected_pred_fg_ratio": [0.01958465576171875, 0.022899627685546875, 0.01532745361328125, 0.019748687744140625, 0.01714324951171875, 0.02032470703125, 0.01679229736328125, 0.017974853515625, 0.017444610595703125, 0.020694732666015625, 0.0188751220703125, 0.020053863525390625, 0.0171356201171875, 0.012386322021484375, 0.016979217529296875, 0.013240814208984375, 0.01616668701171875, 0.01674652099609375, 0.01880645751953125, 0.0180206298828125, 0.024242401123046875, 0.012630462646484375, 0.020282745361328125, 0.016872406005859375, 0.0165557861328125, 0.009521484375, 0.020618438720703125, 0.013141632080078125], "selected_pred_class_dist": [[0.9804153442382812, 0.012630462646484375, 0.006954193115234375], [0.9771003723144531, 0.0135498046875, 0.009349822998046875], [0.9846725463867188, 0.012683868408203125, 0.002643585205078125], [0.9802513122558594, 0.010528564453125, 0.009220123291015625], [0.9828567504882812, 0.0120391845703125, 0.00510406494140625], [0.97967529296875, 0.0146331787109375, 0.0056915283203125], [0.9832077026367188, 0.0117034912109375, 0.00508880615234375], [0.982025146484375, 0.012569427490234375, 0.005405426025390625], [0.9825553894042969, 0.011341094970703125, 0.006103515625], [0.9793052673339844, 0.011554718017578125, 0.0091400146484375], [0.9811248779296875, 0.009662628173828125, 0.009212493896484375], [0.9799461364746094, 0.01514434814453125, 0.004909515380859375], [0.9828643798828125, 0.01158905029296875, 0.00554656982421875], [0.9876136779785156, 0.0095367431640625, 0.002849578857421875], [0.9830207824707031, 0.010532379150390625, 0.00644683837890625], [0.9867591857910156, 0.01137542724609375, 0.001865386962890625], [0.9838333129882812, 0.01198577880859375, 0.004180908203125], [0.9832534790039062, 0.01140594482421875, 0.005340576171875], [0.9811935424804688, 0.013172149658203125, 0.005634307861328125], [0.9819793701171875, 0.01349639892578125, 0.00452423095703125], [0.9757575988769531, 0.016086578369140625, 0.00815582275390625], [0.9873695373535156, 0.010982513427734375, 0.00164794921875], [0.9797172546386719, 0.01453399658203125, 0.005748748779296875], [0.9831275939941406, 0.013431549072265625, 0.00344085693359375], [0.9834442138671875, 0.012195587158203125, 0.004360198974609375], [0.990478515625, 0.008075714111328125, 0.001445770263671875], [0.9793815612792969, 0.0157012939453125, 0.004917144775390625], [0.9868583679199219, 0.01141357421875, 0.001728057861328125]], "candidate_count": 892, "candidate_scores_path": "/groups/echambe2/gmeng/MedAL-Agent/repo/code/runs/frozen_v5/candidate_scores/refuge__P6__s3000__r3.json", "predictions_path": "", "initial_labeled_path": "/groups/echambe2/gmeng/MedAL-Agent/repo/code/runs/frozen_v5/init_sets/refuge__s3000__n10.json", "initial_labeled_ids": [], "selection_diagnostics": {"selu_valid_intersected": true, "selu_target_frac": 0.01685512810945511, "selu_boundary_frac": 0.00011485574214020744, "selu_score_target_mean": 0.022889984771609306, "selu_score_boundary_mean": 0.6273645162582397}, "training": {"num_iters": 1000, "batch_size": 12, "lr": 0.001, "image_size": 512, "aspect_preserve": true, "resolution_policy": "longside_pad32", "preproc_cache": {"pool": "hit", "val": "hit"}, "train_runtime_sec": 1499.4118423461914, "query_runtime_sec": 32.97241544723511, "iters": 3000, "stop_iter": 3000, "mean_loss": 0.15130392939473192, "last_loss": 0.03034163825213909, "stop_reason": "plateau", "hit_max_iters": false, "final_smooth_loss": 0.03319273779168725, "best_smooth_loss": 0.031246435958892108, "diverged": false, "loss_curve": [[1000, 0.11079519897699357], [1100, 0.0950913393497467], [1200, 0.08189668279141188], [1300, 0.07642893478274346], [1400, 0.06804371941834689], [1500, 0.06053405549377203], [1600, 0.05462312307208776], [1700, 0.051051004491746425], [1800, 0.04606101971119642], [1900, 0.04472552862018347], [2000, 0.03841341095045209], [2100, 0.03789416344836354], [2200, 0.034496994577348235], [2300, 0.03890008686110377], [2400, 0.03406281692907214], [2500, 0.031246435958892108], [2600, 0.028624308686703445], [2700, 0.02809329451993108], [2800, 0.027438915353268385], [2900, 0.02682764070108533], [3000, 0.03319273779168725]]}, "ckpt_id": "refuge__P6__s3000__r3", "ckpt_path": "", "ckpt_hash": "f5d90f150e726369aa1c01759432c5cfddee2349fb28610f0b5e6117aa88e242", "config_hash": "e840f429c53f252733967bfcca5a736d2ed0c080171d7ce6886508e2528e3140", "feature_cache_keys": {}, "sam_model_type": "", "sam_checkpoint": "", "metrics": {"primary_metric": "mean_dsc_fg_case_macro", "metric_version": "v3_case_macro", "eval_scope": "case_full_volume", "mean_dsc_fg_case_macro": 0.8510170799311367, "mean_dsc_fg": 0.8510170799311367, "mean_dsc_fg_pooled_diagnostic": 0.850593237582125, "dsc_per_class_pooled": [0.9988803550984178, 0.8603338341147511, 0.840852641049499], "dsc_per_class": [0.9988803550984178, 0.8603338341147511, 0.840852641049499], "n_cases": 120, "n_eval": 120, "structure_detection_rate": 1.0, "missed_structure_rate": 0.0}, "runtime_sec": {"train": 1499.4118423461914, "eval": 2.4439470767974854, "select": 32.97241544723511}, "gpu_mem_mb": 9445.455872, "gpu_name": "Tesla V100-PCIE-32GB", "gpu_total_mem_mb": 34072.559616, "foundation": {}, "notes": ""}
{"schema_version": "v3", "run_id": "refuge__P6__s3000", "round": 4, "dataset": "refuge", "modality": "fundus", "target": "optic_nerve_head", "dim": "2d", "query_unit": "image", "seed": 3000, "round_seed": 3004, "component_seeds": {"model_init_seed": 1298922563, "loader_seed": 4234259380, "query_seed": 3641520638, "dropout_seed": 3440374736}, "total_rounds": 7, "budget_denominator": {"full_train_N": 960, "requested_pool_cap": 5000, "actual_AL_pool_N": 960, "budget_plan": [10, 20, 39, 68, 96, 144, 192], "fraction_of_AL_pool": 0.2, "fraction_of_full_train": 0.2}, "policy_id": "P6", "policy_name": "SelectiveUncertaintyAL", "method_version": "1.0", "is_ablation": false, "policy_config": {}, "cumulative_budget": 96, "incremental_query_count": 48, "labeled_count": 96, "labeled_ratio": 0.1, "selected_ids": ["n0229", "n0236", "n0106", "g0028", "n0230", "n0137", "g0040", "V0028", "n0302", "V0380", "T0041", "n0051", "n0165", "g0017", "n0197", "T0396", "V0229", "g0018", "n0154", "g0031", "V0131", "T0024", "V0169", "T0224", "n0307", "V0378", "g0025", "n0222", "V0279", "n0339", "T0290", "n0147", "n0291", "T0002", "g0010", "V0013", "V0080", "T0147", "n0346", "T0366", "T0212", "V0121", "n0107", "n0254", "g0005", "T0118", "g0036", "T0234"], "selected_scores": [0.35371488332748413, 0.35340097546577454, 0.33639952540397644, 0.3447440266609192, 0.3288557529449463, 0.32823634147644043, 0.3357609212398529, 0.32718685269355774, 0.3304029703140259, 0.3275538980960846, 0.3248335123062134, 0.32614070177078247, 0.32543617486953735, 0.32648083567619324, 0.3236128091812134, 0.325292706489563, 0.3233226537704468, 0.3244156539440155, 0.32269179821014404, 0.32448747754096985, 0.32276901602745056, 0.3240915834903717, 0.32335829734802246, 0.32469603419303894, 0.3231060802936554, 0.3232603669166565, 0.3231137990951538, 0.3228563070297241, 0.32300829887390137, 0.3246569335460663, 0.3226338028907776, 0.3245393633842468, 0.323111891746521, 0.32314157485961914, 0.3227026164531708, 0.32327544689178467, 0.3236232399940491, 0.3235670328140259, 0.3220788240432739, 0.3235105574131012, 0.32212433218955994, 0.3241773247718811, 0.322736531496048, 0.32345420122146606, 0.3230234980583191, 0.323030561208725, 0.3234957754611969, 0.32221266627311707], "selected_pred_fg_ratio": [0.017425537109375, 0.012725830078125, 0.01624298095703125, 0.0149993896484375, 0.016284942626953125, 0.01734161376953125, 0.01776123046875, 0.014667510986328125, 0.01763153076171875, 0.013072967529296875, 0.013896942138671875, 0.019100189208984375, 0.01535797119140625, 0.01323699951171875, 0.015636444091796875, 0.012500762939453125, 0.01316070556640625, 0.017032623291015625, 0.0147552490234375, 0.013515472412109375, 0.01387786865234375, 0.01175689697265625, 0.014896392822265625, 0.011600494384765625, 0.018280029296875, 0.014430999755859375, 0.019680023193359375, 0.017940521240234375, 0.013427734375, 0.01425933837890625, 0.01349639892578125, 0.016345977783203125, 0.014476776123046875, 0.01248931884765625, 0.015811920166015625, 0.013275146484375, 0.01239776611328125, 0.0126800537109375, 0.0151824951171875, 0.0137786865234375, 0.015323638916015625, 0.013683319091796875, 0.01490020751953125, 0.020786285400390625, 0.0165557861328125, 0.01226806640625, 0.017917633056640625, 0.018894195556640625], "selected_pred_class_dist": [[0.982574462890625, 0.01107025146484375, 0.00635528564453125], [0.987274169921875, 0.010433197021484375, 0.002292633056640625], [0.9837570190429688, 0.011981964111328125, 0.004261016845703125], [0.9850006103515625, 0.005157470703125, 0.0098419189453125], [0.9837150573730469, 0.011783599853515625, 0.0045013427734375], [0.9826583862304688, 0.013195037841796875, 0.004146575927734375], [0.98223876953125, 0.006931304931640625, 0.010829925537109375], [0.9853324890136719, 0.010478973388671875, 0.00418853759765625], [0.9823684692382812, 0.010807037353515625, 0.006824493408203125], [0.9869270324707031, 0.010501861572265625, 0.00257110595703125], [0.9861030578613281, 0.0113372802734375, 0.002559661865234375], [0.9808998107910156, 0.013660430908203125, 0.00543975830078125], [0.9846420288085938, 0.012355804443359375, 0.003002166748046875], [0.9867630004882812, 0.00719451904296875, 0.00604248046875], [0.9843635559082031, 0.01214599609375, 0.003490447998046875], [0.9874992370605469, 0.010356903076171875, 0.00214385986328125], [0.9868392944335938, 0.0107421875, 0.00241851806640625], [0.9829673767089844, 0.006801605224609375, 0.01023101806640625], [0.9852447509765625, 0.01183319091796875, 0.00292205810546875], [0.9864845275878906, 0.00737762451171875, 0.006137847900390625], [0.9861221313476562, 0.01142120361328125, 0.0024566650390625], [0.9882431030273438, 0.009914398193359375, 0.001842498779296875], [0.9851036071777344, 0.012798309326171875, 0.00209808349609375], [0.9883995056152344, 0.009204864501953125, 0.0023956298828125], [0.981719970703125, 0.0139617919921875, 0.0043182373046875], [0.9855690002441406, 0.010669708251953125, 0.00376129150390625], [0.9803199768066406, 0.012485504150390625, 0.00719451904296875], [0.9820594787597656, 0.01360321044921875, 0.004337310791015625], [0.986572265625, 0.01087188720703125, 0.00255584716796875], [0.9857406616210938, 0.011341094970703125, 0.002918243408203125], [0.9865036010742188, 0.010616302490234375, 0.002880096435546875], [0.9836540222167969, 0.01241302490234375, 0.003932952880859375], [0.9855232238769531, 0.011585235595703125, 0.00289154052734375], [0.9875106811523438, 0.01007843017578125, 0.002410888671875], [0.9841880798339844, 0.01096343994140625, 0.004848480224609375], [0.986724853515625, 0.0102996826171875, 0.0029754638671875], [0.9876022338867188, 0.009883880615234375, 0.002513885498046875], [0.9873199462890625, 0.007816314697265625, 0.004863739013671875], [0.9848175048828125, 0.01201629638671875, 0.00316619873046875], [0.9862213134765625, 0.010746002197265625, 0.003032684326171875], [0.9846763610839844, 0.010986328125, 0.004337310791015625], [0.9863166809082031, 0.01059722900390625, 0.003086090087890625], [0.9850997924804688, 0.011096954345703125, 0.003803253173828125], [0.9792137145996094, 0.015682220458984375, 0.00510406494140625], [0.9834442138671875, 0.01324462890625, 0.0033111572265625], [0.98773193359375, 0.01025390625, 0.00201416015625], [0.9820823669433594, 0.00954437255859375, 0.008373260498046875], [0.9811058044433594, 0.013416290283203125, 0.0054779052734375]], "candidate_count": 864, "candidate_scores_path": "/groups/echambe2/gmeng/MedAL-Agent/repo/code/runs/frozen_v5/candidate_scores/refuge__P6__s3000__r4.json", "predictions_path": "", "initial_labeled_path": "/groups/echambe2/gmeng/MedAL-Agent/repo/code/runs/frozen_v5/init_sets/refuge__s3000__n10.json", "initial_labeled_ids": [], "selection_diagnostics": {"selu_valid_intersected": true, "selu_target_frac": 0.016513479873538017, "selu_boundary_frac": 9.178673644782975e-05, "selu_score_target_mean": 0.018696317449212074, "selu_score_boundary_mean": 0.6252570152282715}, "training": {"num_iters": 1000, "batch_size": 12, "lr": 0.001, "image_size": 512, "aspect_preserve": true, "resolution_policy": "longside_pad32", "preproc_cache": {"pool": "hit", "val": "hit"}, "train_runtime_sec": 1748.5617470741272, "query_runtime_sec": 30.750804901123047, "iters": 3500, "stop_iter": 3500, "mean_loss": 0.1324437137246132, "last_loss": 0.03240768238902092, "stop_reason": "plateau", "hit_max_iters": false, "final_smooth_loss": 0.027995071671903134, "best_smooth_loss": 0.032483430448919534, "diverged": false, "loss_curve": [[1000, 0.10764618061482906], [1100, 0.10692886263132095], [1200, 0.09142054341733456], [1300, 0.08477040305733681], [1400, 0.08015512958168984], [1500, 0.0750950126349926], [1600, 0.06686509281396866], [1700, 0.06422981645911932], [1800, 0.05953836273401976], [1900, 0.05438100874423981], [2000, 0.05144461438059807], [2100, 0.05284060496836901], [2200, 0.04981346633285284], [2300, 0.04290148448199034], [2400, 0.041941629126667976], [2500, 0.04035366516560316], [2600, 0.03807580033317208], [2700, 0.03773409567773342], [2800, 0.0348049003444612], [2900, 0.034110391438007356], [3000, 0.032483430448919534], [3100, 0.031995136868208644], [3200, 0.030789645574986934], [3300, 0.03097056247293949], [3400, 0.029713568836450578], [3500, 0.027995071671903134]]}, "ckpt_id": "refuge__P6__s3000__r4", "ckpt_path": "", "ckpt_hash": "0cef1e7965192feff6ead77dec6e57097af5c2d1f309c62f43f2943ec2922960", "config_hash": "e840f429c53f252733967bfcca5a736d2ed0c080171d7ce6886508e2528e3140", "feature_cache_keys": {}, "sam_model_type": "", "sam_checkpoint": "", "metrics": {"primary_metric": "mean_dsc_fg_case_macro", "metric_version": "v3_case_macro", "eval_scope": "case_full_volume", "mean_dsc_fg_case_macro": 0.8646130574795569, "mean_dsc_fg": 0.8646130574795569, "mean_dsc_fg_pooled_diagnostic": 0.8654355792250257, "dsc_per_class_pooled": [0.9990933172386548, 0.8768070462556175, 0.8540641121944338], "dsc_per_class": [0.9990933172386548, 0.8768070462556175, 0.8540641121944338], "n_cases": 120, "n_eval": 120, "structure_detection_rate": 1.0, "missed_structure_rate": 0.0}, "runtime_sec": {"train": 1748.5617470741272, "eval": 2.5012266635894775, "select": 30.750804901123047}, "gpu_mem_mb": 9447.012352, "gpu_name": "Tesla V100-PCIE-32GB", "gpu_total_mem_mb": 34072.559616, "foundation": {}, "notes": ""}
