{"schema_version": "v3", "run_id": "refuge__P9__s2000", "round": 0, "dataset": "refuge", "modality": "fundus", "target": "optic_nerve_head", "dim": "2d", "query_unit": "image", "seed": 2000, "round_seed": 2000, "component_seeds": {"model_init_seed": 1733582241, "loader_seed": 3333593949, "query_seed": 2915079519, "dropout_seed": 1768907296}, "total_rounds": 7, "budget_denominator": {"full_train_N": 960, "requested_pool_cap": 5000, "actual_AL_pool_N": 960, "budget_plan": [10, 20, 39, 68, 96, 144, 192], "fraction_of_AL_pool": 0.2, "fraction_of_full_train": 0.2}, "policy_id": "P9", "policy_name": "PAAL", "method_version": "1.0", "is_ablation": false, "policy_config": {}, "cumulative_budget": 10, "incremental_query_count": 10, "labeled_count": 10, "labeled_ratio": 0.010416666666666666, "selected_ids": ["n0084", "n0239", "n0359", "n0225", "n0257", "V0138", "n0097", "n0075", "n0318", "n0159"], "selected_scores": [0.00845339521765709, 0.007678547874093056, 0.008371465839445591, 0.008539848029613495, 0.008177797310054302, 0.0074644749984145164, 0.008423401042819023, 0.007527302950620651, 0.008350441232323647, 0.008119633421301842], "selected_pred_fg_ratio": [0.013339996337890625, 0.011310577392578125, 0.011234283447265625, 0.0146331787109375, 0.014545440673828125, 0.019718170166015625, 0.011165618896484375, 0.01277923583984375, 0.017490386962890625, 0.017822265625], "selected_pred_class_dist": [[0.9866600036621094, 0.009830474853515625, 0.003509521484375], [0.9886894226074219, 0.00846099853515625, 0.002849578857421875], [0.9887657165527344, 0.008525848388671875, 0.00270843505859375], [0.9853668212890625, 0.011600494384765625, 0.003032684326171875], [0.9854545593261719, 0.00974273681640625, 0.004802703857421875], [0.9802818298339844, 0.01520538330078125, 0.004512786865234375], [0.9888343811035156, 0.007823944091796875, 0.0033416748046875], [0.9872207641601562, 0.009395599365234375, 0.003383636474609375], [0.9825096130371094, 0.012603759765625, 0.004886627197265625], [0.982177734375, 0.013153076171875, 0.004669189453125]], "candidate_count": 950, "candidate_scores_path": "/groups/echambe2/gmeng/MedAL-Agent/repo/code/runs/frozen_v5/candidate_scores/refuge__P9__s2000__r0.json", "predictions_path": "", "initial_labeled_path": "/groups/echambe2/gmeng/MedAL-Agent/repo/code/runs/frozen_v5/init_sets/refuge__s2000__n10.json", "initial_labeled_ids": ["T0087", "T0114", "T0138", "T0224", "V0057", "V0108", "V0242", "n0224", "n0309", "n0328"], "selection_diagnostics": {"paal_ap_epochs": 200, "paal_ap_loss_mean": 0.0009561929605808927, "paal_ap_loss_last": 1.030480189001537e-05, "paal_ap_val_corr": 0.892502048395781, "paal_ap_n_train": 9, "paal_ap_n_val": 1, "paal_pred_acc_mean": 0.9945554137229919, "paal_pred_acc_std": 0.0030005525331944227, "paal_score_mean": 0.005464080721139908, "paal_score_std": 0.0013382064644247293, "paal_n_clusters": 6, "paal_cluster_sizes": [73, 141, 92, 222, 131, 291], "paal_selected_clusters": [0, 1, 2, 3, 4, 5, 0, 1, 2, 3]}, "training": {"num_iters": 1000, "batch_size": 12, "lr": 0.001, "image_size": 512, "aspect_preserve": true, "resolution_policy": "longside_pad32", "preproc_cache": {"pool": "hit", "val": "hit"}, "train_runtime_sec": 1164.318682193756, "query_runtime_sec": 76.62504291534424, "iters": 2500, "stop_iter": 2500, "mean_loss": 0.1349949431374669, "last_loss": 0.013402014039456844, "stop_reason": "plateau", "hit_max_iters": false, "final_smooth_loss": 0.016008943570777773, "best_smooth_loss": 0.019260663269087673, "diverged": false, "loss_curve": [[1000, 0.046485719345510004], [1100, 0.04136928079649806], [1200, 0.038893202971667054], [1300, 0.03407431410625577], [1400, 0.030328259579837324], [1500, 0.027030344847589732], [1600, 0.030279245041310788], [1700, 0.026133053824305533], [1800, 0.023869296219199896], [1900, 0.02279059112071991], [2000, 0.019260663269087673], [2100, 0.020075496742501853], [2200, 0.019003258971497416], [2300, 0.021087154047563672], [2400, 0.018297976879402995], [2500, 0.016008943570777773]]}, "ckpt_id": "refuge__P9__s2000__r0", "ckpt_path": "", "ckpt_hash": "800b066a3aa9cad8752b0dffcb45b0fa1a6f0806216d332758a628267313e740", "config_hash": "e840f429c53f252733967bfcca5a736d2ed0c080171d7ce6886508e2528e3140", "feature_cache_keys": {"task_unet": "task_unet_bottleneck@800b066a3aa9"}, "sam_model_type": "", "sam_checkpoint": "", "metrics": {"primary_metric": "mean_dsc_fg_case_macro", "metric_version": "v3_case_macro", "eval_scope": "case_full_volume", "mean_dsc_fg_case_macro": 0.7737536255548314, "mean_dsc_fg": 0.7737536255548314, "mean_dsc_fg_pooled_diagnostic": 0.770472382910467, "dsc_per_class_pooled": [0.9983363008887929, 0.7943509747970862, 0.7465937910238479], "dsc_per_class": [0.9983363008887929, 0.7943509747970862, 0.7465937910238479], "n_cases": 120, "n_eval": 120, "structure_detection_rate": 1.0, "missed_structure_rate": 0.0}, "runtime_sec": {"train": 1164.318682193756, "eval": 2.6826171875, "select": 76.62504291534424}, "gpu_mem_mb": 8107.379712, "gpu_name": "Tesla V100-PCIE-32GB", "gpu_total_mem_mb": 34072.559616, "foundation": {}, "notes": ""}
{"schema_version": "v3", "run_id": "refuge__P9__s2000", "round": 1, "dataset": "refuge", "modality": "fundus", "target": "optic_nerve_head", "dim": "2d", "query_unit": "image", "seed": 2000, "round_seed": 2001, "component_seeds": {"model_init_seed": 4092542587, "loader_seed": 4022314598, "query_seed": 1275594993, "dropout_seed": 1443935428}, "total_rounds": 7, "budget_denominator": {"full_train_N": 960, "requested_pool_cap": 5000, "actual_AL_pool_N": 960, "budget_plan": [10, 20, 39, 68, 96, 144, 192], "fraction_of_AL_pool": 0.2, "fraction_of_full_train": 0.2}, "policy_id": "P9", "policy_name": "PAAL", "method_version": "1.0", "is_ablation": false, "policy_config": {}, "cumulative_budget": 20, "incremental_query_count": 19, "labeled_count": 20, "labeled_ratio": 0.020833333333333332, "selected_ids": ["n0170", "V0114", "V0215", "n0096", "V0316", "T0295", "T0327", "T0290", "V0233", "g0016", "n0308", "T0362", "V0092", "T0120", "n0035", "T0382", "V0182", "n0053", "T0380"], "selected_scores": [0.006864103488624096, 0.007099593989551067, 0.008237915113568306, 0.006025394424796104, 0.008094433695077896, 0.006348317489027977, 0.006831537466496229, 0.0067631546407938, 0.006966515444219112, 0.0078921839594841, 0.005998902954161167, 0.007606308441609144, 0.005973556078970432, 0.006792130880057812, 0.006390134803950787, 0.006955238990485668, 0.007815124467015266, 0.005995458923280239, 0.007427768316119909], "selected_pred_fg_ratio": [0.012908935546875, 0.01336669921875, 0.042354583740234375, 0.012981414794921875, 0.013530731201171875, 0.016571044921875, 0.013980865478515625, 0.0136260986328125, 0.01503753662109375, 0.02140045166015625, 0.0159149169921875, 0.012481689453125, 0.02004241943359375, 0.01486968994140625, 0.01387786865234375, 0.0132904052734375, 0.023120880126953125, 0.016117095947265625, 0.012683868408203125], "selected_pred_class_dist": [[0.987091064453125, 0.00939178466796875, 0.00351715087890625], [0.98663330078125, 0.009601593017578125, 0.003765106201171875], [0.9576454162597656, 0.0401611328125, 0.002193450927734375], [0.9870185852050781, 0.009853363037109375, 0.0031280517578125], [0.9864692687988281, 0.011646270751953125, 0.00188446044921875], [0.983428955078125, 0.010501861572265625, 0.006069183349609375], [0.9860191345214844, 0.01020050048828125, 0.003780364990234375], [0.9863739013671875, 0.010417938232421875, 0.003208160400390625], [0.9849624633789062, 0.0112152099609375, 0.00382232666015625], [0.9785995483398438, 0.01663970947265625, 0.0047607421875], [0.9840850830078125, 0.01103973388671875, 0.00487518310546875], [0.987518310546875, 0.00955963134765625, 0.00292205810546875], [0.9799575805664062, 0.01212310791015625, 0.0079193115234375], [0.9851303100585938, 0.01068878173828125, 0.004180908203125], [0.9861221313476562, 0.0102996826171875, 0.00357818603515625], [0.9867095947265625, 0.0098724365234375, 0.00341796875], [0.9768791198730469, 0.019039154052734375, 0.00408172607421875], [0.9838829040527344, 0.011444091796875, 0.004673004150390625], [0.9873161315917969, 0.010662078857421875, 0.00202178955078125]], "candidate_count": 940, "candidate_scores_path": "/groups/echambe2/gmeng/MedAL-Agent/repo/code/runs/frozen_v5/candidate_scores/refuge__P9__s2000__r1.json", "predictions_path": "", "initial_labeled_path": "/groups/echambe2/gmeng/MedAL-Agent/repo/code/runs/frozen_v5/init_sets/refuge__s2000__n10.json", "initial_labeled_ids": [], "selection_diagnostics": {"paal_ap_epochs": 200, "paal_ap_loss_mean": 1.57899929298032e-05, "paal_ap_loss_last": 5.8427113395333035e-06, "paal_ap_val_corr": 0.9602878917180581, "paal_ap_n_train": 18, "paal_ap_n_val": 2, "paal_pred_acc_mean": 0.9942991137504578, "paal_pred_acc_std": 0.004219843074679375, "paal_score_mean": 0.005726195871829987, "paal_score_std": 0.000775081745814532, "paal_n_clusters": 7, "paal_cluster_sizes": [146, 184, 142, 137, 170, 29, 132], "paal_selected_clusters": [0, 1, 2, 3, 4, 5, 6, 0, 1, 2, 3, 4, 5, 6, 0, 1, 2, 3, 4]}, "training": {"num_iters": 1000, "batch_size": 12, "lr": 0.001, "image_size": 512, "aspect_preserve": true, "resolution_policy": "longside_pad32", "preproc_cache": {"pool": "hit", "val": "hit"}, "train_runtime_sec": 1470.2157099246979, "query_runtime_sec": 137.44133496284485, "iters": 2700, "stop_iter": 2700, "mean_loss": 0.11418996643688943, "last_loss": 0.013497771695256233, "stop_reason": "plateau", "hit_max_iters": false, "final_smooth_loss": 0.015915358029305934, "best_smooth_loss": 0.020729958843439818, "diverged": false, "loss_curve": [[1000, 0.04525023557245731], [1100, 0.04106037516146898], [1200, 0.03659234188497067], [1300, 0.0339800276607275], [1400, 0.03154170427471399], [1500, 0.02970611060038209], [1600, 0.028463815599679948], [1700, 0.026224636007100344], [1800, 0.025061363875865935], [1900, 0.02274515837430954], [2000, 0.022111199777573348], [2100, 0.022269610688090323], [2200, 0.020729958843439818], [2300, 0.02083105394616723], [2400, 0.018829381922259927], [2500, 0.018477399218827486], [2600, 0.01627902249805629], [2700, 0.015915358029305934]]}, "ckpt_id": "refuge__P9__s2000__r1", "ckpt_path": "", "ckpt_hash": "7a067cd58950a6c86b43da7315fd32cfc0131cc68459e6605d49e498cd2cddc8", "config_hash": "e840f429c53f252733967bfcca5a736d2ed0c080171d7ce6886508e2528e3140", "feature_cache_keys": {"task_unet": "task_unet_bottleneck@7a067cd58950"}, "sam_model_type": "", "sam_checkpoint": "", "metrics": {"primary_metric": "mean_dsc_fg_case_macro", "metric_version": "v3_case_macro", "eval_scope": "case_full_volume", "mean_dsc_fg_case_macro": 0.8169318753713118, "mean_dsc_fg": 0.8169318753713118, "mean_dsc_fg_pooled_diagnostic": 0.8149865456567411, "dsc_per_class_pooled": [0.9987211699412931, 0.8226471050676903, 0.8073259862457918], "dsc_per_class": [0.9987211699412931, 0.8226471050676903, 0.8073259862457918], "n_cases": 120, "n_eval": 120, "structure_detection_rate": 1.0, "missed_structure_rate": 0.0}, "runtime_sec": {"train": 1470.2157099246979, "eval": 2.6865193843841553, "select": 137.44133496284485}, "gpu_mem_mb": 9602.351104, "gpu_name": "Tesla V100-PCIE-32GB", "gpu_total_mem_mb": 34072.559616, "foundation": {}, "notes": ""}
{"schema_version": "v3", "run_id": "refuge__P9__s2000", "round": 2, "dataset": "refuge", "modality": "fundus", "target": "optic_nerve_head", "dim": "2d", "query_unit": "image", "seed": 2000, "round_seed": 2002, "component_seeds": {"model_init_seed": 1225426498, "loader_seed": 1158739311, "query_seed": 3667345588, "dropout_seed": 1372419812}, "total_rounds": 7, "budget_denominator": {"full_train_N": 960, "requested_pool_cap": 5000, "actual_AL_pool_N": 960, "budget_plan": [10, 20, 39, 68, 96, 144, 192], "fraction_of_AL_pool": 0.2, "fraction_of_full_train": 0.2}, "policy_id": "P9", "policy_name": "PAAL", "method_version": "1.0", "is_ablation": false, "policy_config": {}, "cumulative_budget": 39, "incremental_query_count": 29, "labeled_count": 39, "labeled_ratio": 0.040625, "selected_ids": ["n0251", "T0082", "n0192", "n0259", "g0029", "V0004", "n0223", "n0156", "T0267", "n0122", "n0167", "V0124", "T0002", "n0019", "n0079", "V0214", "n0232", "n0041", "V0049", "T0339", "n0154", "n0012", "V0190", "n0291", "n0023", "T0225", "V0127", "n0164", "n0218"], "selected_scores": [0.019121943041682243, 0.016985442489385605, 0.017354190349578857, 0.01596776954829693, 0.016566772013902664, 0.01601029559969902, 0.018433108925819397, 0.017735455185174942, 0.015682632103562355, 0.016562223434448242, 0.01565171778202057, 0.01460865419358015, 0.015186420641839504, 0.01708405092358589, 0.016925206407904625, 0.015318321995437145, 0.016377506777644157, 0.014951261691749096, 0.01431260071694851, 0.01476217433810234, 0.015458589419722557, 0.01593175157904625, 0.014609644189476967, 0.016130611300468445, 0.01458235364407301, 0.014030824415385723, 0.014728105627000332, 0.015395822934806347, 0.01592574082314968], "selected_pred_fg_ratio": [0.015476226806640625, 0.014942169189453125, 0.015506744384765625, 0.01441192626953125, 0.01436614990234375, 0.012542724609375, 0.01421356201171875, 0.012691497802734375, 0.014759063720703125, 0.014827728271484375, 0.015811920166015625, 0.02227020263671875, 0.012725830078125, 0.01403045654296875, 0.01479339599609375, 0.01706695556640625, 0.01678466796875, 0.017711639404296875, 0.02001190185546875, 0.016284942626953125, 0.01483154296875, 0.01366424560546875, 0.0152740478515625, 0.014293670654296875, 0.0177154541015625, 0.016582489013671875, 0.01470184326171875, 0.01593780517578125, 0.0154876708984375], "selected_pred_class_dist": [[0.9845237731933594, 0.011669158935546875, 0.00380706787109375], [0.9850578308105469, 0.01149749755859375, 0.003444671630859375], [0.9844932556152344, 0.011692047119140625, 0.003814697265625], [0.9855880737304688, 0.0110931396484375, 0.00331878662109375], [0.9856338500976562, 0.009510040283203125, 0.004856109619140625], [0.987457275390625, 0.01038360595703125, 0.00215911865234375], [0.9857864379882812, 0.011768341064453125, 0.002445220947265625], [0.9873085021972656, 0.0095977783203125, 0.003093719482421875], [0.9852409362792969, 0.0109405517578125, 0.003818511962890625], [0.9851722717285156, 0.01065826416015625, 0.004169464111328125], [0.9841880798339844, 0.01012420654296875, 0.005687713623046875], [0.9777297973632812, 0.014019012451171875, 0.008251190185546875], [0.987274169921875, 0.010448455810546875, 0.002277374267578125], [0.9859695434570312, 0.010547637939453125, 0.003482818603515625], [0.9852066040039062, 0.01050567626953125, 0.0042877197265625], [0.9829330444335938, 0.01116943359375, 0.00589752197265625], [0.98321533203125, 0.012134552001953125, 0.004650115966796875], [0.9822883605957031, 0.011196136474609375, 0.0065155029296875], [0.9799880981445312, 0.01153564453125, 0.00847625732421875], [0.9837150573730469, 0.012599945068359375, 0.00368499755859375], [0.98516845703125, 0.011608123779296875, 0.003223419189453125], [0.9863357543945312, 0.009613037109375, 0.00405120849609375], [0.9847259521484375, 0.01097869873046875, 0.00429534912109375], [0.9857063293457031, 0.010837554931640625, 0.00345611572265625], [0.9822845458984375, 0.012664794921875, 0.0050506591796875], [0.9834175109863281, 0.012516021728515625, 0.00406646728515625], [0.9852981567382812, 0.011470794677734375, 0.003231048583984375], [0.9840621948242188, 0.011875152587890625, 0.004062652587890625], [0.9845123291015625, 0.0103912353515625, 0.005096435546875]], "candidate_count": 921, "candidate_scores_path": "/groups/echambe2/gmeng/MedAL-Agent/repo/code/runs/frozen_v5/candidate_scores/refuge__P9__s2000__r2.json", "predictions_path": "", "initial_labeled_path": "/groups/echambe2/gmeng/MedAL-Agent/repo/code/runs/frozen_v5/init_sets/refuge__s2000__n10.json", "initial_labeled_ids": [], "selection_diagnostics": {"paal_ap_epochs": 200, "paal_ap_loss_mean": 3.136765493580798e-05, "paal_ap_loss_last": 1.970463159118986e-05, "paal_ap_val_corr": 0.9640881971453464, "paal_ap_n_train": 36, "paal_ap_n_val": 3, "paal_pred_acc_mean": 0.9897096157073975, "paal_pred_acc_std": 0.008358328603208065, "paal_score_mean": 0.01037928368896246, "paal_score_std": 0.0024096155539155006, "paal_n_clusters": 7, "paal_cluster_sizes": [70, 292, 68, 45, 117, 245, 84], "paal_selected_clusters": [0, 1, 2, 3, 4, 5, 6, 0, 1, 2, 3, 4, 5, 6, 0, 1, 2, 3, 4, 5, 6, 0, 1, 2, 3, 4, 5, 6, 0]}, "training": {"num_iters": 1000, "batch_size": 12, "lr": 0.001, "image_size": 512, "aspect_preserve": true, "resolution_policy": "longside_pad32", "preproc_cache": {"pool": "hit", "val": "hit"}, "train_runtime_sec": 1527.086641073227, "query_runtime_sec": 241.26562094688416, "iters": 2800, "stop_iter": 2800, "mean_loss": 0.1325384935756613, "last_loss": 0.019806353375315666, "stop_reason": "plateau", "hit_max_iters": false, "final_smooth_loss": 0.020734691452234985, "best_smooth_loss": 0.024472075048834085, "diverged": false, "loss_curve": [[1000, 0.07971092998981476], [1100, 0.06304295498877764], [1200, 0.05322668768465519], [1300, 0.0485877225548029], [1400, 0.042043198645114896], [1500, 0.038890148103237154], [1600, 0.03725038709118962], [1700, 0.034796971436589955], [1800, 0.03141342900693417], [1900, 0.02957518007606268], [2000, 0.02844831908121705], [2100, 0.02573921674862504], [2200, 0.02584764875471592], [2300, 0.024472075048834085], [2400, 0.024353004675358534], [2500, 0.022503937501460312], [2600, 0.02210968328639865], [2700, 0.021061705127358436], [2800, 0.020734691452234985]]}, "ckpt_id": "refuge__P9__s2000__r2", "ckpt_path": "", "ckpt_hash": "4b2aeeef964018001863bae2b619fb48adfa31e75401d4d0aeb1ed03003fd2c2", "config_hash": "e840f429c53f252733967bfcca5a736d2ed0c080171d7ce6886508e2528e3140", "feature_cache_keys": {"task_unet": "task_unet_bottleneck@4b2aeeef9640"}, "sam_model_type": "", "sam_checkpoint": "", "metrics": {"primary_metric": "mean_dsc_fg_case_macro", "metric_version": "v3_case_macro", "eval_scope": "case_full_volume", "mean_dsc_fg_case_macro": 0.8432450432660202, "mean_dsc_fg": 0.8432450432660202, "mean_dsc_fg_pooled_diagnostic": 0.8416684292474388, "dsc_per_class_pooled": [0.9989679235179252, 0.8578140072802468, 0.8255228512146306], "dsc_per_class": [0.9989679235179252, 0.8578140072802468, 0.8255228512146306], "n_cases": 120, "n_eval": 120, "structure_detection_rate": 1.0, "missed_structure_rate": 0.0}, "runtime_sec": {"train": 1527.086641073227, "eval": 2.689059257507324, "select": 241.26562094688416}, "gpu_mem_mb": 9607.233536, "gpu_name": "Tesla V100-PCIE-32GB", "gpu_total_mem_mb": 34072.559616, "foundation": {}, "notes": ""}
{"schema_version": "v3", "run_id": "refuge__P9__s2000", "round": 3, "dataset": "refuge", "modality": "fundus", "target": "optic_nerve_head", "dim": "2d", "query_unit": "image", "seed": 2000, "round_seed": 2003, "component_seeds": {"model_init_seed": 1786941200, "loader_seed": 315035857, "query_seed": 1656248978, "dropout_seed": 3607744384}, "total_rounds": 7, "budget_denominator": {"full_train_N": 960, "requested_pool_cap": 5000, "actual_AL_pool_N": 960, "budget_plan": [10, 20, 39, 68, 96, 144, 192], "fraction_of_AL_pool": 0.2, "fraction_of_full_train": 0.2}, "policy_id": "P9", "policy_name": "PAAL", "method_version": "1.0", "is_ablation": false, "policy_config": {}, "cumulative_budget": 68, "incremental_query_count": 28, "labeled_count": 68, "labeled_ratio": 0.07083333333333333, "selected_ids": ["g0030", "V0042", "n0346", "V0171", "n0169", "n0106", "n0217", "n0244", "V0377", "n0181", "T0023", "n0085", "T0237", "V0229", "g0009", "V0360", "n0123", "T0154", "n0341", "T0282", "V0016", "n0331", "T0095", "n0360", "V0111", "n0277", "V0117", "V0032"], "selected_scores": [0.013967206701636314, 0.013803004287183285, 0.0150378979742527, 0.01322978362441063, 0.014193620532751083, 0.01460476778447628, 0.016479838639497757, 0.013607154600322247, 0.013656450435519218, 0.014475934207439423, 0.012450935319066048, 0.014030094258487225, 0.01452308427542448, 0.014055046252906322, 0.01320013776421547, 0.013147644698619843, 0.01440923847258091, 0.011670004576444626, 0.013979010283946991, 0.014500921592116356, 0.014030573889613152, 0.012856267392635345, 0.013012006878852844, 0.014326458796858788, 0.011150176636874676, 0.01389799453318119, 0.014028189703822136, 0.013928763568401337], "selected_pred_fg_ratio": [0.01235198974609375, 0.017169952392578125, 0.014942169189453125, 0.0164947509765625, 0.018627166748046875, 0.01401519775390625, 0.016597747802734375, 0.016719818115234375, 0.016437530517578125, 0.014377593994140625, 0.01413726806640625, 0.016956329345703125, 0.012928009033203125, 0.013988494873046875, 0.013881683349609375, 0.016544342041015625, 0.01633453369140625, 0.017333984375, 0.01555633544921875, 0.014278411865234375, 0.011211395263671875, 0.016567230224609375, 0.012859344482421875, 0.013599395751953125, 0.015300750732421875, 0.015514373779296875, 0.01630401611328125, 0.01645660400390625], "selected_pred_class_dist": [[0.9876480102539062, 0.0086517333984375, 0.00370025634765625], [0.9828300476074219, 0.012664794921875, 0.004505157470703125], [0.9850578308105469, 0.011295318603515625, 0.0036468505859375], [0.9835052490234375, 0.010711669921875, 0.0057830810546875], [0.9813728332519531, 0.014080047607421875, 0.004547119140625], [0.9859848022460938, 0.0113067626953125, 0.00270843505859375], [0.9834022521972656, 0.012989044189453125, 0.00360870361328125], [0.9832801818847656, 0.0119781494140625, 0.004741668701171875], [0.9835624694824219, 0.01258087158203125, 0.003856658935546875], [0.9856224060058594, 0.010730743408203125, 0.0036468505859375], [0.9858627319335938, 0.01045989990234375, 0.0036773681640625], [0.9830436706542969, 0.012386322021484375, 0.00457000732421875], [0.9870719909667969, 0.01113128662109375, 0.001796722412109375], [0.9860115051269531, 0.0120086669921875, 0.001979827880859375], [0.9861183166503906, 0.009754180908203125, 0.00412750244140625], [0.9834556579589844, 0.012897491455078125, 0.0036468505859375], [0.9836654663085938, 0.0118408203125, 0.00449371337890625], [0.982666015625, 0.011478424072265625, 0.005855560302734375], [0.9844436645507812, 0.011386871337890625, 0.004169464111328125], [0.9857215881347656, 0.011692047119140625, 0.00258636474609375], [0.9887886047363281, 0.00958251953125, 0.001628875732421875], [0.9834327697753906, 0.011810302734375, 0.004756927490234375], [0.9871406555175781, 0.009853363037109375, 0.0030059814453125], [0.9864006042480469, 0.0102081298828125, 0.003391265869140625], [0.9846992492675781, 0.011219024658203125, 0.00408172607421875], [0.9844856262207031, 0.0111541748046875, 0.004360198974609375], [0.9836959838867188, 0.014492034912109375, 0.001811981201171875], [0.9835433959960938, 0.0107269287109375, 0.00572967529296875]], "candidate_count": 892, "candidate_scores_path": "/groups/echambe2/gmeng/MedAL-Agent/repo/code/runs/frozen_v5/candidate_scores/refuge__P9__s2000__r3.json", "predictions_path": "", "initial_labeled_path": "/groups/echambe2/gmeng/MedAL-Agent/repo/code/runs/frozen_v5/init_sets/refuge__s2000__n10.json", "initial_labeled_ids": [], "selection_diagnostics": {"paal_ap_epochs": 200, "paal_ap_loss_mean": 1.433700314678939e-05, "paal_ap_loss_last": 9.49753958564308e-06, "paal_ap_val_corr": 0.9378412704098138, "paal_ap_n_train": 62, "paal_ap_n_val": 6, "paal_pred_acc_mean": 0.9906454682350159, "paal_pred_acc_std": 0.007424885407090187, "paal_score_mean": 0.009426543489098549, "paal_score_std": 0.0023516116198152304, "paal_n_clusters": 7, "paal_cluster_sizes": [33, 224, 145, 122, 79, 119, 170], "paal_selected_clusters": [0, 1, 2, 3, 4, 5, 6, 0, 1, 2, 3, 4, 5, 6, 0, 1, 2, 3, 4, 5, 6, 0, 1, 2, 3, 4, 5, 6]}, "training": {"num_iters": 1000, "batch_size": 12, "lr": 0.001, "image_size": 512, "aspect_preserve": true, "resolution_policy": "longside_pad32", "preproc_cache": {"pool": "hit", "val": "hit"}, "train_runtime_sec": 1744.0953950881958, "query_runtime_sec": 394.3871693611145, "iters": 3200, "stop_iter": 3200, "mean_loss": 0.15808735975297167, "last_loss": 0.025619151070713997, "stop_reason": "plateau", "hit_max_iters": false, "final_smooth_loss": 0.025684626270085574, "best_smooth_loss": 0.03023773919790983, "diverged": false, "loss_curve": [[1000, 0.11438574925065041], [1100, 0.10847521379590035], [1200, 0.10056434027850628], [1300, 0.08774443499743939], [1400, 0.07992327339947224], [1500, 0.07282252222299576], [1600, 0.06578824702650309], [1700, 0.059770532771945], [1800, 0.055768753476440905], [1900, 0.05086818154901266], [2000, 0.04618859075009823], [2100, 0.04287705361843109], [2200, 0.04523591723293066], [2300, 0.038883621096611025], [2400, 0.035729767214506866], [2500, 0.033705224804580214], [2600, 0.03301363291218877], [2700, 0.03023773919790983], [2800, 0.02985553428530693], [2900, 0.02895191889256239], [3000, 0.026440156828612088], [3100, 0.02686730545014143], [3200, 0.025684626270085574]]}, "ckpt_id": "refuge__P9__s2000__r3", "ckpt_path": "", "ckpt_hash": "9c34a49ce6b40d51e80c6bfba01b08de13d132f2b4d017efb597ee93bb029798", "config_hash": "e840f429c53f252733967bfcca5a736d2ed0c080171d7ce6886508e2528e3140", "feature_cache_keys": {"task_unet": "task_unet_bottleneck@9c34a49ce6b4"}, "sam_model_type": "", "sam_checkpoint": "", "metrics": {"primary_metric": "mean_dsc_fg_case_macro", "metric_version": "v3_case_macro", "eval_scope": "case_full_volume", "mean_dsc_fg_case_macro": 0.8492066337716699, "mean_dsc_fg": 0.8492066337716699, "mean_dsc_fg_pooled_diagnostic": 0.848967577976213, "dsc_per_class_pooled": [0.9989734737285745, 0.8598023938856755, 0.8381327620667506], "dsc_per_class": [0.9989734737285745, 0.8598023938856755, 0.8381327620667506], "n_cases": 120, "n_eval": 120, "structure_detection_rate": 1.0, "missed_structure_rate": 0.0}, "runtime_sec": {"train": 1744.0953950881958, "eval": 2.5739200115203857, "select": 394.3871693611145}, "gpu_mem_mb": 9607.643136, "gpu_name": "Tesla V100-PCIE-32GB", "gpu_total_mem_mb": 34072.559616, "foundation": {}, "notes": ""}
{"schema_version": "v3", "run_id": "refuge__P9__s2000", "round": 4, "dataset": "refuge", "modality": "fundus", "target": "optic_nerve_head", "dim": "2d", "query_unit": "image", "seed": 2000, "round_seed": 2004, "component_seeds": {"model_init_seed": 45534947, "loader_seed": 4200637250, "query_seed": 2043315399, "dropout_seed": 1875314724}, "total_rounds": 7, "budget_denominator": {"full_train_N": 960, "requested_pool_cap": 5000, "actual_AL_pool_N": 960, "budget_plan": [10, 20, 39, 68, 96, 144, 192], "fraction_of_AL_pool": 0.2, "fraction_of_full_train": 0.2}, "policy_id": "P9", "policy_name": "PAAL", "method_version": "1.0", "is_ablation": false, "policy_config": {}, "cumulative_budget": 96, "incremental_query_count": 48, "labeled_count": 96, "labeled_ratio": 0.1, "selected_ids": ["T0315", "V0154", "n0145", "n0345", "n0175", "g0012", "V0305", "n0174", "T0015", "V0213", "n0028", "n0236", "T0183", "n0118", "T0055", "n0317", "V0268", "V0240", "n0153", "n0330", "V0005", "n0166", "V0112", "n0007", "T0378", "V0338", "n0271", "n0305", "T0181", "n0326", "V0362", "n0024", "T0170", "T0048", "n0131", "n0155", "V0380", "n0140", "V0346", "n0063", "T0158", "T0097", "n0306", "n0238", "T0173", "n0256", "T0281", "n0129"], "selected_scores": [0.022970180958509445, 0.024144833907485008, 0.019678032025694847, 0.02097848616540432, 0.03071136586368084, 0.018424663692712784, 0.01921040378510952, 0.02230311557650566, 0.021080225706100464, 0.02303011529147625, 0.018481656908988953, 0.02044503763318062, 0.02816729247570038, 0.017519228160381317, 0.01763393171131611, 0.02187926135957241, 0.01954175904393196, 0.02116948924958706, 0.017716512084007263, 0.019127389416098595, 0.026443323120474815, 0.017009954899549484, 0.017495641484856606, 0.02173742465674877, 0.019524309784173965, 0.020154735073447227, 0.01732730120420456, 0.018862321972846985, 0.026094933971762657, 0.016957100480794907, 0.017161434516310692, 0.020833468064665794, 0.019489534199237823, 0.019014833495020866, 0.017287686467170715, 0.018795324489474297, 0.02534354291856289, 0.0166317168623209, 0.016056587919592857, 0.020611807703971863, 0.018498290330171585, 0.01843571476638317, 0.016930313780903816, 0.018107658252120018, 0.025332830846309662, 0.015240545384585857, 0.01600225456058979, 0.020454470068216324], "selected_pred_fg_ratio": [0.009654998779296875, 0.013797760009765625, 0.01343536376953125, 0.013397216796875, 0.009784698486328125, 0.013935089111328125, 0.0151519775390625, 0.009979248046875, 0.0147857666015625, 0.012104034423828125, 0.013896942138671875, 0.013004302978515625, 0.013385772705078125, 0.015594482421875, 0.014530181884765625, 0.01601409912109375, 0.0159912109375, 0.0132904052734375, 0.017284393310546875, 0.016529083251953125, 0.010829925537109375, 0.0156402587890625, 0.01573944091796875, 0.0125732421875, 0.01308441162109375, 0.015087127685546875, 0.01436614990234375, 0.018260955810546875, 0.0135955810546875, 0.01593017578125, 0.01807403564453125, 0.015041351318359375, 0.0157318115234375, 0.01491546630859375, 0.016521453857421875, 0.014171600341796875, 0.016086578369140625, 0.015079498291015625, 0.01805877685546875, 0.014347076416015625, 0.01357269287109375, 0.0144500732421875, 0.018527984619140625, 0.011871337890625, 0.01268768310546875, 0.01824188232421875, 0.0131378173828125, 0.011264801025390625], "selected_pred_class_dist": [[0.9903450012207031, 0.006969451904296875, 0.002685546875], [0.9862022399902344, 0.01140594482421875, 0.002391815185546875], [0.9865646362304688, 0.010379791259765625, 0.003055572509765625], [0.986602783203125, 0.010715484619140625, 0.002681732177734375], [0.9902153015136719, 0.008258819580078125, 0.00152587890625], [0.9860649108886719, 0.010204315185546875, 0.00373077392578125], [0.9848480224609375, 0.012058258056640625, 0.003093719482421875], [0.990020751953125, 0.00775146484375, 0.002227783203125], [0.9852142333984375, 0.011974334716796875, 0.002811431884765625], [0.9878959655761719, 0.010204315185546875, 0.00189971923828125], [0.9861030578613281, 0.009952545166015625, 0.00394439697265625], [0.9869956970214844, 0.01007843017578125, 0.002925872802734375], [0.9866142272949219, 0.011417388916015625, 0.0019683837890625], [0.984405517578125, 0.01214599609375, 0.003448486328125], [0.9854698181152344, 0.011020660400390625, 0.003509521484375], [0.9839859008789062, 0.013080596923828125, 0.002933502197265625], [0.9840087890625, 0.012142181396484375, 0.003849029541015625], [0.9867095947265625, 0.010601043701171875, 0.002689361572265625], [0.9827156066894531, 0.012874603271484375, 0.0044097900390625], [0.9834709167480469, 0.013072967529296875, 0.00345611572265625], [0.9891700744628906, 0.0092926025390625, 0.001537322998046875], [0.9843597412109375, 0.012477874755859375, 0.003162384033203125], [0.9842605590820312, 0.012149810791015625, 0.003589630126953125], [0.9874267578125, 0.0092315673828125, 0.0033416748046875], [0.9869155883789062, 0.010509490966796875, 0.002574920654296875], [0.9849128723144531, 0.01212310791015625, 0.002964019775390625], [0.9856338500976562, 0.01061248779296875, 0.003753662109375], [0.9817390441894531, 0.01451873779296875, 0.003742218017578125], [0.9864044189453125, 0.01132965087890625, 0.00226593017578125], [0.98406982421875, 0.01165008544921875, 0.00428009033203125], [0.9819259643554688, 0.013751983642578125, 0.004322052001953125], [0.9849586486816406, 0.012210845947265625, 0.00283050537109375], [0.9842681884765625, 0.012775421142578125, 0.002956390380859375], [0.9850845336914062, 0.011859893798828125, 0.003055572509765625], [0.9834785461425781, 0.012897491455078125, 0.00362396240234375], [0.9858283996582031, 0.011199951171875, 0.002971649169921875], [0.9839134216308594, 0.01386260986328125, 0.002223968505859375], [0.9849205017089844, 0.01042938232421875, 0.004650115966796875], [0.9819412231445312, 0.012889862060546875, 0.005168914794921875], [0.9856529235839844, 0.010951995849609375, 0.00339508056640625], [0.9864273071289062, 0.010517120361328125, 0.003055572509765625], [0.9855499267578125, 0.01076507568359375, 0.00368499755859375], [0.9814720153808594, 0.01430511474609375, 0.004222869873046875], [0.988128662109375, 0.008998870849609375, 0.002872467041015625], [0.9873123168945312, 0.010265350341796875, 0.002422332763671875], [0.9817581176757812, 0.014530181884765625, 0.003711700439453125], [0.9868621826171875, 0.009975433349609375, 0.003162384033203125], [0.9887351989746094, 0.00893402099609375, 0.002330780029296875]], "candidate_count": 864, "candidate_scores_path": "/groups/echambe2/gmeng/MedAL-Agent/repo/code/runs/frozen_v5/candidate_scores/refuge__P9__s2000__r4.json", "predictions_path": "", "initial_labeled_path": "/groups/echambe2/gmeng/MedAL-Agent/repo/code/runs/frozen_v5/init_sets/refuge__s2000__n10.json", "initial_labeled_ids": [], "selection_diagnostics": {"paal_ap_epochs": 200, "paal_ap_loss_mean": 2.0734570244126294e-05, "paal_ap_loss_last": 1.2429967331296542e-05, "paal_ap_val_corr": 0.8540129835515644, "paal_ap_n_train": 88, "paal_ap_n_val": 8, "paal_pred_acc_mean": 0.9857878684997559, "paal_pred_acc_std": 0.01144841592758894, "paal_score_mean": 0.014381621032953262, "paal_score_std": 0.0035344210918992758, "paal_n_clusters": 8, "paal_cluster_sizes": [179, 105, 45, 86, 241, 27, 88, 93], "paal_selected_clusters": [0, 1, 2, 3, 4, 5, 6, 7, 0, 1, 2, 3, 4, 5, 6, 7, 0, 1, 2, 3, 4, 5, 6, 7, 0, 1, 2, 3, 4, 5, 6, 7, 0, 1, 2, 3, 4, 5, 6, 7, 0, 1, 2, 3, 4, 5, 6, 7]}, "training": {"num_iters": 1000, "batch_size": 12, "lr": 0.001, "image_size": 512, "aspect_preserve": true, "resolution_policy": "longside_pad32", "preproc_cache": {"pool": "hit", "val": "hit"}, "train_runtime_sec": 2012.3884077072144, "query_runtime_sec": 538.9805195331573, "iters": 3700, "stop_iter": 3700, "mean_loss": 0.12231074948769968, "last_loss": 0.026988117024302483, "stop_reason": "plateau", "hit_max_iters": false, "final_smooth_loss": 0.026280795093625783, "best_smooth_loss": 0.02965096903964877, "diverged": false, "loss_curve": [[1000, 0.11517538115382195], [1100, 0.10756715655326843], [1200, 0.10436215728521347], [1300, 0.09202101044356822], [1400, 0.0885990346968174], [1500, 0.08269927099347114], [1600, 0.07390676084905863], [1700, 0.06848601091653109], [1800, 0.06393117286264896], [1900, 0.0574022326990962], [2000, 0.05546230778098107], [2100, 0.052841564901173116], [2200, 0.04921453215181828], [2300, 0.04251743275672197], [2400, 0.041646061576902864], [2500, 0.03884418629109859], [2600, 0.03798988189548254], [2700, 0.036213217880576846], [2800, 0.03392805160954595], [2900, 0.03286122867837548], [3000, 0.03202670043334365], [3100, 0.031378565095365046], [3200, 0.02965096903964877], [3300, 0.028714348934590815], [3400, 0.04084581473842263], [3500, 0.02947073332965374], [3600, 0.027708228435367344], [3700, 0.026280795093625783]]}, "ckpt_id": "refuge__P9__s2000__r4", "ckpt_path": "", "ckpt_hash": "da64a5a757d5f8bf29eda611bb5ff58e43e21e8d4e57752238ca9ea4ee1dd4e7", "config_hash": "e840f429c53f252733967bfcca5a736d2ed0c080171d7ce6886508e2528e3140", "feature_cache_keys": {"task_unet": "task_unet_bottleneck@da64a5a757d5"}, "sam_model_type": "", "sam_checkpoint": "", "metrics": {"primary_metric": "mean_dsc_fg_case_macro", "metric_version": "v3_case_macro", "eval_scope": "case_full_volume", "mean_dsc_fg_case_macro": 0.8669280867548864, "mean_dsc_fg": 0.8669280867548864, "mean_dsc_fg_pooled_diagnostic": 0.868087122029995, "dsc_per_class_pooled": [0.9991362288253053, 0.8817369334482473, 0.8544373106117428], "dsc_per_class": [0.9991362288253053, 0.8817369334482473, 0.8544373106117428], "n_cases": 120, "n_eval": 120, "structure_detection_rate": 1.0, "missed_structure_rate": 0.0}, "runtime_sec": {"train": 2012.3884077072144, "eval": 2.527282238006592, "select": 538.9805195331573}, "gpu_mem_mb": 9609.445376, "gpu_name": "Tesla V100-PCIE-32GB", "gpu_total_mem_mb": 34072.559616, "foundation": {}, "notes": ""}
