{"schema_version": "v3", "run_id": "refuge__P1__s2000", "round": 0, "dataset": "refuge", "modality": "fundus", "target": "optic_nerve_head", "dim": "2d", "query_unit": "image", "seed": 2000, "round_seed": 2000, "component_seeds": {"model_init_seed": 1733582241, "loader_seed": 3333593949, "query_seed": 2915079519, "dropout_seed": 1768907296}, "total_rounds": 7, "budget_denominator": {"full_train_N": 960, "requested_pool_cap": 5000, "actual_AL_pool_N": 960, "budget_plan": [10, 20, 39, 68, 96, 144, 192], "fraction_of_AL_pool": 0.2, "fraction_of_full_train": 0.2}, "policy_id": "P1", "policy_name": "EntropyFull", "method_version": "1.0", "is_ablation": false, "policy_config": {}, "cumulative_budget": 10, "incremental_query_count": 10, "labeled_count": 10, "labeled_ratio": 0.010416666666666666, "selected_ids": ["g0004", "n0212", "T0128", "g0017", "n0254", "V0229", "V0316", "V0149", "n0129", "T0397"], "selected_scores": [0.005640551447868347, 0.005568622145801783, 0.0052587431855499744, 0.004963225685060024, 0.003937245346605778, 0.0030754997860640287, 0.0030624824576079845, 0.0029925492126494646, 0.002878353465348482, 0.0027582566253840923], "selected_pred_fg_ratio": [0.018829345703125, 0.029407501220703125, 0.03826141357421875, 0.028591156005859375, 0.0226593017578125, 0.021236419677734375, 0.01825714111328125, 0.028533935546875, 0.02269744873046875, 0.03368377685546875], "selected_pred_class_dist": [[0.981170654296875, 0.010555267333984375, 0.008274078369140625], [0.9705924987792969, 0.012439727783203125, 0.0169677734375], [0.9617385864257812, 0.0156707763671875, 0.02259063720703125], [0.9714088439941406, 0.01941680908203125, 0.009174346923828125], [0.9773406982421875, 0.017024993896484375, 0.005634307861328125], [0.9787635803222656, 0.01589202880859375, 0.005344390869140625], [0.9817428588867188, 0.0102081298828125, 0.00804901123046875], [0.971466064453125, 0.019611358642578125, 0.008922576904296875], [0.9773025512695312, 0.019191741943359375, 0.003505706787109375], [0.9663162231445312, 0.023365020751953125, 0.010318756103515625]], "candidate_count": 950, "candidate_scores_path": "/groups/echambe2/gmeng/MedAL-Agent/repo/code/runs/frozen_v5/candidate_scores/refuge__P1__s2000__r0.json", "predictions_path": "", "initial_labeled_path": "/groups/echambe2/gmeng/MedAL-Agent/repo/code/runs/frozen_v5/init_sets/refuge__s2000__n10.json", "initial_labeled_ids": ["T0087", "T0114", "T0138", "T0224", "V0057", "V0108", "V0242", "n0224", "n0309", "n0328"], "selection_diagnostics": {}, "training": {"num_iters": 1000, "batch_size": 12, "lr": 0.001, "image_size": 512, "aspect_preserve": true, "resolution_policy": "longside_pad32", "preproc_cache": {"pool": "hit", "val": "hit"}, "train_runtime_sec": 1136.053965330124, "query_runtime_sec": 24.381460428237915, "iters": 2500, "stop_iter": 2500, "mean_loss": 0.1349949431374669, "last_loss": 0.013402014039456844, "stop_reason": "plateau", "hit_max_iters": false, "final_smooth_loss": 0.016008943570777773, "best_smooth_loss": 0.019260663269087673, "diverged": false, "loss_curve": [[1000, 0.046485719345510004], [1100, 0.04136928079649806], [1200, 0.038893202971667054], [1300, 0.03407431410625577], [1400, 0.030328259579837324], [1500, 0.027030344847589732], [1600, 0.030279245041310788], [1700, 0.026133053824305533], [1800, 0.023869296219199896], [1900, 0.02279059112071991], [2000, 0.019260663269087673], [2100, 0.020075496742501853], [2200, 0.019003258971497416], [2300, 0.021087154047563672], [2400, 0.018297976879402995], [2500, 0.016008943570777773]]}, "ckpt_id": "refuge__P1__s2000__r0", "ckpt_path": "", "ckpt_hash": "800b066a3aa9cad8752b0dffcb45b0fa1a6f0806216d332758a628267313e740", "config_hash": "e840f429c53f252733967bfcca5a736d2ed0c080171d7ce6886508e2528e3140", "feature_cache_keys": {}, "sam_model_type": "", "sam_checkpoint": "", "metrics": {"primary_metric": "mean_dsc_fg_case_macro", "metric_version": "v3_case_macro", "eval_scope": "case_full_volume", "mean_dsc_fg_case_macro": 0.7737536255548314, "mean_dsc_fg": 0.7737536255548314, "mean_dsc_fg_pooled_diagnostic": 0.770472382910467, "dsc_per_class_pooled": [0.9983363008887929, 0.7943509747970862, 0.7465937910238479], "dsc_per_class": [0.9983363008887929, 0.7943509747970862, 0.7465937910238479], "n_cases": 120, "n_eval": 120, "structure_detection_rate": 1.0, "missed_structure_rate": 0.0}, "runtime_sec": {"train": 1136.053965330124, "eval": 2.625013589859009, "select": 24.381460428237915}, "gpu_mem_mb": 8107.379712, "gpu_name": "Tesla V100-PCIE-32GB", "gpu_total_mem_mb": 34072.559616, "foundation": {}, "notes": ""}
{"schema_version": "v3", "run_id": "refuge__P1__s2000", "round": 1, "dataset": "refuge", "modality": "fundus", "target": "optic_nerve_head", "dim": "2d", "query_unit": "image", "seed": 2000, "round_seed": 2001, "component_seeds": {"model_init_seed": 4092542587, "loader_seed": 4022314598, "query_seed": 1275594993, "dropout_seed": 1443935428}, "total_rounds": 7, "budget_denominator": {"full_train_N": 960, "requested_pool_cap": 5000, "actual_AL_pool_N": 960, "budget_plan": [10, 20, 39, 68, 96, 144, 192], "fraction_of_AL_pool": 0.2, "fraction_of_full_train": 0.2}, "policy_id": "P1", "policy_name": "EntropyFull", "method_version": "1.0", "is_ablation": false, "policy_config": {}, "cumulative_budget": 20, "incremental_query_count": 19, "labeled_count": 20, "labeled_ratio": 0.020833333333333332, "selected_ids": ["V0359", "V0213", "T0272", "T0025", "V0248", "n0110", "T0358", "T0305", "V0182", "T0198", "V0189", "n0106", "T0371", "T0209", "T0054", "T0161", "T0173", "T0366", "g0016"], "selected_scores": [0.005337575450539589, 0.00428486242890358, 0.004015686456114054, 0.003989478573203087, 0.0035457098856568336, 0.0032153758220374584, 0.003182078246027231, 0.003131041070446372, 0.0031031263060867786, 0.0027068040799349546, 0.0025700184050947428, 0.002557778963819146, 0.0025397134013473988, 0.002522670431062579, 0.0023771238047629595, 0.0023256498388946056, 0.002206951379776001, 0.0020836431067436934, 0.002005521673709154], "selected_pred_fg_ratio": [0.0200042724609375, 0.02685546875, 0.024463653564453125, 0.020969390869140625, 0.014041900634765625, 0.01166534423828125, 0.020793914794921875, 0.015254974365234375, 0.01317596435546875, 0.013355255126953125, 0.014125823974609375, 0.017589569091796875, 0.015499114990234375, 0.01920318603515625, 0.021427154541015625, 0.0203399658203125, 0.019199371337890625, 0.01531982421875, 0.016124725341796875], "selected_pred_class_dist": [[0.9799957275390625, 0.008907318115234375, 0.011096954345703125], [0.97314453125, 0.008331298828125, 0.018524169921875], [0.9755363464355469, 0.008388519287109375, 0.01607513427734375], [0.9790306091308594, 0.008579254150390625, 0.01239013671875], [0.9859580993652344, 0.0080718994140625, 0.005970001220703125], [0.9883346557617188, 0.00728607177734375, 0.0043792724609375], [0.9792060852050781, 0.012928009033203125, 0.00786590576171875], [0.9847450256347656, 0.009067535400390625, 0.00618743896484375], [0.9868240356445312, 0.01058197021484375, 0.002593994140625], [0.9866447448730469, 0.008563995361328125, 0.004791259765625], [0.9858741760253906, 0.00893402099609375, 0.005191802978515625], [0.9824104309082031, 0.011455535888671875, 0.006134033203125], [0.9845008850097656, 0.011524200439453125, 0.00397491455078125], [0.9807968139648438, 0.009845733642578125, 0.009357452392578125], [0.9785728454589844, 0.01567840576171875, 0.005748748779296875], [0.9796600341796875, 0.012569427490234375, 0.007770538330078125], [0.9808006286621094, 0.009063720703125, 0.010135650634765625], [0.98468017578125, 0.01081085205078125, 0.00450897216796875], [0.9838752746582031, 0.0072479248046875, 0.008876800537109375]], "candidate_count": 940, "candidate_scores_path": "/groups/echambe2/gmeng/MedAL-Agent/repo/code/runs/frozen_v5/candidate_scores/refuge__P1__s2000__r1.json", "predictions_path": "", "initial_labeled_path": "/groups/echambe2/gmeng/MedAL-Agent/repo/code/runs/frozen_v5/init_sets/refuge__s2000__n10.json", "initial_labeled_ids": [], "selection_diagnostics": {}, "training": {"num_iters": 1000, "batch_size": 12, "lr": 0.001, "image_size": 512, "aspect_preserve": true, "resolution_policy": "longside_pad32", "preproc_cache": {"pool": "hit", "val": "hit"}, "train_runtime_sec": 957.3302280902863, "query_runtime_sec": 23.714271545410156, "iters": 1800, "stop_iter": 1800, "mean_loss": 0.15567670391976005, "last_loss": 0.020793501287698746, "stop_reason": "plateau", "hit_max_iters": false, "final_smooth_loss": 0.0209702156111598, "best_smooth_loss": 0.025862230639904737, "diverged": false, "loss_curve": [[1000, 0.039050452448427676], [1100, 0.03344718689098954], [1200, 0.02857693415135145], [1300, 0.025862230639904737], [1400, 0.02710247576236725], [1500, 0.023877645004540683], [1600, 0.031646858546882865], [1700, 0.02578140836209059], [1800, 0.0209702156111598]]}, "ckpt_id": "refuge__P1__s2000__r1", "ckpt_path": "", "ckpt_hash": "03dac553cbfc47b9fa0942a9405fba5cf12fafd507f99607a3fec2de2515dcaf", "config_hash": "e840f429c53f252733967bfcca5a736d2ed0c080171d7ce6886508e2528e3140", "feature_cache_keys": {}, "sam_model_type": "", "sam_checkpoint": "", "metrics": {"primary_metric": "mean_dsc_fg_case_macro", "metric_version": "v3_case_macro", "eval_scope": "case_full_volume", "mean_dsc_fg_case_macro": 0.81248679401993, "mean_dsc_fg": 0.81248679401993, "mean_dsc_fg_pooled_diagnostic": 0.8133840530022726, "dsc_per_class_pooled": [0.9986554594799091, 0.8206730704641634, 0.8060950355403818], "dsc_per_class": [0.9986554594799091, 0.8206730704641634, 0.8060950355403818], "n_cases": 120, "n_eval": 120, "structure_detection_rate": 1.0, "missed_structure_rate": 0.0}, "runtime_sec": {"train": 957.3302280902863, "eval": 2.6078357696533203, "select": 23.714271545410156}, "gpu_mem_mb": 9442.588672, "gpu_name": "Tesla V100-PCIE-32GB", "gpu_total_mem_mb": 34072.559616, "foundation": {}, "notes": ""}
{"schema_version": "v3", "run_id": "refuge__P1__s2000", "round": 2, "dataset": "refuge", "modality": "fundus", "target": "optic_nerve_head", "dim": "2d", "query_unit": "image", "seed": 2000, "round_seed": 2002, "component_seeds": {"model_init_seed": 1225426498, "loader_seed": 1158739311, "query_seed": 3667345588, "dropout_seed": 1372419812}, "total_rounds": 7, "budget_denominator": {"full_train_N": 960, "requested_pool_cap": 5000, "actual_AL_pool_N": 960, "budget_plan": [10, 20, 39, 68, 96, 144, 192], "fraction_of_AL_pool": 0.2, "fraction_of_full_train": 0.2}, "policy_id": "P1", "policy_name": "EntropyFull", "method_version": "1.0", "is_ablation": false, "policy_config": {}, "cumulative_budget": 39, "incremental_query_count": 29, "labeled_count": 39, "labeled_ratio": 0.040625, "selected_ids": ["n0003", "T0094", "T0036", "g0002", "n0348", "T0049", "V0351", "T0310", "g0034", "V0193", "g0029", "T0188", "T0315", "T0021", "T0129", "n0302", "n0271", "T0157", "T0147", "V0380", "T0223", "T0074", "V0295", "V0347", "V0002", "T0263", "g0014", "n0354", "V0332"], "selected_scores": [0.0016649324679747224, 0.0015248698182404041, 0.0015134456334635615, 0.001437041093595326, 0.0014209769433364272, 0.0013435103464871645, 0.0012403462314978242, 0.0012062325840815902, 0.0011309573892503977, 0.0009704470867291093, 0.0009503939072601497, 0.0009197263279929757, 0.0009033238748088479, 0.0008817747002467513, 0.000812900485470891, 0.000810667872428894, 0.0008026021532714367, 0.0007894653826951981, 0.000774900137912482, 0.0007719503482803702, 0.0007626528386026621, 0.0007541548111476004, 0.0007098391652107239, 0.0006953338161110878, 0.000668104796204716, 0.0006598603795282543, 0.0006527687655761838, 0.0006475626723840833, 0.0006453144596889615], "selected_pred_fg_ratio": [0.017429351806640625, 0.018642425537109375, 0.018665313720703125, 0.015735626220703125, 0.0247344970703125, 0.021884918212890625, 0.025699615478515625, 0.024600982666015625, 0.019809722900390625, 0.0138092041015625, 0.013805389404296875, 0.0142974853515625, 0.01602935791015625, 0.022918701171875, 0.02767181396484375, 0.019603729248046875, 0.0147705078125, 0.01837158203125, 0.015338897705078125, 0.016468048095703125, 0.0259552001953125, 0.0201568603515625, 0.02233123779296875, 0.0329132080078125, 0.01629638671875, 0.02002716064453125, 0.017822265625, 0.018886566162109375, 0.016757965087890625], "selected_pred_class_dist": [[0.9825706481933594, 0.01110076904296875, 0.006328582763671875], [0.9813575744628906, 0.014617919921875, 0.004024505615234375], [0.9813346862792969, 0.01343536376953125, 0.005229949951171875], [0.9842643737792969, 0.007999420166015625, 0.0077362060546875], [0.9752655029296875, 0.015167236328125, 0.0095672607421875], [0.9781150817871094, 0.010929107666015625, 0.010955810546875], [0.9743003845214844, 0.013042449951171875, 0.01265716552734375], [0.9753990173339844, 0.0094451904296875, 0.015155792236328125], [0.9801902770996094, 0.011898040771484375, 0.00791168212890625], [0.9861907958984375, 0.010135650634765625, 0.003673553466796875], [0.9861946105957031, 0.009120941162109375, 0.0046844482421875], [0.9857025146484375, 0.00872802734375, 0.0055694580078125], [0.9839706420898438, 0.010173797607421875, 0.005855560302734375], [0.977081298828125, 0.013458251953125, 0.00946044921875], [0.9723281860351562, 0.01451873779296875, 0.013153076171875], [0.9803962707519531, 0.0118408203125, 0.007762908935546875], [0.9852294921875, 0.009502410888671875, 0.005268096923828125], [0.98162841796875, 0.0135040283203125, 0.0048675537109375], [0.9846611022949219, 0.011363983154296875, 0.00397491455078125], [0.9835319519042969, 0.013706207275390625, 0.0027618408203125], [0.9740447998046875, 0.013057708740234375, 0.012897491455078125], [0.9798431396484375, 0.014255523681640625, 0.005901336669921875], [0.9776687622070312, 0.013729095458984375, 0.008602142333984375], [0.9670867919921875, 0.014362335205078125, 0.018550872802734375], [0.98370361328125, 0.00994873046875, 0.00634765625], [0.9799728393554688, 0.0115509033203125, 0.00847625732421875], [0.982177734375, 0.011959075927734375, 0.005863189697265625], [0.9811134338378906, 0.01361083984375, 0.005275726318359375], [0.9832420349121094, 0.01233673095703125, 0.004421234130859375]], "candidate_count": 921, "candidate_scores_path": "/groups/echambe2/gmeng/MedAL-Agent/repo/code/runs/frozen_v5/candidate_scores/refuge__P1__s2000__r2.json", "predictions_path": "", "initial_labeled_path": "/groups/echambe2/gmeng/MedAL-Agent/repo/code/runs/frozen_v5/init_sets/refuge__s2000__n10.json", "initial_labeled_ids": [], "selection_diagnostics": {}, "training": {"num_iters": 1000, "batch_size": 12, "lr": 0.001, "image_size": 512, "aspect_preserve": true, "resolution_policy": "longside_pad32", "preproc_cache": {"pool": "hit", "val": "hit"}, "train_runtime_sec": 1214.4311692714691, "query_runtime_sec": 23.2679603099823, "iters": 2300, "stop_iter": 2300, "mean_loss": 0.14191540760352558, "last_loss": 0.020719265565276146, "stop_reason": "plateau", "hit_max_iters": false, "final_smooth_loss": 0.02173963390290737, "best_smooth_loss": 0.026611032802611588, "diverged": false, "loss_curve": [[1000, 0.045363975875079635], [1100, 0.04136148672550917], [1200, 0.03716181000694632], [1300, 0.03662691118195653], [1400, 0.03361922467127442], [1500, 0.03183454653248191], [1600, 0.02976777257397771], [1700, 0.028243587408214806], [1800, 0.026611032802611588], [1900, 0.02510764179751277], [2000, 0.024527706503868103], [2100, 0.02290126580744982], [2200, 0.0221401983872056], [2300, 0.02173963390290737]]}, "ckpt_id": "refuge__P1__s2000__r2", "ckpt_path": "", "ckpt_hash": "b7a2115faf0209ddcfbd5c77523571e02aedfd703a3343c1f43767d4644d4917", "config_hash": "e840f429c53f252733967bfcca5a736d2ed0c080171d7ce6886508e2528e3140", "feature_cache_keys": {}, "sam_model_type": "", "sam_checkpoint": "", "metrics": {"primary_metric": "mean_dsc_fg_case_macro", "metric_version": "v3_case_macro", "eval_scope": "case_full_volume", "mean_dsc_fg_case_macro": 0.8469362987206227, "mean_dsc_fg": 0.8469362987206227, "mean_dsc_fg_pooled_diagnostic": 0.8440247619011292, "dsc_per_class_pooled": [0.9990397060921877, 0.8679784827780187, 0.8200710410242398], "dsc_per_class": [0.9990397060921877, 0.8679784827780187, 0.8200710410242398], "n_cases": 120, "n_eval": 120, "structure_detection_rate": 1.0, "missed_structure_rate": 0.0}, "runtime_sec": {"train": 1214.4311692714691, "eval": 2.5659005641937256, "select": 23.2679603099823}, "gpu_mem_mb": 9447.225344, "gpu_name": "Tesla V100-PCIE-32GB", "gpu_total_mem_mb": 34072.559616, "foundation": {}, "notes": ""}
{"schema_version": "v3", "run_id": "refuge__P1__s2000", "round": 3, "dataset": "refuge", "modality": "fundus", "target": "optic_nerve_head", "dim": "2d", "query_unit": "image", "seed": 2000, "round_seed": 2003, "component_seeds": {"model_init_seed": 1786941200, "loader_seed": 315035857, "query_seed": 1656248978, "dropout_seed": 3607744384}, "total_rounds": 7, "budget_denominator": {"full_train_N": 960, "requested_pool_cap": 5000, "actual_AL_pool_N": 960, "budget_plan": [10, 20, 39, 68, 96, 144, 192], "fraction_of_AL_pool": 0.2, "fraction_of_full_train": 0.2}, "policy_id": "P1", "policy_name": "EntropyFull", "method_version": "1.0", "is_ablation": false, "policy_config": {}, "cumulative_budget": 68, "incremental_query_count": 28, "labeled_count": 68, "labeled_ratio": 0.07083333333333333, "selected_ids": ["V0017", "T0004", "n0165", "V0227", "n0179", "V0265", "n0338", "n0159", "g0023", "n0001", "n0004", "n0010", "n0324", "n0237", "T0277", "n0198", "n0245", "T0249", "g0026", "T0080", "n0231", "V0151", "n0008", "T0360", "n0351", "T0206", "V0089", "V0271"], "selected_scores": [0.0012967596994712949, 0.0008236514986492693, 0.0008050567121244967, 0.0007146612042561173, 0.0006925384514033794, 0.0006710145389661193, 0.0006167303654365242, 0.0005900858668610454, 0.0005890880711376667, 0.0005835487390868366, 0.0005759792984463274, 0.0005724863731302321, 0.0005680547328665853, 0.0005670565878972411, 0.0005525010055862367, 0.0005446773720905185, 0.0005342272925190628, 0.0005332254804670811, 0.00053126405691728, 0.0005301315104588866, 0.0005294941947795451, 0.0005284884246066213, 0.0005282203783281147, 0.0005239128950051963, 0.0005239095189608634, 0.000522775633726269, 0.0005218012956902385, 0.0005209606606513262], "selected_pred_fg_ratio": [0.0284271240234375, 0.023502349853515625, 0.015834808349609375, 0.02532196044921875, 0.01877593994140625, 0.018474578857421875, 0.021595001220703125, 0.01373291015625, 0.021633148193359375, 0.022350311279296875, 0.0125579833984375, 0.01897430419921875, 0.0188140869140625, 0.019130706787109375, 0.0205230712890625, 0.0200653076171875, 0.018894195556640625, 0.02089691162109375, 0.016880035400390625, 0.022060394287109375, 0.019367218017578125, 0.02106475830078125, 0.015682220458984375, 0.018650054931640625, 0.018321990966796875, 0.022430419921875, 0.02329254150390625, 0.020626068115234375], "selected_pred_class_dist": [[0.9715728759765625, 0.01584625244140625, 0.01258087158203125], [0.9764976501464844, 0.01596832275390625, 0.007534027099609375], [0.9841651916503906, 0.01238250732421875, 0.003452301025390625], [0.9746780395507812, 0.016994476318359375, 0.008327484130859375], [0.9812240600585938, 0.014247894287109375, 0.004528045654296875], [0.9815254211425781, 0.015087127685546875, 0.003387451171875], [0.9784049987792969, 0.014087677001953125, 0.00750732421875], [0.98626708984375, 0.01134490966796875, 0.00238800048828125], [0.9783668518066406, 0.014247894287109375, 0.00738525390625], [0.9776496887207031, 0.017635345458984375, 0.0047149658203125], [0.9874420166015625, 0.00980377197265625, 0.00275421142578125], [0.9810256958007812, 0.014751434326171875, 0.004222869873046875], [0.9811859130859375, 0.0152587890625, 0.0035552978515625], [0.9808692932128906, 0.01259613037109375, 0.006534576416015625], [0.9794769287109375, 0.013790130615234375, 0.006732940673828125], [0.9799346923828125, 0.01331329345703125, 0.00675201416015625], [0.9811058044433594, 0.01171112060546875, 0.007183074951171875], [0.9791030883789062, 0.013507843017578125, 0.007389068603515625], [0.9831199645996094, 0.009860992431640625, 0.00701904296875], [0.9779396057128906, 0.0120849609375, 0.009975433349609375], [0.9806327819824219, 0.013885498046875, 0.005481719970703125], [0.9789352416992188, 0.012065887451171875, 0.008998870849609375], [0.9843177795410156, 0.0118560791015625, 0.003826141357421875], [0.9813499450683594, 0.009799957275390625, 0.00885009765625], [0.9816780090332031, 0.01290130615234375, 0.005420684814453125], [0.977569580078125, 0.013416290283203125, 0.009014129638671875], [0.9767074584960938, 0.017333984375, 0.00595855712890625], [0.9793739318847656, 0.012248992919921875, 0.0083770751953125]], "candidate_count": 892, "candidate_scores_path": "/groups/echambe2/gmeng/MedAL-Agent/repo/code/runs/frozen_v5/candidate_scores/refuge__P1__s2000__r3.json", "predictions_path": "", "initial_labeled_path": "/groups/echambe2/gmeng/MedAL-Agent/repo/code/runs/frozen_v5/init_sets/refuge__s2000__n10.json", "initial_labeled_ids": [], "selection_diagnostics": {}, "training": {"num_iters": 1000, "batch_size": 12, "lr": 0.001, "image_size": 512, "aspect_preserve": true, "resolution_policy": "longside_pad32", "preproc_cache": {"pool": "hit", "val": "hit"}, "train_runtime_sec": 2051.0040984153748, "query_runtime_sec": 22.663297176361084, "iters": 3300, "stop_iter": 3300, "mean_loss": 0.16069176769674276, "last_loss": 0.02861844003200531, "stop_reason": "plateau", "hit_max_iters": false, "final_smooth_loss": 0.03212342711165547, "best_smooth_loss": 0.03178157579153776, "diverged": false, "loss_curve": [[1000, 0.11798550933599472], [1100, 0.0988529659062624], [1200, 0.09464976534247399], [1300, 0.08157125379890204], [1400, 0.07377974543720484], [1500, 0.06481058206409215], [1600, 0.06526841405779123], [1700, 0.05849278956651688], [1800, 0.05537217851728201], [1900, 0.05163203924894333], [2000, 0.04680863700807095], [2100, 0.045274077467620376], [2200, 0.04184984434396029], [2300, 0.038420026376843455], [2400, 0.038514440860599276], [2500, 0.03511175597086549], [2600, 0.03471113119274378], [2700, 0.034858517721295355], [2800, 0.03178157579153776], [2900, 0.03066874887794256], [3000, 0.03148053856566548], [3100, 0.029631592854857444], [3200, 0.029145981054753065], [3300, 0.03212342711165547]]}, "ckpt_id": "refuge__P1__s2000__r3", "ckpt_path": "", "ckpt_hash": "7ce29432423e2e6a5f6a366c6dc451048cc295e81f1c79e3654847f24e5d8566", "config_hash": "e840f429c53f252733967bfcca5a736d2ed0c080171d7ce6886508e2528e3140", "feature_cache_keys": {}, "sam_model_type": "", "sam_checkpoint": "", "metrics": {"primary_metric": "mean_dsc_fg_case_macro", "metric_version": "v3_case_macro", "eval_scope": "case_full_volume", "mean_dsc_fg_case_macro": 0.8614296442756693, "mean_dsc_fg": 0.8614296442756693, "mean_dsc_fg_pooled_diagnostic": 0.8621973785862103, "dsc_per_class_pooled": [0.9991277963042305, 0.8769947865236456, 0.8473999706487749], "dsc_per_class": [0.9991277963042305, 0.8769947865236456, 0.8473999706487749], "n_cases": 120, "n_eval": 120, "structure_detection_rate": 1.0, "missed_structure_rate": 0.0}, "runtime_sec": {"train": 2051.0040984153748, "eval": 2.5134806632995605, "select": 22.663297176361084}, "gpu_mem_mb": 9445.455872, "gpu_name": "Tesla V100-PCIE-32GB", "gpu_total_mem_mb": 34072.559616, "foundation": {}, "notes": ""}
{"schema_version": "v3", "run_id": "refuge__P1__s2000", "round": 4, "dataset": "refuge", "modality": "fundus", "target": "optic_nerve_head", "dim": "2d", "query_unit": "image", "seed": 2000, "round_seed": 2004, "component_seeds": {"model_init_seed": 45534947, "loader_seed": 4200637250, "query_seed": 2043315399, "dropout_seed": 1875314724}, "total_rounds": 7, "budget_denominator": {"full_train_N": 960, "requested_pool_cap": 5000, "actual_AL_pool_N": 960, "budget_plan": [10, 20, 39, 68, 96, 144, 192], "fraction_of_AL_pool": 0.2, "fraction_of_full_train": 0.2}, "policy_id": "P1", "policy_name": "EntropyFull", "method_version": "1.0", "is_ablation": false, "policy_config": {}, "cumulative_budget": 96, "incremental_query_count": 48, "labeled_count": 96, "labeled_ratio": 0.1, "selected_ids": ["V0277", "V0334", "T0112", "n0325", "n0175", "V0029", "V0218", "V0201", "V0095", "V0098", "n0218", "V0205", "g0025", "V0082", "T0084", "n0132", "V0309", "V0337", "T0346", "V0006", "n0050", "T0269", "V0124", "T0258", "n0213", "T0275", "T0119", "V0225", "g0005", "T0243", "n0217", "V0070", "T0261", "n0163", "V0003", "n0029", "V0049", "T0235", "T0146", "V0037", "n0169", "V0048", "V0167", "n0120", "n0259", "T0085", "T0217", "V0063"], "selected_scores": [0.0007779974257573485, 0.0006918227300047874, 0.0005701601621694863, 0.0005551518988795578, 0.0005543330335058272, 0.0005320513737387955, 0.000498729757964611, 0.0004907053662464023, 0.0004841049085371196, 0.0004745416226796806, 0.0004690579662565142, 0.00046833971282467246, 0.0004643112188205123, 0.000460821291198954, 0.00045694527216255665, 0.00045317853800952435, 0.0004510357975959778, 0.00044941750820726156, 0.00044816324952989817, 0.0004462894285097718, 0.00044523831456899643, 0.00044355069985613227, 0.0004406524240039289, 0.0004401177866384387, 0.00043965858640149236, 0.00043898221338167787, 0.0004389376554172486, 0.00043811072828248143, 0.0004378292942419648, 0.00043596926843747497, 0.0004351881507318467, 0.0004349412629380822, 0.00043277497752569616, 0.0004313446697779, 0.0004310535441618413, 0.0004302063607610762, 0.00042942140134982765, 0.00042926447349600494, 0.0004281317815184593, 0.00042641154141165316, 0.0004243049770593643, 0.0004239678382873535, 0.0004236867534928024, 0.0004231626517139375, 0.0004220664268359542, 0.0004214261716697365, 0.0004206946468912065, 0.00042029432370327413], "selected_pred_fg_ratio": [0.01830291748046875, 0.015300750732421875, 0.019207000732421875, 0.019802093505859375, 0.013031005859375, 0.02204132080078125, 0.01822662353515625, 0.017009735107421875, 0.023952484130859375, 0.024631500244140625, 0.016323089599609375, 0.02452850341796875, 0.02008819580078125, 0.020374298095703125, 0.01750946044921875, 0.02075958251953125, 0.0193939208984375, 0.023593902587890625, 0.022186279296875, 0.02105712890625, 0.020351409912109375, 0.020641326904296875, 0.021015167236328125, 0.019283294677734375, 0.01982879638671875, 0.02060699462890625, 0.024139404296875, 0.019073486328125, 0.017383575439453125, 0.022945404052734375, 0.01903533935546875, 0.02034759521484375, 0.02108001708984375, 0.022068023681640625, 0.02069854736328125, 0.018497467041015625, 0.01941680908203125, 0.01601409912109375, 0.019611358642578125, 0.02053070068359375, 0.0201416015625, 0.018611907958984375, 0.020961761474609375, 0.020168304443359375, 0.013729095458984375, 0.019817352294921875, 0.02156829833984375, 0.019062042236328125], "selected_pred_class_dist": [[0.9816970825195312, 0.013736724853515625, 0.004566192626953125], [0.9846992492675781, 0.0123291015625, 0.002971649169921875], [0.9807929992675781, 0.012989044189453125, 0.00621795654296875], [0.9801979064941406, 0.015453338623046875, 0.0043487548828125], [0.986968994140625, 0.009426116943359375, 0.003604888916015625], [0.9779586791992188, 0.01854705810546875, 0.0034942626953125], [0.9817733764648438, 0.01288604736328125, 0.005340576171875], [0.9829902648925781, 0.01177215576171875, 0.005237579345703125], [0.9760475158691406, 0.014392852783203125, 0.00955963134765625], [0.9753684997558594, 0.014560699462890625, 0.01007080078125], [0.9836769104003906, 0.01163482666015625, 0.004688262939453125], [0.9754714965820312, 0.0178375244140625, 0.00669097900390625], [0.9799118041992188, 0.0107879638671875, 0.00930023193359375], [0.9796257019042969, 0.017230987548828125, 0.003143310546875], [0.9824905395507812, 0.014007568359375, 0.00350189208984375], [0.9792404174804688, 0.01439666748046875, 0.0063629150390625], [0.9806060791015625, 0.01409149169921875, 0.00530242919921875], [0.9764060974121094, 0.018444061279296875, 0.00514984130859375], [0.977813720703125, 0.013153076171875, 0.009033203125], [0.97894287109375, 0.012447357177734375, 0.008609771728515625], [0.9796485900878906, 0.014156341552734375, 0.006195068359375], [0.9793586730957031, 0.013408660888671875, 0.007232666015625], [0.9789848327636719, 0.01454925537109375, 0.006465911865234375], [0.9807167053222656, 0.0147552490234375, 0.004528045654296875], [0.9801712036132812, 0.015483856201171875, 0.004344940185546875], [0.9793930053710938, 0.01628875732421875, 0.0043182373046875], [0.975860595703125, 0.011608123779296875, 0.012531280517578125], [0.980926513671875, 0.01364898681640625, 0.00542449951171875], [0.9826164245605469, 0.0137786865234375, 0.003604888916015625], [0.9770545959472656, 0.01589202880859375, 0.007053375244140625], [0.9809646606445312, 0.01604461669921875, 0.00299072265625], [0.9796524047851562, 0.01416015625, 0.00618743896484375], [0.9789199829101562, 0.014434814453125, 0.00664520263671875], [0.9779319763183594, 0.016815185546875, 0.005252838134765625], [0.9793014526367188, 0.014736175537109375, 0.005962371826171875], [0.9815025329589844, 0.0125732421875, 0.005924224853515625], [0.9805831909179688, 0.012226104736328125, 0.007190704345703125], [0.9839859008789062, 0.01291656494140625, 0.0030975341796875], [0.9803886413574219, 0.015140533447265625, 0.0044708251953125], [0.9794692993164062, 0.015117645263671875, 0.005413055419921875], [0.9798583984375, 0.015087127685546875, 0.005054473876953125], [0.9813880920410156, 0.01348876953125, 0.005123138427734375], [0.9790382385253906, 0.01578521728515625, 0.005176544189453125], [0.9798316955566406, 0.015331268310546875, 0.0048370361328125], [0.9862709045410156, 0.010280609130859375, 0.003448486328125], [0.9801826477050781, 0.012897491455078125, 0.00691986083984375], [0.9784317016601562, 0.013942718505859375, 0.007625579833984375], [0.9809379577636719, 0.014080047607421875, 0.00498199462890625]], "candidate_count": 864, "candidate_scores_path": "/groups/echambe2/gmeng/MedAL-Agent/repo/code/runs/frozen_v5/candidate_scores/refuge__P1__s2000__r4.json", "predictions_path": "", "initial_labeled_path": "/groups/echambe2/gmeng/MedAL-Agent/repo/code/runs/frozen_v5/init_sets/refuge__s2000__n10.json", "initial_labeled_ids": [], "selection_diagnostics": {}, "training": {"num_iters": 1000, "batch_size": 12, "lr": 0.001, "image_size": 512, "aspect_preserve": true, "resolution_policy": "longside_pad32", "preproc_cache": {"pool": "hit", "val": "hit"}, "train_runtime_sec": 2003.6735484600067, "query_runtime_sec": 31.177563428878784, "iters": 3800, "stop_iter": 3800, "mean_loss": 0.12302848014049232, "last_loss": 0.023363100364804268, "stop_reason": "plateau", "hit_max_iters": false, "final_smooth_loss": 0.026491603199392557, "best_smooth_loss": 0.030534190777689218, "diverged": false, "loss_curve": [[1000, 0.11788892701268196], [1100, 0.11869100354611874], [1200, 0.1008124040812254], [1300, 0.08519104465842248], [1400, 0.07882036931812764], [1500, 0.07383676309138537], [1600, 0.06859832681715489], [1700, 0.06225093193352223], [1800, 0.06009750515222549], [1900, 0.05719877291470766], [2000, 0.050679631754755976], [2100, 0.049437890723347665], [2200, 0.04807394292205572], [2300, 0.04399620272219181], [2400, 0.04113402970135212], [2500, 0.04088910810649395], [2600, 0.049568090736865994], [2700, 0.04344241075217724], [2800, 0.0361126808822155], [2900, 0.034231954626739024], [3000, 0.03399980209767819], [3100, 0.03119025383144617], [3200, 0.03180883979424834], [3300, 0.030534190777689218], [3400, 0.0286614304035902], [3500, 0.029579527210444212], [3600, 0.027698442284017803], [3700, 0.027545937262475492], [3800, 0.026491603199392557]]}, "ckpt_id": "refuge__P1__s2000__r4", "ckpt_path": "", "ckpt_hash": "7e9d2e31f0e00588bc183d788faea7953eb3e0ae30d4e538d81b6f8440f3110d", "config_hash": "e840f429c53f252733967bfcca5a736d2ed0c080171d7ce6886508e2528e3140", "feature_cache_keys": {}, "sam_model_type": "", "sam_checkpoint": "", "metrics": {"primary_metric": "mean_dsc_fg_case_macro", "metric_version": "v3_case_macro", "eval_scope": "case_full_volume", "mean_dsc_fg_case_macro": 0.8728650326589763, "mean_dsc_fg": 0.8728650326589763, "mean_dsc_fg_pooled_diagnostic": 0.8722216216062613, "dsc_per_class_pooled": [0.9991750123969529, 0.887506798658141, 0.8569364445543816], "dsc_per_class": [0.9991750123969529, 0.887506798658141, 0.8569364445543816], "n_cases": 120, "n_eval": 120, "structure_detection_rate": 1.0, "missed_structure_rate": 0.0}, "runtime_sec": {"train": 2003.6735484600067, "eval": 2.4681525230407715, "select": 31.177563428878784}, "gpu_mem_mb": 9447.012352, "gpu_name": "Tesla V100-PCIE-32GB", "gpu_total_mem_mb": 34072.559616, "foundation": {}, "notes": ""}
