{"schema_version": "v3", "run_id": "refuge__P5__s2000", "round": 0, "dataset": "refuge", "modality": "fundus", "target": "optic_nerve_head", "dim": "2d", "query_unit": "image", "seed": 2000, "round_seed": 2000, "component_seeds": {"model_init_seed": 1733582241, "loader_seed": 3333593949, "query_seed": 2915079519, "dropout_seed": 1768907296}, "total_rounds": 7, "budget_denominator": {"full_train_N": 960, "requested_pool_cap": 5000, "actual_AL_pool_N": 960, "budget_plan": [10, 20, 39, 68, 96, 144, 192], "fraction_of_AL_pool": 0.2, "fraction_of_full_train": 0.2}, "policy_id": "P5", "policy_name": "EntropyCoreSet", "method_version": "1.0", "is_ablation": false, "policy_config": {}, "cumulative_budget": 10, "incremental_query_count": 10, "labeled_count": 10, "labeled_ratio": 0.010416666666666666, "selected_ids": ["n0003", "g0017", "V0149", "g0016", "n0101", "n0212", "T0004", "n0159", "n0149", "n0324"], "selected_scores": [0.001564813544973731, 0.004963225685060024, 0.0029925492126494646, 0.002488199155777693, 0.0015660072676837444, 0.005568622145801783, 0.0023524919524788857, 0.0017837247578427196, 0.0017729640239849687, 0.002152084605768323], "selected_pred_fg_ratio": [0.0292510986328125, 0.028591156005859375, 0.028533935546875, 0.022274017333984375, 0.0189666748046875, 0.029407501220703125, 0.023990631103515625, 0.017822265625, 0.02004241943359375, 0.0211334228515625], "selected_pred_class_dist": [[0.9707489013671875, 0.018230438232421875, 0.011020660400390625], [0.9714088439941406, 0.01941680908203125, 0.009174346923828125], [0.971466064453125, 0.019611358642578125, 0.008922576904296875], [0.9777259826660156, 0.013690948486328125, 0.00858306884765625], [0.9810333251953125, 0.01529693603515625, 0.00366973876953125], [0.9705924987792969, 0.012439727783203125, 0.0169677734375], [0.9760093688964844, 0.014759063720703125, 0.0092315673828125], [0.982177734375, 0.013153076171875, 0.004669189453125], [0.9799575805664062, 0.0171966552734375, 0.00284576416015625], [0.9788665771484375, 0.01732635498046875, 0.00380706787109375]], "candidate_count": 950, "candidate_scores_path": "/groups/echambe2/gmeng/MedAL-Agent/repo/code/runs/frozen_v5/candidate_scores/refuge__P5__s2000__r0.json", "predictions_path": "", "initial_labeled_path": "/groups/echambe2/gmeng/MedAL-Agent/repo/code/runs/frozen_v5/init_sets/refuge__s2000__n10.json", "initial_labeled_ids": ["T0087", "T0114", "T0138", "T0224", "V0057", "V0108", "V0242", "n0224", "n0309", "n0328"], "selection_diagnostics": {}, "training": {"num_iters": 1000, "batch_size": 12, "lr": 0.001, "image_size": 512, "aspect_preserve": true, "resolution_policy": "longside_pad32", "preproc_cache": {"pool": "hit", "val": "hit"}, "train_runtime_sec": 1170.4641563892365, "query_runtime_sec": 31.377335786819458, "iters": 2500, "stop_iter": 2500, "mean_loss": 0.1349949431374669, "last_loss": 0.013402014039456844, "stop_reason": "plateau", "hit_max_iters": false, "final_smooth_loss": 0.016008943570777773, "best_smooth_loss": 0.019260663269087673, "diverged": false, "loss_curve": [[1000, 0.046485719345510004], [1100, 0.04136928079649806], [1200, 0.038893202971667054], [1300, 0.03407431410625577], [1400, 0.030328259579837324], [1500, 0.027030344847589732], [1600, 0.030279245041310788], [1700, 0.026133053824305533], [1800, 0.023869296219199896], [1900, 0.02279059112071991], [2000, 0.019260663269087673], [2100, 0.020075496742501853], [2200, 0.019003258971497416], [2300, 0.021087154047563672], [2400, 0.018297976879402995], [2500, 0.016008943570777773]]}, "ckpt_id": "refuge__P5__s2000__r0", "ckpt_path": "", "ckpt_hash": "800b066a3aa9cad8752b0dffcb45b0fa1a6f0806216d332758a628267313e740", "config_hash": "e840f429c53f252733967bfcca5a736d2ed0c080171d7ce6886508e2528e3140", "feature_cache_keys": {"task_unet": "task_unet_bottleneck@800b066a3aa9"}, "sam_model_type": "", "sam_checkpoint": "", "metrics": {"primary_metric": "mean_dsc_fg_case_macro", "metric_version": "v3_case_macro", "eval_scope": "case_full_volume", "mean_dsc_fg_case_macro": 0.7737536255548314, "mean_dsc_fg": 0.7737536255548314, "mean_dsc_fg_pooled_diagnostic": 0.770472382910467, "dsc_per_class_pooled": [0.9983363008887929, 0.7943509747970862, 0.7465937910238479], "dsc_per_class": [0.9983363008887929, 0.7943509747970862, 0.7465937910238479], "n_cases": 120, "n_eval": 120, "structure_detection_rate": 1.0, "missed_structure_rate": 0.0}, "runtime_sec": {"train": 1170.4641563892365, "eval": 2.682337522506714, "select": 31.377335786819458}, "gpu_mem_mb": 8107.379712, "gpu_name": "Tesla V100-PCIE-32GB", "gpu_total_mem_mb": 34072.559616, "foundation": {}, "notes": ""}
{"schema_version": "v3", "run_id": "refuge__P5__s2000", "round": 1, "dataset": "refuge", "modality": "fundus", "target": "optic_nerve_head", "dim": "2d", "query_unit": "image", "seed": 2000, "round_seed": 2001, "component_seeds": {"model_init_seed": 4092542587, "loader_seed": 4022314598, "query_seed": 1275594993, "dropout_seed": 1443935428}, "total_rounds": 7, "budget_denominator": {"full_train_N": 960, "requested_pool_cap": 5000, "actual_AL_pool_N": 960, "budget_plan": [10, 20, 39, 68, 96, 144, 192], "fraction_of_AL_pool": 0.2, "fraction_of_full_train": 0.2}, "policy_id": "P5", "policy_name": "EntropyCoreSet", "method_version": "1.0", "is_ablation": false, "policy_config": {}, "cumulative_budget": 20, "incremental_query_count": 19, "labeled_count": 20, "labeled_ratio": 0.020833333333333332, "selected_ids": ["n0348", "V0213", "n0097", "n0236", "T0358", "g0002", "V0359", "V0017", "T0397", "g0003", "V0189", "T0010", "n0111", "V0332", "T0305", "V0389", "n0165", "V0169", "T0363"], "selected_scores": [0.0011443810071796179, 0.002821503207087517, 0.0005935749504715204, 0.0017668375512585044, 0.0023335858713835478, 0.000889830756932497, 0.001823060680180788, 0.0008084782166406512, 0.0026538469828665257, 0.0006029476062394679, 0.001866070437245071, 0.0005621887394227087, 0.0012579666217789054, 0.0006629929994232953, 0.0014851102605462074, 0.0005786324618384242, 0.0006960390601307154, 0.000705766084138304, 0.0005767176626250148], "selected_pred_fg_ratio": [0.0211181640625, 0.03722381591796875, 0.013153076171875, 0.022487640380859375, 0.0262298583984375, 0.016307830810546875, 0.03037261962890625, 0.024932861328125, 0.03318023681640625, 0.01556396484375, 0.020435333251953125, 0.019725799560546875, 0.021579742431640625, 0.020412445068359375, 0.0192718505859375, 0.014423370361328125, 0.0187530517578125, 0.01334381103515625, 0.019268035888671875], "selected_pred_class_dist": [[0.9788818359375, 0.013759613037109375, 0.007358551025390625], [0.9627761840820312, 0.01397705078125, 0.02324676513671875], [0.986846923828125, 0.010387420654296875, 0.002765655517578125], [0.9775123596191406, 0.01688385009765625, 0.005603790283203125], [0.9737701416015625, 0.014583587646484375, 0.011646270751953125], [0.9836921691894531, 0.00939178466796875, 0.006916046142578125], [0.9696273803710938, 0.012371063232421875, 0.018001556396484375], [0.975067138671875, 0.01326751708984375, 0.01166534423828125], [0.9668197631835938, 0.01595306396484375, 0.0172271728515625], [0.98443603515625, 0.009449005126953125, 0.006114959716796875], [0.9795646667480469, 0.0117645263671875, 0.008670806884765625], [0.9802742004394531, 0.0119476318359375, 0.007778167724609375], [0.9784202575683594, 0.014461517333984375, 0.00711822509765625], [0.9795875549316406, 0.0126495361328125, 0.007762908935546875], [0.9807281494140625, 0.01212310791015625, 0.00714874267578125], [0.9855766296386719, 0.01177978515625, 0.002643585205078125], [0.9812469482421875, 0.015140533447265625, 0.003612518310546875], [0.9866561889648438, 0.009914398193359375, 0.003429412841796875], [0.9807319641113281, 0.01222991943359375, 0.007038116455078125]], "candidate_count": 940, "candidate_scores_path": "/groups/echambe2/gmeng/MedAL-Agent/repo/code/runs/frozen_v5/candidate_scores/refuge__P5__s2000__r1.json", "predictions_path": "", "initial_labeled_path": "/groups/echambe2/gmeng/MedAL-Agent/repo/code/runs/frozen_v5/init_sets/refuge__s2000__n10.json", "initial_labeled_ids": [], "selection_diagnostics": {}, "training": {"num_iters": 1000, "batch_size": 12, "lr": 0.001, "image_size": 512, "aspect_preserve": true, "resolution_policy": "longside_pad32", "preproc_cache": {"pool": "hit", "val": "hit"}, "train_runtime_sec": 1139.948454618454, "query_runtime_sec": 31.05850887298584, "iters": 2100, "stop_iter": 2100, "mean_loss": 0.1241825700839538, "last_loss": 0.014050131663680077, "stop_reason": "plateau", "hit_max_iters": false, "final_smooth_loss": 0.014385251523926855, "best_smooth_loss": 0.01936702271923423, "diverged": false, "loss_curve": [[1000, 0.031306293606758115], [1100, 0.028033714927732944], [1200, 0.025738274324685336], [1300, 0.023649020045995714], [1400, 0.022507970854640007], [1500, 0.021962384451180695], [1600, 0.01936702271923423], [1700, 0.018511705128476025], [1800, 0.017639061119407416], [1900, 0.015899661146104336], [2000, 0.015217911070212722], [2100, 0.014385251523926855]]}, "ckpt_id": "refuge__P5__s2000__r1", "ckpt_path": "", "ckpt_hash": "1a79d16645f051ebe8eae772a4867bbe3cea62f73bb8deee06ffe7c2a9ef6dc5", "config_hash": "e840f429c53f252733967bfcca5a736d2ed0c080171d7ce6886508e2528e3140", "feature_cache_keys": {"task_unet": "task_unet_bottleneck@1a79d16645f0"}, "sam_model_type": "", "sam_checkpoint": "", "metrics": {"primary_metric": "mean_dsc_fg_case_macro", "metric_version": "v3_case_macro", "eval_scope": "case_full_volume", "mean_dsc_fg_case_macro": 0.8152709245434759, "mean_dsc_fg": 0.8152709245434759, "mean_dsc_fg_pooled_diagnostic": 0.815078829209471, "dsc_per_class_pooled": [0.9985754817875079, 0.8233314796715808, 0.8068261787473611], "dsc_per_class": [0.9985754817875079, 0.8233314796715808, 0.8068261787473611], "n_cases": 120, "n_eval": 120, "structure_detection_rate": 1.0, "missed_structure_rate": 0.0}, "runtime_sec": {"train": 1139.948454618454, "eval": 2.565077304840088, "select": 31.05850887298584}, "gpu_mem_mb": 9442.588672, "gpu_name": "Tesla V100-PCIE-32GB", "gpu_total_mem_mb": 34072.559616, "foundation": {}, "notes": ""}
{"schema_version": "v3", "run_id": "refuge__P5__s2000", "round": 2, "dataset": "refuge", "modality": "fundus", "target": "optic_nerve_head", "dim": "2d", "query_unit": "image", "seed": 2000, "round_seed": 2002, "component_seeds": {"model_init_seed": 1225426498, "loader_seed": 1158739311, "query_seed": 3667345588, "dropout_seed": 1372419812}, "total_rounds": 7, "budget_denominator": {"full_train_N": 960, "requested_pool_cap": 5000, "actual_AL_pool_N": 960, "budget_plan": [10, 20, 39, 68, 96, 144, 192], "fraction_of_AL_pool": 0.2, "fraction_of_full_train": 0.2}, "policy_id": "P5", "policy_name": "EntropyCoreSet", "method_version": "1.0", "is_ablation": false, "policy_config": {}, "cumulative_budget": 39, "incremental_query_count": 29, "labeled_count": 39, "labeled_ratio": 0.040625, "selected_ids": ["g0025", "T0051", "n0234", "T0310", "n0132", "V0095", "n0229", "T0026", "n0296", "n0030", "n0254", "n0127", "T0146", "V0048", "n0110", "V0216", "g0023", "T0223", "T0031", "g0011", "V0261", "n0329", "n0279", "n0223", "V0003", "n0271", "V0295", "T0049", "n0200"], "selected_scores": [0.00045403657713904977, 0.0005616402486339211, 0.000530585995875299, 0.0008136421092785895, 0.00046485979692079127, 0.0005130806821398437, 0.0028920364566147327, 0.0005119810812175274, 0.000446779013145715, 0.0004893846344202757, 0.0006245019030757248, 0.00044351123506203294, 0.0006471259403042495, 0.0004519881622400135, 0.0018938578432425857, 0.0004779906303156167, 0.00046672599273733795, 0.0005736149032600224, 0.0004623384738806635, 0.000462316267658025, 0.0004501601215451956, 0.0004725266480818391, 0.0004651976050809026, 0.00045484513975679874, 0.00045791154843755066, 0.0009064165642485023, 0.0005939743132330477, 0.0005106122116558254, 0.0004929686547257006], "selected_pred_fg_ratio": [0.019733428955078125, 0.020328521728515625, 0.0197906494140625, 0.025173187255859375, 0.019947052001953125, 0.02249908447265625, 0.03134918212890625, 0.018810272216796875, 0.016387939453125, 0.01849365234375, 0.021450042724609375, 0.018680572509765625, 0.020343780517578125, 0.019504547119140625, 0.01876068115234375, 0.017955780029296875, 0.019001007080078125, 0.023296356201171875, 0.019092559814453125, 0.017787933349609375, 0.01851654052734375, 0.017299652099609375, 0.020214080810546875, 0.015361785888671875, 0.02079010009765625, 0.017547607421875, 0.0216827392578125, 0.02045440673828125, 0.0149993896484375], "selected_pred_class_dist": [[0.9802665710449219, 0.01220703125, 0.007526397705078125], [0.9796714782714844, 0.012294769287109375, 0.00803375244140625], [0.9802093505859375, 0.0147247314453125, 0.00506591796875], [0.9748268127441406, 0.01174163818359375, 0.013431549072265625], [0.9800529479980469, 0.01428985595703125, 0.005657196044921875], [0.9775009155273438, 0.01216888427734375, 0.0103302001953125], [0.9686508178710938, 0.020294189453125, 0.01105499267578125], [0.9811897277832031, 0.01287078857421875, 0.005939483642578125], [0.983612060546875, 0.011322021484375, 0.00506591796875], [0.98150634765625, 0.01322174072265625, 0.00527191162109375], [0.9785499572753906, 0.0163726806640625, 0.005077362060546875], [0.9813194274902344, 0.01297760009765625, 0.005702972412109375], [0.9796562194824219, 0.013629913330078125, 0.0067138671875], [0.9804954528808594, 0.01178741455078125, 0.007717132568359375], [0.9812393188476562, 0.015026092529296875, 0.003734588623046875], [0.9820442199707031, 0.010852813720703125, 0.00710296630859375], [0.9809989929199219, 0.013256072998046875, 0.00574493408203125], [0.9767036437988281, 0.0110015869140625, 0.012294769287109375], [0.9809074401855469, 0.01241302490234375, 0.006679534912109375], [0.9822120666503906, 0.01274871826171875, 0.005039215087890625], [0.9814834594726562, 0.01186370849609375, 0.00665283203125], [0.9827003479003906, 0.012027740478515625, 0.00527191162109375], [0.9797859191894531, 0.014190673828125, 0.006023406982421875], [0.9846382141113281, 0.012180328369140625, 0.00318145751953125], [0.9792098999023438, 0.014438629150390625, 0.006351470947265625], [0.982452392578125, 0.011837005615234375, 0.005710601806640625], [0.9783172607421875, 0.01495361328125, 0.0067291259765625], [0.9795455932617188, 0.00833892822265625, 0.012115478515625], [0.9850006103515625, 0.01012420654296875, 0.00487518310546875]], "candidate_count": 921, "candidate_scores_path": "/groups/echambe2/gmeng/MedAL-Agent/repo/code/runs/frozen_v5/candidate_scores/refuge__P5__s2000__r2.json", "predictions_path": "", "initial_labeled_path": "/groups/echambe2/gmeng/MedAL-Agent/repo/code/runs/frozen_v5/init_sets/refuge__s2000__n10.json", "initial_labeled_ids": [], "selection_diagnostics": {}, "training": {"num_iters": 1000, "batch_size": 12, "lr": 0.001, "image_size": 512, "aspect_preserve": true, "resolution_policy": "longside_pad32", "preproc_cache": {"pool": "hit", "val": "hit"}, "train_runtime_sec": 1626.1806936264038, "query_runtime_sec": 30.588493824005127, "iters": 3000, "stop_iter": 3000, "mean_loss": 0.13420859324311216, "last_loss": 0.026009030640125275, "stop_reason": "plateau", "hit_max_iters": false, "final_smooth_loss": 0.02669940432533622, "best_smooth_loss": 0.03161618568003178, "diverged": false, "loss_curve": [[1000, 0.09273555770516395], [1100, 0.07762370035052299], [1200, 0.06739706568419933], [1300, 0.06586202535778284], [1400, 0.059911691695451734], [1500, 0.05676213081926108], [1600, 0.05288154061883688], [1700, 0.04944207202643156], [1800, 0.04530659075826406], [1900, 0.04261759791523218], [2000, 0.04268044579774141], [2100, 0.03744199788197875], [2200, 0.03624776214361191], [2300, 0.041413362193852665], [2400, 0.033641331028193236], [2500, 0.03161618568003178], [2600, 0.03125887662172318], [2700, 0.028662175070494414], [2800, 0.027376640886068344], [2900, 0.028730623703449965], [3000, 0.02669940432533622]]}, "ckpt_id": "refuge__P5__s2000__r2", "ckpt_path": "", "ckpt_hash": "beb8e4dd2f8670c8b08c0ce0804300f0d484137b818a1267c96fac9552f7b721", "config_hash": "e840f429c53f252733967bfcca5a736d2ed0c080171d7ce6886508e2528e3140", "feature_cache_keys": {"task_unet": "task_unet_bottleneck@beb8e4dd2f86"}, "sam_model_type": "", "sam_checkpoint": "", "metrics": {"primary_metric": "mean_dsc_fg_case_macro", "metric_version": "v3_case_macro", "eval_scope": "case_full_volume", "mean_dsc_fg_case_macro": 0.8475284180878869, "mean_dsc_fg": 0.8475284180878869, "mean_dsc_fg_pooled_diagnostic": 0.8486357946046148, "dsc_per_class_pooled": [0.9989715385982272, 0.8586726654364919, 0.8385989237727378], "dsc_per_class": [0.9989715385982272, 0.8586726654364919, 0.8385989237727378], "n_cases": 120, "n_eval": 120, "structure_detection_rate": 1.0, "missed_structure_rate": 0.0}, "runtime_sec": {"train": 1626.1806936264038, "eval": 2.643164873123169, "select": 30.588493824005127}, "gpu_mem_mb": 9447.225344, "gpu_name": "Tesla V100-PCIE-32GB", "gpu_total_mem_mb": 34072.559616, "foundation": {}, "notes": ""}
{"schema_version": "v3", "run_id": "refuge__P5__s2000", "round": 3, "dataset": "refuge", "modality": "fundus", "target": "optic_nerve_head", "dim": "2d", "query_unit": "image", "seed": 2000, "round_seed": 2003, "component_seeds": {"model_init_seed": 1786941200, "loader_seed": 315035857, "query_seed": 1656248978, "dropout_seed": 3607744384}, "total_rounds": 7, "budget_denominator": {"full_train_N": 960, "requested_pool_cap": 5000, "actual_AL_pool_N": 960, "budget_plan": [10, 20, 39, 68, 96, 144, 192], "fraction_of_AL_pool": 0.2, "fraction_of_full_train": 0.2}, "policy_id": "P5", "policy_name": "EntropyCoreSet", "method_version": "1.0", "is_ablation": false, "policy_config": {}, "cumulative_budget": 68, "incremental_query_count": 28, "labeled_count": 68, "labeled_ratio": 0.07083333333333333, "selected_ids": ["g0040", "n0351", "n0217", "n0289", "n0002", "n0129", "g0008", "n0252", "n0237", "n0174", "g0034", "n0179", "n0025", "n0085", "n0073", "V0046", "n0069", "g0026", "V0075", "g0005", "n0338", "n0029", "T0057", "n0335", "T0250", "n0201", "n0276", "V0049"], "selected_scores": [0.00044790131505578756, 0.00041648984188213944, 0.0004687221080530435, 0.00041270890505984426, 0.00040378861012868583, 0.0004322336462792009, 0.00040309561882168055, 0.0004067716945428401, 0.00041401811176910996, 0.00041151067125611007, 0.0007419776520691812, 0.00043798095430247486, 0.0004454802838154137, 0.0004021471831947565, 0.0004098135104868561, 0.0004213670326862484, 0.0004310093354433775, 0.0004596153739839792, 0.0004102360690012574, 0.0004083431849721819, 0.000433925335528329, 0.00043471192475408316, 0.00046447041677311063, 0.00040171988075599074, 0.00040451993118040264, 0.00045086408499628305, 0.00040342085412703454, 0.0004157178336754441], "selected_pred_fg_ratio": [0.0172882080078125, 0.019336700439453125, 0.019252777099609375, 0.01856231689453125, 0.020374298095703125, 0.014705657958984375, 0.020244598388671875, 0.020427703857421875, 0.020389556884765625, 0.011684417724609375, 0.018280029296875, 0.01595306396484375, 0.018951416015625, 0.01837158203125, 0.021907806396484375, 0.018657684326171875, 0.018218994140625, 0.019031524658203125, 0.01816558837890625, 0.0163726806640625, 0.022014617919921875, 0.018524169921875, 0.016262054443359375, 0.015533447265625, 0.0187225341796875, 0.015293121337890625, 0.0199127197265625, 0.0197601318359375], "selected_pred_class_dist": [[0.9827117919921875, 0.00771331787109375, 0.00957489013671875], [0.9806632995605469, 0.01378631591796875, 0.005550384521484375], [0.9807472229003906, 0.014415740966796875, 0.0048370361328125], [0.9814376831054688, 0.012134552001953125, 0.006427764892578125], [0.9796257019042969, 0.015285491943359375, 0.00508880615234375], [0.9852943420410156, 0.0126190185546875, 0.002086639404296875], [0.9797554016113281, 0.01457977294921875, 0.005664825439453125], [0.9795722961425781, 0.014247894287109375, 0.0061798095703125], [0.9796104431152344, 0.0142822265625, 0.006107330322265625], [0.9883155822753906, 0.009387969970703125, 0.00229644775390625], [0.981719970703125, 0.00826263427734375, 0.01001739501953125], [0.9840469360351562, 0.012073516845703125, 0.003879547119140625], [0.981048583984375, 0.013919830322265625, 0.005031585693359375], [0.98162841796875, 0.014247894287109375, 0.004123687744140625], [0.9780921936035156, 0.014522552490234375, 0.00738525390625], [0.9813423156738281, 0.00922393798828125, 0.009433746337890625], [0.981781005859375, 0.013439178466796875, 0.004779815673828125], [0.9809684753417969, 0.010700225830078125, 0.008331298828125], [0.9818344116210938, 0.01090240478515625, 0.00726318359375], [0.9836273193359375, 0.013141632080078125, 0.003231048583984375], [0.9779853820800781, 0.0147247314453125, 0.007289886474609375], [0.981475830078125, 0.01323699951171875, 0.00528717041015625], [0.9837379455566406, 0.013210296630859375, 0.0030517578125], [0.984466552734375, 0.011417388916015625, 0.004116058349609375], [0.9812774658203125, 0.01332855224609375, 0.00539398193359375], [0.9847068786621094, 0.011165618896484375, 0.00412750244140625], [0.9800872802734375, 0.0148773193359375, 0.005035400390625], [0.9802398681640625, 0.0124664306640625, 0.007293701171875]], "candidate_count": 892, "candidate_scores_path": "/groups/echambe2/gmeng/MedAL-Agent/repo/code/runs/frozen_v5/candidate_scores/refuge__P5__s2000__r3.json", "predictions_path": "", "initial_labeled_path": "/groups/echambe2/gmeng/MedAL-Agent/repo/code/runs/frozen_v5/init_sets/refuge__s2000__n10.json", "initial_labeled_ids": [], "selection_diagnostics": {}, "training": {"num_iters": 1000, "batch_size": 12, "lr": 0.001, "image_size": 512, "aspect_preserve": true, "resolution_policy": "longside_pad32", "preproc_cache": {"pool": "hit", "val": "hit"}, "train_runtime_sec": 1866.954808473587, "query_runtime_sec": 30.10766291618347, "iters": 3200, "stop_iter": 3200, "mean_loss": 0.14131956041790544, "last_loss": 0.02172628603875637, "stop_reason": "plateau", "hit_max_iters": false, "final_smooth_loss": 0.023113673590123653, "best_smooth_loss": 0.027393329441547393, "diverged": false, "loss_curve": [[1000, 0.08316789284348487], [1100, 0.0694337184354663], [1200, 0.06075922906398773], [1300, 0.05899748086929321], [1400, 0.05179018259048462], [1500, 0.048309468179941174], [1600, 0.043939496353268624], [1700, 0.04496225088834763], [1800, 0.03983952624723315], [1900, 0.038270704988390206], [2000, 0.03675227953121066], [2100, 0.03435806395485997], [2200, 0.0327567982673645], [2300, 0.03014364931732416], [2400, 0.030892122630029918], [2500, 0.028365330547094347], [2600, 0.03523893147706986], [2700, 0.027393329441547393], [2800, 0.026110366992652415], [2900, 0.02422216335311532], [3000, 0.024572928305715322], [3100, 0.024206326212733983], [3200, 0.023113673590123653]]}, "ckpt_id": "refuge__P5__s2000__r3", "ckpt_path": "", "ckpt_hash": "c4950b5213e744abc344377128703f6f8f47ea7264b0dee8d978dabdbbc29e5b", "config_hash": "e840f429c53f252733967bfcca5a736d2ed0c080171d7ce6886508e2528e3140", "feature_cache_keys": {"task_unet": "task_unet_bottleneck@c4950b5213e7"}, "sam_model_type": "", "sam_checkpoint": "", "metrics": {"primary_metric": "mean_dsc_fg_case_macro", "metric_version": "v3_case_macro", "eval_scope": "case_full_volume", "mean_dsc_fg_case_macro": 0.8651713747787374, "mean_dsc_fg": 0.8651713747787374, "mean_dsc_fg_pooled_diagnostic": 0.8662953985302426, "dsc_per_class_pooled": [0.9990565252949084, 0.8771698704095287, 0.8554209266509565], "dsc_per_class": [0.9990565252949084, 0.8771698704095287, 0.8554209266509565], "n_cases": 120, "n_eval": 120, "structure_detection_rate": 1.0, "missed_structure_rate": 0.0}, "runtime_sec": {"train": 1866.954808473587, "eval": 2.930619955062866, "select": 30.10766291618347}, "gpu_mem_mb": 9445.455872, "gpu_name": "Tesla V100-PCIE-32GB", "gpu_total_mem_mb": 34072.559616, "foundation": {}, "notes": ""}
{"schema_version": "v3", "run_id": "refuge__P5__s2000", "round": 4, "dataset": "refuge", "modality": "fundus", "target": "optic_nerve_head", "dim": "2d", "query_unit": "image", "seed": 2000, "round_seed": 2004, "component_seeds": {"model_init_seed": 45534947, "loader_seed": 4200637250, "query_seed": 2043315399, "dropout_seed": 1875314724}, "total_rounds": 7, "budget_denominator": {"full_train_N": 960, "requested_pool_cap": 5000, "actual_AL_pool_N": 960, "budget_plan": [10, 20, 39, 68, 96, 144, 192], "fraction_of_AL_pool": 0.2, "fraction_of_full_train": 0.2}, "policy_id": "P5", "policy_name": "EntropyCoreSet", "method_version": "1.0", "is_ablation": false, "policy_config": {}, "cumulative_budget": 96, "incremental_query_count": 48, "labeled_count": 96, "labeled_ratio": 0.1, "selected_ids": ["n0302", "T0306", "T0298", "n0160", "V0398", "n0137", "T0206", "n0023", "T0360", "V0265", "n0125", "n0155", "T0272", "n0105", "n0175", "n0278", "n0054", "n0273", "T0345", "n0027", "V0037", "T0370", "T0328", "V0205", "n0218", "n0066", "n0307", "n0013", "g0035", "n0024", "n0186", "T0394", "n0193", "n0352", "V0193", "V0224", "n0176", "T0365", "n0014", "n0300", "V0292", "V0208", "n0272", "n0260", "g0018", "T0348", "n0072", "V0364"], "selected_scores": [0.0007315694820135832, 0.00048480986151844263, 0.0004008531104773283, 0.00041000969940796494, 0.00042457575909793377, 0.0003860084107145667, 0.0004827369994018227, 0.00038270081859081984, 0.0005002751713618636, 0.0007715970277786255, 0.000394964445149526, 0.00038200183189474046, 0.0003942270705010742, 0.00042184468475170434, 0.0012944573536515236, 0.0004350683593656868, 0.00038927586865611374, 0.00040364661253988743, 0.0003830147616099566, 0.00039334912435151637, 0.0005773943848907948, 0.0004067076661158353, 0.0003831853100564331, 0.0004385301435831934, 0.0005430855671875179, 0.0003795771044678986, 0.00040179083589464426, 0.0003954791172873229, 0.0004032372962683439, 0.0003981751506216824, 0.0003844931779894978, 0.00041218215483240783, 0.0003779793332796544, 0.00037779108970426023, 0.0007820226019248366, 0.0003880667791236192, 0.00038809789111837745, 0.00041313961264677346, 0.0003820268902927637, 0.0003829443594440818, 0.00046258620568551123, 0.00040086550870910287, 0.0004613641940522939, 0.00038100252277217805, 0.0004409088287502527, 0.00038331549149006605, 0.00038648745976388454, 0.0004454759182408452], "selected_pred_fg_ratio": [0.017284393310546875, 0.017375946044921875, 0.01910400390625, 0.015560150146484375, 0.02147674560546875, 0.0169830322265625, 0.0224761962890625, 0.019622802734375, 0.01873779296875, 0.012554168701171875, 0.017536163330078125, 0.015026092529296875, 0.016201019287109375, 0.019321441650390625, 0.016231536865234375, 0.017185211181640625, 0.019073486328125, 0.016078948974609375, 0.016407012939453125, 0.0208892822265625, 0.021022796630859375, 0.01718902587890625, 0.01541900634765625, 0.02266693115234375, 0.01715087890625, 0.01782989501953125, 0.0191497802734375, 0.016845703125, 0.017162322998046875, 0.0163421630859375, 0.0164337158203125, 0.022487640380859375, 0.019054412841796875, 0.01708221435546875, 0.013397216796875, 0.018939971923828125, 0.01839447021484375, 0.019382476806640625, 0.018466949462890625, 0.018283843994140625, 0.01905059814453125, 0.02091217041015625, 0.013111114501953125, 0.0191650390625, 0.01663970947265625, 0.018341064453125, 0.019229888916015625, 0.021572113037109375], "selected_pred_class_dist": [[0.9827156066894531, 0.00824737548828125, 0.009037017822265625], [0.9826240539550781, 0.011142730712890625, 0.00623321533203125], [0.98089599609375, 0.011058807373046875, 0.008045196533203125], [0.9844398498535156, 0.01294708251953125, 0.002613067626953125], [0.9785232543945312, 0.01557159423828125, 0.0059051513671875], [0.9830169677734375, 0.012935638427734375, 0.004047393798828125], [0.9775238037109375, 0.015132904052734375, 0.007343292236328125], [0.980377197265625, 0.014614105224609375, 0.005008697509765625], [0.98126220703125, 0.0099029541015625, 0.0088348388671875], [0.9874458312988281, 0.01026153564453125, 0.002292633056640625], [0.9824638366699219, 0.0135345458984375, 0.004001617431640625], [0.9849739074707031, 0.011760711669921875, 0.003265380859375], [0.9837989807128906, 0.01332855224609375, 0.002872467041015625], [0.9806785583496094, 0.014171600341796875, 0.00514984130859375], [0.9837684631347656, 0.010112762451171875, 0.0061187744140625], [0.9828147888183594, 0.012454986572265625, 0.004730224609375], [0.980926513671875, 0.014209747314453125, 0.004863739013671875], [0.9839210510253906, 0.011993408203125, 0.004085540771484375], [0.9835929870605469, 0.012660980224609375, 0.00374603271484375], [0.9791107177734375, 0.01531982421875, 0.0055694580078125], [0.9789772033691406, 0.013851165771484375, 0.007171630859375], [0.9828109741210938, 0.010730743408203125, 0.006458282470703125], [0.9845809936523438, 0.0118408203125, 0.00357818603515625], [0.9773330688476562, 0.015308380126953125, 0.007358551025390625], [0.98284912109375, 0.01160430908203125, 0.00554656982421875], [0.9821701049804688, 0.01410675048828125, 0.00372314453125], [0.9808502197265625, 0.01453399658203125, 0.00461578369140625], [0.983154296875, 0.013439178466796875, 0.003406524658203125], [0.9828376770019531, 0.007282257080078125, 0.00988006591796875], [0.9836578369140625, 0.011928558349609375, 0.004413604736328125], [0.9835662841796875, 0.0131378173828125, 0.0032958984375], [0.9775123596191406, 0.01412200927734375, 0.008365631103515625], [0.9809455871582031, 0.0144805908203125, 0.004573822021484375], [0.9829177856445312, 0.01270294189453125, 0.0043792724609375], [0.986602783203125, 0.01042938232421875, 0.00296783447265625], [0.9810600280761719, 0.0142822265625, 0.004657745361328125], [0.9816055297851562, 0.014171600341796875, 0.004222869873046875], [0.9806175231933594, 0.013744354248046875, 0.00563812255859375], [0.9815330505371094, 0.013912200927734375, 0.00455474853515625], [0.9817161560058594, 0.013427734375, 0.004856109619140625], [0.9809494018554688, 0.01528167724609375, 0.0037689208984375], [0.9790878295898438, 0.011295318603515625, 0.009616851806640625], [0.9868888854980469, 0.009822845458984375, 0.00328826904296875], [0.9808349609375, 0.01361846923828125, 0.00554656982421875], [0.9833602905273438, 0.007476806640625, 0.00916290283203125], [0.981658935546875, 0.01390838623046875, 0.00443267822265625], [0.9807701110839844, 0.014705657958984375, 0.00452423095703125], [0.9784278869628906, 0.012783050537109375, 0.0087890625]], "candidate_count": 864, "candidate_scores_path": "/groups/echambe2/gmeng/MedAL-Agent/repo/code/runs/frozen_v5/candidate_scores/refuge__P5__s2000__r4.json", "predictions_path": "", "initial_labeled_path": "/groups/echambe2/gmeng/MedAL-Agent/repo/code/runs/frozen_v5/init_sets/refuge__s2000__n10.json", "initial_labeled_ids": [], "selection_diagnostics": {}, "training": {"num_iters": 1000, "batch_size": 12, "lr": 0.001, "image_size": 512, "aspect_preserve": true, "resolution_policy": "longside_pad32", "preproc_cache": {"pool": "hit", "val": "hit"}, "train_runtime_sec": 2087.092143058777, "query_runtime_sec": 28.127885103225708, "iters": 3500, "stop_iter": 3500, "mean_loss": 0.12456685654712575, "last_loss": 0.029720976948738098, "stop_reason": "plateau", "hit_max_iters": false, "final_smooth_loss": 0.027939363736659287, "best_smooth_loss": 0.031480361837893725, "diverged": false, "loss_curve": [[1000, 0.11063475847244263], [1100, 0.10088758945465087], [1200, 0.09310474686324596], [1300, 0.08700401693582535], [1400, 0.08196402706205845], [1500, 0.07278836682438851], [1600, 0.06788342617452145], [1700, 0.061483038291335106], [1800, 0.057551059126853946], [1900, 0.056846774630248544], [2000, 0.04922028888016939], [2100, 0.04603220224380493], [2200, 0.046043158993124965], [2300, 0.042497641816735265], [2400, 0.03976942325010896], [2500, 0.041714069433510303], [2600, 0.037111053392291066], [2700, 0.035040651932358745], [2800, 0.0340568976290524], [2900, 0.03382184591144324], [3000, 0.031480361837893725], [3100, 0.030625436566770078], [3200, 0.030391853004693985], [3300, 0.02921728665009141], [3400, 0.028294532354921104], [3500, 0.027939363736659287]]}, "ckpt_id": "refuge__P5__s2000__r4", "ckpt_path": "", "ckpt_hash": "cbb3636a1f871b8e3fccdb2c1899c103d33db733b788a3d31e95d5f799d8fe4f", "config_hash": "e840f429c53f252733967bfcca5a736d2ed0c080171d7ce6886508e2528e3140", "feature_cache_keys": {"task_unet": "task_unet_bottleneck@cbb3636a1f87"}, "sam_model_type": "", "sam_checkpoint": "", "metrics": {"primary_metric": "mean_dsc_fg_case_macro", "metric_version": "v3_case_macro", "eval_scope": "case_full_volume", "mean_dsc_fg_case_macro": 0.8661961169203334, "mean_dsc_fg": 0.8661961169203334, "mean_dsc_fg_pooled_diagnostic": 0.8664244710130503, "dsc_per_class_pooled": [0.9991283813402339, 0.8825393194761042, 0.8503096225499964], "dsc_per_class": [0.9991283813402339, 0.8825393194761042, 0.8503096225499964], "n_cases": 120, "n_eval": 120, "structure_detection_rate": 1.0, "missed_structure_rate": 0.0}, "runtime_sec": {"train": 2087.092143058777, "eval": 2.530111789703369, "select": 28.127885103225708}, "gpu_mem_mb": 9447.012352, "gpu_name": "Tesla V100-PCIE-32GB", "gpu_total_mem_mb": 34072.559616, "foundation": {}, "notes": ""}
