{"schema_version": "v3", "run_id": "refuge__P6__s2000", "round": 0, "dataset": "refuge", "modality": "fundus", "target": "optic_nerve_head", "dim": "2d", "query_unit": "image", "seed": 2000, "round_seed": 2000, "component_seeds": {"model_init_seed": 1733582241, "loader_seed": 3333593949, "query_seed": 2915079519, "dropout_seed": 1768907296}, "total_rounds": 7, "budget_denominator": {"full_train_N": 960, "requested_pool_cap": 5000, "actual_AL_pool_N": 960, "budget_plan": [10, 20, 39, 68, 96, 144, 192], "fraction_of_AL_pool": 0.2, "fraction_of_full_train": 0.2}, "policy_id": "P6", "policy_name": "SelectiveUncertaintyAL", "method_version": "1.0", "is_ablation": false, "policy_config": {}, "cumulative_budget": 10, "incremental_query_count": 10, "labeled_count": 10, "labeled_ratio": 0.010416666666666666, "selected_ids": ["g0004", "V0277", "n0212", "V0189", "V0316", "n0211", "g0017", "V0068", "n0254", "V0304"], "selected_scores": [0.4119483232498169, 0.37995147705078125, 0.38451099395751953, 0.39103904366493225, 0.407028466463089, 0.3890714645385742, 0.38117167353630066, 0.3799871504306793, 0.3765307664871216, 0.3837798237800598], "selected_pred_fg_ratio": [0.018829345703125, 0.017314910888671875, 0.029407501220703125, 0.01905059814453125, 0.01825714111328125, 0.01398468017578125, 0.028591156005859375, 0.01888275146484375, 0.0226593017578125, 0.02188873291015625], "selected_pred_class_dist": [[0.981170654296875, 0.010555267333984375, 0.008274078369140625], [0.9826850891113281, 0.012516021728515625, 0.00479888916015625], [0.9705924987792969, 0.012439727783203125, 0.0169677734375], [0.9809494018554688, 0.015064239501953125, 0.003986358642578125], [0.9817428588867188, 0.0102081298828125, 0.00804901123046875], [0.9860153198242188, 0.011653900146484375, 0.002330780029296875], [0.9714088439941406, 0.01941680908203125, 0.009174346923828125], [0.9811172485351562, 0.012569427490234375, 0.006313323974609375], [0.9773406982421875, 0.017024993896484375, 0.005634307861328125], [0.9781112670898438, 0.0159759521484375, 0.00591278076171875]], "candidate_count": 950, "candidate_scores_path": "/groups/echambe2/gmeng/MedAL-Agent/repo/code/runs/frozen_v5/candidate_scores/refuge__P6__s2000__r0.json", "predictions_path": "", "initial_labeled_path": "/groups/echambe2/gmeng/MedAL-Agent/repo/code/runs/frozen_v5/init_sets/refuge__s2000__n10.json", "initial_labeled_ids": ["T0087", "T0114", "T0138", "T0224", "V0057", "V0108", "V0242", "n0224", "n0309", "n0328"], "selection_diagnostics": {"selu_valid_intersected": true, "selu_target_frac": 0.016719553619623184, "selu_boundary_frac": 0.00013738129928242415, "selu_score_target_mean": 0.025957798585295677, "selu_score_boundary_mean": 0.6316992044448853}, "training": {"num_iters": 1000, "batch_size": 12, "lr": 0.001, "image_size": 512, "aspect_preserve": true, "resolution_policy": "longside_pad32", "preproc_cache": {"pool": "hit", "val": "hit"}, "train_runtime_sec": 1142.4285910129547, "query_runtime_sec": 35.154892921447754, "iters": 2500, "stop_iter": 2500, "mean_loss": 0.1349949431374669, "last_loss": 0.013402014039456844, "stop_reason": "plateau", "hit_max_iters": false, "final_smooth_loss": 0.016008943570777773, "best_smooth_loss": 0.019260663269087673, "diverged": false, "loss_curve": [[1000, 0.046485719345510004], [1100, 0.04136928079649806], [1200, 0.038893202971667054], [1300, 0.03407431410625577], [1400, 0.030328259579837324], [1500, 0.027030344847589732], [1600, 0.030279245041310788], [1700, 0.026133053824305533], [1800, 0.023869296219199896], [1900, 0.02279059112071991], [2000, 0.019260663269087673], [2100, 0.020075496742501853], [2200, 0.019003258971497416], [2300, 0.021087154047563672], [2400, 0.018297976879402995], [2500, 0.016008943570777773]]}, "ckpt_id": "refuge__P6__s2000__r0", "ckpt_path": "", "ckpt_hash": "800b066a3aa9cad8752b0dffcb45b0fa1a6f0806216d332758a628267313e740", "config_hash": "e840f429c53f252733967bfcca5a736d2ed0c080171d7ce6886508e2528e3140", "feature_cache_keys": {}, "sam_model_type": "", "sam_checkpoint": "", "metrics": {"primary_metric": "mean_dsc_fg_case_macro", "metric_version": "v3_case_macro", "eval_scope": "case_full_volume", "mean_dsc_fg_case_macro": 0.7737536255548314, "mean_dsc_fg": 0.7737536255548314, "mean_dsc_fg_pooled_diagnostic": 0.770472382910467, "dsc_per_class_pooled": [0.9983363008887929, 0.7943509747970862, 0.7465937910238479], "dsc_per_class": [0.9983363008887929, 0.7943509747970862, 0.7465937910238479], "n_cases": 120, "n_eval": 120, "structure_detection_rate": 1.0, "missed_structure_rate": 0.0}, "runtime_sec": {"train": 1142.4285910129547, "eval": 2.675900459289551, "select": 35.154892921447754}, "gpu_mem_mb": 8107.379712, "gpu_name": "Tesla V100-PCIE-32GB", "gpu_total_mem_mb": 34072.559616, "foundation": {}, "notes": ""}
{"schema_version": "v3", "run_id": "refuge__P6__s2000", "round": 1, "dataset": "refuge", "modality": "fundus", "target": "optic_nerve_head", "dim": "2d", "query_unit": "image", "seed": 2000, "round_seed": 2001, "component_seeds": {"model_init_seed": 4092542587, "loader_seed": 4022314598, "query_seed": 1275594993, "dropout_seed": 1443935428}, "total_rounds": 7, "budget_denominator": {"full_train_N": 960, "requested_pool_cap": 5000, "actual_AL_pool_N": 960, "budget_plan": [10, 20, 39, 68, 96, 144, 192], "fraction_of_AL_pool": 0.2, "fraction_of_full_train": 0.2}, "policy_id": "P6", "policy_name": "SelectiveUncertaintyAL", "method_version": "1.0", "is_ablation": false, "policy_config": {}, "cumulative_budget": 20, "incremental_query_count": 19, "labeled_count": 20, "labeled_ratio": 0.020833333333333332, "selected_ids": ["V0005", "T0021", "V0359", "n0348", "T0272", "T0346", "n0110", "V0309", "T0036", "V0017", "V0248", "T0306", "V0295", "V0193", "T0261", "V0273", "T0049", "V0215", "V0095"], "selected_scores": [0.4089517593383789, 0.3937033414840698, 0.4241260290145874, 0.3860647678375244, 0.3877980709075928, 0.38100141286849976, 0.36961689591407776, 0.374986469745636, 0.36972662806510925, 0.37161362171173096, 0.37437233328819275, 0.36350831389427185, 0.36770734190940857, 0.35130560398101807, 0.3646335303783417, 0.34785720705986023, 0.3656446933746338, 0.36611834168434143, 0.36371538043022156], "selected_pred_fg_ratio": [0.024906158447265625, 0.021038055419921875, 0.02016448974609375, 0.020542144775390625, 0.0207366943359375, 0.021678924560546875, 0.016811370849609375, 0.017040252685546875, 0.02265167236328125, 0.022792816162109375, 0.01647186279296875, 0.017669677734375, 0.02239990234375, 0.021823883056640625, 0.020626068115234375, 0.014225006103515625, 0.0198974609375, 0.014919281005859375, 0.021419525146484375], "selected_pred_class_dist": [[0.9750938415527344, 0.01358795166015625, 0.011318206787109375], [0.9789619445800781, 0.01274871826171875, 0.008289337158203125], [0.9798355102539062, 0.01093292236328125, 0.0092315673828125], [0.9794578552246094, 0.01612091064453125, 0.004421234130859375], [0.9792633056640625, 0.01277923583984375, 0.00795745849609375], [0.9783210754394531, 0.013637542724609375, 0.0080413818359375], [0.9831886291503906, 0.01367950439453125, 0.003131866455078125], [0.9829597473144531, 0.0121917724609375, 0.004848480224609375], [0.9773483276367188, 0.0154571533203125, 0.00719451904296875], [0.9772071838378906, 0.01666259765625, 0.006130218505859375], [0.9835281372070312, 0.010395050048828125, 0.006076812744140625], [0.982330322265625, 0.013561248779296875, 0.004108428955078125], [0.97760009765625, 0.014095306396484375, 0.008304595947265625], [0.9781761169433594, 0.0195770263671875, 0.002246856689453125], [0.9793739318847656, 0.013751983642578125, 0.00687408447265625], [0.9857749938964844, 0.0120697021484375, 0.002155303955078125], [0.9801025390625, 0.011951446533203125, 0.007946014404296875], [0.9850807189941406, 0.0112762451171875, 0.003643035888671875], [0.9785804748535156, 0.014369964599609375, 0.007049560546875]], "candidate_count": 940, "candidate_scores_path": "/groups/echambe2/gmeng/MedAL-Agent/repo/code/runs/frozen_v5/candidate_scores/refuge__P6__s2000__r1.json", "predictions_path": "", "initial_labeled_path": "/groups/echambe2/gmeng/MedAL-Agent/repo/code/runs/frozen_v5/init_sets/refuge__s2000__n10.json", "initial_labeled_ids": [], "selection_diagnostics": {"selu_valid_intersected": true, "selu_target_frac": 0.016509369015693665, "selu_boundary_frac": 9.601674537407234e-05, "selu_score_target_mean": 0.018936660140752792, "selu_score_boundary_mean": 0.6311761736869812}, "training": {"num_iters": 1000, "batch_size": 12, "lr": 0.001, "image_size": 512, "aspect_preserve": true, "resolution_policy": "longside_pad32", "preproc_cache": {"pool": "hit", "val": "hit"}, "train_runtime_sec": 1272.674158334732, "query_runtime_sec": 34.92031908035278, "iters": 2400, "stop_iter": 2400, "mean_loss": 0.12449702233037291, "last_loss": 0.02693607285618782, "stop_reason": "plateau", "hit_max_iters": false, "final_smooth_loss": 0.01943552982993424, "best_smooth_loss": 0.02263434451073408, "diverged": false, "loss_curve": [[1000, 0.04222635094076395], [1100, 0.040806004423648116], [1200, 0.03488738235086203], [1300, 0.03352229069918394], [1400, 0.031738591976463795], [1500, 0.029814462773501874], [1600, 0.027862073071300984], [1700, 0.02535040508955717], [1800, 0.02495906697586179], [1900, 0.02263434451073408], [2000, 0.021386171393096447], [2100, 0.02023534981533885], [2200, 0.01960578275844455], [2300, 0.018793947715312242], [2400, 0.01943552982993424]]}, "ckpt_id": "refuge__P6__s2000__r1", "ckpt_path": "", "ckpt_hash": "1a616a3c2690e46dcbe1dbfe7c91d69ee4750a589e39f8bd200f54fce34f0135", "config_hash": "e840f429c53f252733967bfcca5a736d2ed0c080171d7ce6886508e2528e3140", "feature_cache_keys": {}, "sam_model_type": "", "sam_checkpoint": "", "metrics": {"primary_metric": "mean_dsc_fg_case_macro", "metric_version": "v3_case_macro", "eval_scope": "case_full_volume", "mean_dsc_fg_case_macro": 0.8276181131679821, "mean_dsc_fg": 0.8276181131679821, "mean_dsc_fg_pooled_diagnostic": 0.8234496116842522, "dsc_per_class_pooled": [0.9987590585895298, 0.837157757325344, 0.8097414660431606], "dsc_per_class": [0.9987590585895298, 0.837157757325344, 0.8097414660431606], "n_cases": 120, "n_eval": 120, "structure_detection_rate": 1.0, "missed_structure_rate": 0.0}, "runtime_sec": {"train": 1272.674158334732, "eval": 2.643104076385498, "select": 34.92031908035278}, "gpu_mem_mb": 9442.588672, "gpu_name": "Tesla V100-PCIE-32GB", "gpu_total_mem_mb": 34072.559616, "foundation": {}, "notes": ""}
{"schema_version": "v3", "run_id": "refuge__P6__s2000", "round": 2, "dataset": "refuge", "modality": "fundus", "target": "optic_nerve_head", "dim": "2d", "query_unit": "image", "seed": 2000, "round_seed": 2002, "component_seeds": {"model_init_seed": 1225426498, "loader_seed": 1158739311, "query_seed": 3667345588, "dropout_seed": 1372419812}, "total_rounds": 7, "budget_denominator": {"full_train_N": 960, "requested_pool_cap": 5000, "actual_AL_pool_N": 960, "budget_plan": [10, 20, 39, 68, 96, 144, 192], "fraction_of_AL_pool": 0.2, "fraction_of_full_train": 0.2}, "policy_id": "P6", "policy_name": "SelectiveUncertaintyAL", "method_version": "1.0", "is_ablation": false, "policy_config": {}, "cumulative_budget": 39, "incremental_query_count": 29, "labeled_count": 39, "labeled_ratio": 0.040625, "selected_ids": ["V0213", "g0002", "T0397", "T0064", "T0025", "V0268", "T0002", "n0325", "V0087", "T0310", "n0311", "T0270", "V0380", "V0092", "V0175", "V0265", "V0226", "g0034", "T0360", "V0149", "T0252", "g0014", "n0098", "n0034", "V0138", "g0016", "T0209", "n0158", "T0050"], "selected_scores": [0.3582499921321869, 0.35586267709732056, 0.3646801710128784, 0.35437634587287903, 0.3452792465686798, 0.3497702479362488, 0.33836567401885986, 0.35088494420051575, 0.34956786036491394, 0.3500562310218811, 0.33612990379333496, 0.3442266881465912, 0.3308231234550476, 0.3446316421031952, 0.3315679132938385, 0.3301165997982025, 0.34064942598342896, 0.33245158195495605, 0.33966854214668274, 0.3425517976284027, 0.3428303301334381, 0.33712148666381836, 0.3380178213119507, 0.338635116815567, 0.32840728759765625, 0.3305887281894684, 0.33765754103660583, 0.3307916224002838, 0.340718150138855], "selected_pred_fg_ratio": [0.01392364501953125, 0.0140380859375, 0.017879486083984375, 0.01932525634765625, 0.016185760498046875, 0.017673492431640625, 0.013339996337890625, 0.016521453857421875, 0.013187408447265625, 0.02613067626953125, 0.0175018310546875, 0.014270782470703125, 0.015491485595703125, 0.017177581787109375, 0.016735076904296875, 0.0155029296875, 0.016696929931640625, 0.01599884033203125, 0.01897430419921875, 0.018169403076171875, 0.020015716552734375, 0.0174713134765625, 0.016754150390625, 0.01508331298828125, 0.015674591064453125, 0.012897491455078125, 0.01613616943359375, 0.017406463623046875, 0.014129638671875], "selected_pred_class_dist": [[0.9860763549804688, 0.009853363037109375, 0.004070281982421875], [0.9859619140625, 0.0078887939453125, 0.0061492919921875], [0.9821205139160156, 0.01000213623046875, 0.007877349853515625], [0.9806747436523438, 0.012958526611328125, 0.006366729736328125], [0.9838142395019531, 0.012310028076171875, 0.003875732421875], [0.9823265075683594, 0.012882232666015625, 0.004791259765625], [0.9866600036621094, 0.011138916015625, 0.002201080322265625], [0.9834785461425781, 0.01267242431640625, 0.003849029541015625], [0.9868125915527344, 0.010677337646484375, 0.00251007080078125], [0.9738693237304688, 0.012088775634765625, 0.014041900634765625], [0.9824981689453125, 0.014179229736328125, 0.003322601318359375], [0.9857292175292969, 0.01104736328125, 0.003223419189453125], [0.9845085144042969, 0.013629913330078125, 0.001861572265625], [0.9828224182128906, 0.011333465576171875, 0.0058441162109375], [0.9832649230957031, 0.012577056884765625, 0.00415802001953125], [0.9844970703125, 0.013530731201171875, 0.001972198486328125], [0.9833030700683594, 0.0130157470703125, 0.003681182861328125], [0.9840011596679688, 0.011180877685546875, 0.004817962646484375], [0.9810256958007812, 0.014156341552734375, 0.004817962646484375], [0.9818305969238281, 0.014415740966796875, 0.003753662109375], [0.9799842834472656, 0.01457977294921875, 0.005435943603515625], [0.9825286865234375, 0.012012481689453125, 0.005458831787109375], [0.983245849609375, 0.0128631591796875, 0.0038909912109375], [0.9849166870117188, 0.010791778564453125, 0.004291534423828125], [0.9843254089355469, 0.01354217529296875, 0.002132415771484375], [0.9871025085449219, 0.0064544677734375, 0.006443023681640625], [0.9838638305664062, 0.012786865234375, 0.00334930419921875], [0.9825935363769531, 0.0131072998046875, 0.004299163818359375], [0.985870361328125, 0.011199951171875, 0.0029296875]], "candidate_count": 921, "candidate_scores_path": "/groups/echambe2/gmeng/MedAL-Agent/repo/code/runs/frozen_v5/candidate_scores/refuge__P6__s2000__r2.json", "predictions_path": "", "initial_labeled_path": "/groups/echambe2/gmeng/MedAL-Agent/repo/code/runs/frozen_v5/init_sets/refuge__s2000__n10.json", "initial_labeled_ids": [], "selection_diagnostics": {"selu_valid_intersected": true, "selu_target_frac": 0.016927124932408333, "selu_boundary_frac": 9.054625115823e-05, "selu_score_target_mean": 0.018292617052793503, "selu_score_boundary_mean": 0.6287254095077515}, "training": {"num_iters": 1000, "batch_size": 12, "lr": 0.001, "image_size": 512, "aspect_preserve": true, "resolution_policy": "longside_pad32", "preproc_cache": {"pool": "hit", "val": "hit"}, "train_runtime_sec": 1268.9803194999695, "query_runtime_sec": 34.30418682098389, "iters": 2400, "stop_iter": 2400, "mean_loss": 0.1406962969394711, "last_loss": 0.028520651161670685, "stop_reason": "plateau", "hit_max_iters": false, "final_smooth_loss": 0.024402914103120565, "best_smooth_loss": 0.02858984414488077, "diverged": false, "loss_curve": [[1000, 0.05544749028980732], [1100, 0.050637686625123024], [1200, 0.05101191285997629], [1300, 0.04303470615297556], [1400, 0.03998190231621265], [1500, 0.04416491251438856], [1600, 0.03482354309409857], [1700, 0.033012629710137846], [1800, 0.030288356877863406], [1900, 0.02858984414488077], [2000, 0.03211618099361658], [2100, 0.02736857980489731], [2200, 0.026009160745888948], [2300, 0.02592262314632535], [2400, 0.024402914103120565]]}, "ckpt_id": "refuge__P6__s2000__r2", "ckpt_path": "", "ckpt_hash": "56813db4a96f13e17108b60c5d5ff1cd4ae82b3b7326b60e8c6e64daef93046a", "config_hash": "e840f429c53f252733967bfcca5a736d2ed0c080171d7ce6886508e2528e3140", "feature_cache_keys": {}, "sam_model_type": "", "sam_checkpoint": "", "metrics": {"primary_metric": "mean_dsc_fg_case_macro", "metric_version": "v3_case_macro", "eval_scope": "case_full_volume", "mean_dsc_fg_case_macro": 0.8433364477212343, "mean_dsc_fg": 0.8433364477212343, "mean_dsc_fg_pooled_diagnostic": 0.843786458252924, "dsc_per_class_pooled": [0.9989418424562083, 0.8590422523624922, 0.8285306641433556], "dsc_per_class": [0.9989418424562083, 0.8590422523624922, 0.8285306641433556], "n_cases": 120, "n_eval": 120, "structure_detection_rate": 1.0, "missed_structure_rate": 0.0}, "runtime_sec": {"train": 1268.9803194999695, "eval": 2.5357320308685303, "select": 34.30418682098389}, "gpu_mem_mb": 9447.225344, "gpu_name": "Tesla V100-PCIE-32GB", "gpu_total_mem_mb": 34072.559616, "foundation": {}, "notes": ""}
{"schema_version": "v3", "run_id": "refuge__P6__s2000", "round": 3, "dataset": "refuge", "modality": "fundus", "target": "optic_nerve_head", "dim": "2d", "query_unit": "image", "seed": 2000, "round_seed": 2003, "component_seeds": {"model_init_seed": 1786941200, "loader_seed": 315035857, "query_seed": 1656248978, "dropout_seed": 3607744384}, "total_rounds": 7, "budget_denominator": {"full_train_N": 960, "requested_pool_cap": 5000, "actual_AL_pool_N": 960, "budget_plan": [10, 20, 39, 68, 96, 144, 192], "fraction_of_AL_pool": 0.2, "fraction_of_full_train": 0.2}, "policy_id": "P6", "policy_name": "SelectiveUncertaintyAL", "method_version": "1.0", "is_ablation": false, "policy_config": {}, "cumulative_budget": 68, "incremental_query_count": 28, "labeled_count": 68, "labeled_ratio": 0.07083333333333333, "selected_ids": ["n0271", "g0023", "g0003", "n0240", "n0097", "g0030", "n0302", "T0376", "n0357", "T0150", "V0351", "n0237", "n0159", "g0018", "T0057", "T0041", "T0240", "n0125", "T0081", "V0332", "n0148", "n0016", "V0134", "T0304", "g0007", "n0178", "n0182", "n0144"], "selected_scores": [0.3431416451931, 0.3753065764904022, 0.35801881551742554, 0.3564048409461975, 0.35002821683883667, 0.35575664043426514, 0.3330554962158203, 0.34671273827552795, 0.3301016092300415, 0.35009765625, 0.3288114070892334, 0.3437102437019348, 0.3350759446620941, 0.3284868896007538, 0.34162792563438416, 0.34327012300491333, 0.34288081526756287, 0.3401419520378113, 0.3284236192703247, 0.33979332447052, 0.34119030833244324, 0.3392179608345032, 0.32688695192337036, 0.3364228308200836, 0.33459731936454773, 0.3272818326950073, 0.33189916610717773, 0.3342870771884918], "selected_pred_fg_ratio": [0.016986846923828125, 0.02230072021484375, 0.013996124267578125, 0.0167083740234375, 0.015499114990234375, 0.015193939208984375, 0.01915740966796875, 0.01764678955078125, 0.015636444091796875, 0.013759613037109375, 0.0210723876953125, 0.01908111572265625, 0.0138092041015625, 0.016529083251953125, 0.016490936279296875, 0.01506805419921875, 0.017910003662109375, 0.01645660400390625, 0.01372528076171875, 0.01596832275390625, 0.013385772705078125, 0.01453399658203125, 0.0182952880859375, 0.01650238037109375, 0.016399383544921875, 0.020336151123046875, 0.01619720458984375, 0.021701812744140625], "selected_pred_class_dist": [[0.9830131530761719, 0.012420654296875, 0.004566192626953125], [0.9776992797851562, 0.01407623291015625, 0.0082244873046875], [0.9860038757324219, 0.007171630859375, 0.006824493408203125], [0.9832916259765625, 0.01280975341796875, 0.00389862060546875], [0.9845008850097656, 0.01226806640625, 0.003231048583984375], [0.9848060607910156, 0.01113128662109375, 0.004062652587890625], [0.9808425903320312, 0.013057708740234375, 0.006099700927734375], [0.9823532104492188, 0.013416290283203125, 0.004230499267578125], [0.9843635559082031, 0.01113128662109375, 0.004505157470703125], [0.9862403869628906, 0.01076507568359375, 0.002994537353515625], [0.9789276123046875, 0.01508331298828125, 0.00598907470703125], [0.9809188842773438, 0.014209747314453125, 0.004871368408203125], [0.9861907958984375, 0.01006317138671875, 0.00374603271484375], [0.9834709167480469, 0.007526397705078125, 0.009002685546875], [0.9835090637207031, 0.012111663818359375, 0.0043792724609375], [0.9849319458007812, 0.012790679931640625, 0.002277374267578125], [0.9820899963378906, 0.00974273681640625, 0.008167266845703125], [0.9835433959960938, 0.0133056640625, 0.00315093994140625], [0.9862747192382812, 0.011699676513671875, 0.002025604248046875], [0.9840316772460938, 0.01300048828125, 0.00296783447265625], [0.9866142272949219, 0.009227752685546875, 0.00415802001953125], [0.9854660034179688, 0.0119171142578125, 0.00261688232421875], [0.9817047119140625, 0.01297760009765625, 0.00531768798828125], [0.9834976196289062, 0.00910186767578125, 0.0074005126953125], [0.9836006164550781, 0.00726318359375, 0.009136199951171875], [0.9796638488769531, 0.01421356201171875, 0.006122589111328125], [0.9838027954101562, 0.012424468994140625, 0.003772735595703125], [0.9782981872558594, 0.018100738525390625, 0.00360107421875]], "candidate_count": 892, "candidate_scores_path": "/groups/echambe2/gmeng/MedAL-Agent/repo/code/runs/frozen_v5/candidate_scores/refuge__P6__s2000__r3.json", "predictions_path": "", "initial_labeled_path": "/groups/echambe2/gmeng/MedAL-Agent/repo/code/runs/frozen_v5/init_sets/refuge__s2000__n10.json", "initial_labeled_ids": [], "selection_diagnostics": {"selu_valid_intersected": true, "selu_target_frac": 0.01681683585047722, "selu_boundary_frac": 9.044510079547763e-05, "selu_score_target_mean": 0.01805085502564907, "selu_score_boundary_mean": 0.6262925267219543}, "training": {"num_iters": 1000, "batch_size": 12, "lr": 0.001, "image_size": 512, "aspect_preserve": true, "resolution_policy": "longside_pad32", "preproc_cache": {"pool": "hit", "val": "hit"}, "train_runtime_sec": 1740.8848586082458, "query_runtime_sec": 29.76976251602173, "iters": 3300, "stop_iter": 3300, "mean_loss": 0.15331651834319487, "last_loss": 0.02301693893969059, "stop_reason": "plateau", "hit_max_iters": false, "final_smooth_loss": 0.023413428626954554, "best_smooth_loss": 0.026840920187532903, "diverged": false, "loss_curve": [[1000, 0.10459416098892689], [1100, 0.092798268571496], [1200, 0.07759805828332901], [1300, 0.06713292058557271], [1400, 0.06068388130515814], [1500, 0.0537753763794899], [1600, 0.05078599203377962], [1700, 0.0467278154194355], [1800, 0.044883483089506626], [1900, 0.038236906491219996], [2000, 0.038828797079622744], [2100, 0.035611267630010844], [2200, 0.035669259931892155], [2300, 0.03264247633516788], [2400, 0.03005372457206249], [2500, 0.029622914828360082], [2600, 0.028531818259507416], [2700, 0.027717033792287113], [2800, 0.026840920187532903], [2900, 0.02579848213121295], [3000, 0.0250444352068007], [3100, 0.028919022530317307], [3200, 0.024705435018986463], [3300, 0.023413428626954554]]}, "ckpt_id": "refuge__P6__s2000__r3", "ckpt_path": "", "ckpt_hash": "421d1a58391888b2e447228ea7ee1ab351615d75771bb8a61ff304bab76dd9e5", "config_hash": "e840f429c53f252733967bfcca5a736d2ed0c080171d7ce6886508e2528e3140", "feature_cache_keys": {}, "sam_model_type": "", "sam_checkpoint": "", "metrics": {"primary_metric": "mean_dsc_fg_case_macro", "metric_version": "v3_case_macro", "eval_scope": "case_full_volume", "mean_dsc_fg_case_macro": 0.8632635222368862, "mean_dsc_fg": 0.8632635222368862, "mean_dsc_fg_pooled_diagnostic": 0.8638819293347175, "dsc_per_class_pooled": [0.9990566064571369, 0.8739791854207278, 0.8537846732487071], "dsc_per_class": [0.9990566064571369, 0.8739791854207278, 0.8537846732487071], "n_cases": 120, "n_eval": 120, "structure_detection_rate": 1.0, "missed_structure_rate": 0.0}, "runtime_sec": {"train": 1740.8848586082458, "eval": 2.504359483718872, "select": 29.76976251602173}, "gpu_mem_mb": 9445.455872, "gpu_name": "Tesla V100-PCIE-32GB", "gpu_total_mem_mb": 34072.559616, "foundation": {}, "notes": ""}
{"schema_version": "v3", "run_id": "refuge__P6__s2000", "round": 4, "dataset": "refuge", "modality": "fundus", "target": "optic_nerve_head", "dim": "2d", "query_unit": "image", "seed": 2000, "round_seed": 2004, "component_seeds": {"model_init_seed": 45534947, "loader_seed": 4200637250, "query_seed": 2043315399, "dropout_seed": 1875314724}, "total_rounds": 7, "budget_denominator": {"full_train_N": 960, "requested_pool_cap": 5000, "actual_AL_pool_N": 960, "budget_plan": [10, 20, 39, 68, 96, 144, 192], "fraction_of_AL_pool": 0.2, "fraction_of_full_train": 0.2}, "policy_id": "P6", "policy_name": "SelectiveUncertaintyAL", "method_version": "1.0", "is_ablation": false, "policy_config": {}, "cumulative_budget": 96, "incremental_query_count": 48, "labeled_count": 96, "labeled_ratio": 0.1, "selected_ids": ["T0129", "n0324", "n0175", "V0334", "n0318", "V0182", "T0315", "V0029", "T0157", "n0013", "T0188", "V0394", "T0275", "n0149", "n0259", "n0130", "V0386", "g0040", "V0370", "T0051", "V0250", "V0141", "V0121", "n0198", "V0027", "n0218", "T0112", "g0008", "T0148", "n0156", "n0169", "V0245", "n0245", "T0223", "T0078", "V0260", "T0294", "V0382", "T0236", "V0347", "V0102", "g0020", "V0066", "T0134", "g0031", "n0119", "n0160", "V0261"], "selected_scores": [0.36864450573921204, 0.3730373978614807, 0.3533378541469574, 0.33167749643325806, 0.3530834913253784, 0.3480651080608368, 0.342237263917923, 0.3496386706829071, 0.3286397457122803, 0.3450641334056854, 0.3373018503189087, 0.3454035818576813, 0.3428891897201538, 0.3397291600704193, 0.3352711796760559, 0.3383132517337799, 0.3272755444049835, 0.3290209174156189, 0.3339315354824066, 0.3295411467552185, 0.33223676681518555, 0.32832640409469604, 0.3299669921398163, 0.33317020535469055, 0.33015236258506775, 0.3292349576950073, 0.32714903354644775, 0.32785674929618835, 0.3290574550628662, 0.32776838541030884, 0.32845956087112427, 0.3279455900192261, 0.3258090019226074, 0.32815268635749817, 0.32761403918266296, 0.3249416947364807, 0.32668355107307434, 0.3242327868938446, 0.3269821107387543, 0.3251636326313019, 0.32474038004875183, 0.3245956599712372, 0.32509180903434753, 0.3265555202960968, 0.32544711232185364, 0.32482099533081055, 0.3258763253688812, 0.3249703049659729], "selected_pred_fg_ratio": [0.02677154541015625, 0.015804290771484375, 0.010692596435546875, 0.014354705810546875, 0.011444091796875, 0.010471343994140625, 0.010448455810546875, 0.019954681396484375, 0.018733978271484375, 0.016216278076171875, 0.01076507568359375, 0.016262054443359375, 0.020404815673828125, 0.01220703125, 0.01354217529296875, 0.013408660888671875, 0.015544891357421875, 0.01729583740234375, 0.012523651123046875, 0.020008087158203125, 0.014148712158203125, 0.015262603759765625, 0.0153350830078125, 0.019481658935546875, 0.01564788818359375, 0.01676177978515625, 0.019622802734375, 0.0206756591796875, 0.020282745361328125, 0.013614654541015625, 0.02054595947265625, 0.019298553466796875, 0.021137237548828125, 0.024356842041015625, 0.02074432373046875, 0.01972198486328125, 0.017581939697265625, 0.01523590087890625, 0.017604827880859375, 0.03327178955078125, 0.01470184326171875, 0.012599945068359375, 0.018795013427734375, 0.013370513916015625, 0.014404296875, 0.020587921142578125, 0.012966156005859375, 0.020519256591796875], "selected_pred_class_dist": [[0.9732284545898438, 0.0179901123046875, 0.00878143310546875], [0.9841957092285156, 0.01233673095703125, 0.003467559814453125], [0.9893074035644531, 0.00858306884765625, 0.002109527587890625], [0.9856452941894531, 0.01151275634765625, 0.002841949462890625], [0.988555908203125, 0.008518218994140625, 0.002925872802734375], [0.9895286560058594, 0.00893402099609375, 0.001537322998046875], [0.9895515441894531, 0.007755279541015625, 0.00269317626953125], [0.9800453186035156, 0.01575469970703125, 0.004199981689453125], [0.9812660217285156, 0.014400482177734375, 0.00433349609375], [0.9837837219238281, 0.012355804443359375, 0.0038604736328125], [0.9892349243164062, 0.006969451904296875, 0.003795623779296875], [0.9837379455566406, 0.0127410888671875, 0.003520965576171875], [0.9795951843261719, 0.015285491943359375, 0.00511932373046875], [0.98779296875, 0.010345458984375, 0.001861572265625], [0.9864578247070312, 0.010684967041015625, 0.002857208251953125], [0.9865913391113281, 0.01110076904296875, 0.002307891845703125], [0.9844551086425781, 0.01219940185546875, 0.003345489501953125], [0.9827041625976562, 0.006946563720703125, 0.010349273681640625], [0.9874763488769531, 0.010707855224609375, 0.0018157958984375], [0.9799919128417969, 0.011272430419921875, 0.00873565673828125], [0.9858512878417969, 0.011547088623046875, 0.00260162353515625], [0.9847373962402344, 0.01233673095703125, 0.002925872802734375], [0.9846649169921875, 0.0104217529296875, 0.004913330078125], [0.9805183410644531, 0.013751983642578125, 0.00572967529296875], [0.9843521118164062, 0.011516571044921875, 0.004131317138671875], [0.9832382202148438, 0.011661529541015625, 0.005100250244140625], [0.980377197265625, 0.013378143310546875, 0.006244659423828125], [0.9793243408203125, 0.0147247314453125, 0.005950927734375], [0.9797172546386719, 0.013141632080078125, 0.00714111328125], [0.9863853454589844, 0.010837554931640625, 0.002777099609375], [0.9794540405273438, 0.015533447265625, 0.00501251220703125], [0.9807014465332031, 0.0114898681640625, 0.007808685302734375], [0.9788627624511719, 0.01397705078125, 0.007160186767578125], [0.9756431579589844, 0.00977325439453125, 0.014583587646484375], [0.9792556762695312, 0.015537261962890625, 0.005207061767578125], [0.9802780151367188, 0.015323638916015625, 0.004398345947265625], [0.9824180603027344, 0.0137481689453125, 0.003833770751953125], [0.9847640991210938, 0.012310028076171875, 0.002925872802734375], [0.9823951721191406, 0.012668609619140625, 0.00493621826171875], [0.9667282104492188, 0.015407562255859375, 0.017864227294921875], [0.9852981567382812, 0.012508392333984375, 0.002193450927734375], [0.9874000549316406, 0.0089874267578125, 0.003612518310546875], [0.9812049865722656, 0.014698028564453125, 0.00409698486328125], [0.9866294860839844, 0.011249542236328125, 0.0021209716796875], [0.985595703125, 0.006748199462890625, 0.007656097412109375], [0.9794120788574219, 0.01502227783203125, 0.005565643310546875], [0.9870338439941406, 0.01092529296875, 0.002040863037109375], [0.9794807434082031, 0.01285552978515625, 0.007663726806640625]], "candidate_count": 864, "candidate_scores_path": "/groups/echambe2/gmeng/MedAL-Agent/repo/code/runs/frozen_v5/candidate_scores/refuge__P6__s2000__r4.json", "predictions_path": "", "initial_labeled_path": "/groups/echambe2/gmeng/MedAL-Agent/repo/code/runs/frozen_v5/init_sets/refuge__s2000__n10.json", "initial_labeled_ids": [], "selection_diagnostics": {"selu_valid_intersected": true, "selu_target_frac": 0.01662895455956459, "selu_boundary_frac": 9.796796075534075e-05, "selu_score_target_mean": 0.01983664184808731, "selu_score_boundary_mean": 0.6263313293457031}, "training": {"num_iters": 1000, "batch_size": 12, "lr": 0.001, "image_size": 512, "aspect_preserve": true, "resolution_policy": "longside_pad32", "preproc_cache": {"pool": "hit", "val": "hit"}, "train_runtime_sec": 1635.9729173183441, "query_runtime_sec": 28.688620567321777, "iters": 3100, "stop_iter": 3100, "mean_loss": 0.13946893461949883, "last_loss": 0.025750797241926193, "stop_reason": "plateau", "hit_max_iters": false, "final_smooth_loss": 0.031564146783202886, "best_smooth_loss": 0.03603487677872181, "diverged": false, "loss_curve": [[1000, 0.11236178562045097], [1100, 0.09996350832283497], [1200, 0.08845955789089203], [1300, 0.08311674565076828], [1400, 0.07428678296506405], [1500, 0.06846327483654022], [1600, 0.06117915216833353], [1700, 0.06354313783347607], [1800, 0.05590798120945692], [1900, 0.05100539337843656], [2000, 0.04879766941070557], [2100, 0.045636867471039295], [2200, 0.04163267116993666], [2300, 0.04138048231601715], [2400, 0.038068659640848636], [2500, 0.036912156231701375], [2600, 0.03603487677872181], [2700, 0.03392033886164427], [2800, 0.03357753980904818], [2900, 0.0335968891531229], [3000, 0.032564222998917106], [3100, 0.031564146783202886]]}, "ckpt_id": "refuge__P6__s2000__r4", "ckpt_path": "", "ckpt_hash": "688ab5d9cf519f072508a411c3465a0f3c30ae5b61cdcbb94d14a851f5656040", "config_hash": "e840f429c53f252733967bfcca5a736d2ed0c080171d7ce6886508e2528e3140", "feature_cache_keys": {}, "sam_model_type": "", "sam_checkpoint": "", "metrics": {"primary_metric": "mean_dsc_fg_case_macro", "metric_version": "v3_case_macro", "eval_scope": "case_full_volume", "mean_dsc_fg_case_macro": 0.8648298216737028, "mean_dsc_fg": 0.8648298216737028, "mean_dsc_fg_pooled_diagnostic": 0.8660089944645215, "dsc_per_class_pooled": [0.9991245117526883, 0.8798730493205466, 0.8521449396084965], "dsc_per_class": [0.9991245117526883, 0.8798730493205466, 0.8521449396084965], "n_cases": 120, "n_eval": 120, "structure_detection_rate": 1.0, "missed_structure_rate": 0.0}, "runtime_sec": {"train": 1635.9729173183441, "eval": 2.5277624130249023, "select": 28.688620567321777}, "gpu_mem_mb": 9447.012352, "gpu_name": "Tesla V100-PCIE-32GB", "gpu_total_mem_mb": 34072.559616, "foundation": {}, "notes": ""}
