{"schema_version": "v3", "run_id": "refuge__P1__s1000", "round": 0, "dataset": "refuge", "modality": "fundus", "target": "optic_nerve_head", "dim": "2d", "query_unit": "image", "seed": 1000, "round_seed": 1000, "component_seeds": {"model_init_seed": 2989689681, "loader_seed": 4191542321, "query_seed": 2529548519, "dropout_seed": 3619692248}, "total_rounds": 7, "budget_denominator": {"full_train_N": 960, "requested_pool_cap": 5000, "actual_AL_pool_N": 960, "budget_plan": [10, 20, 39, 68, 96, 144, 192], "fraction_of_AL_pool": 0.2, "fraction_of_full_train": 0.2}, "policy_id": "P1", "policy_name": "EntropyFull", "method_version": "1.0", "is_ablation": false, "policy_config": {}, "cumulative_budget": 10, "incremental_query_count": 10, "labeled_count": 10, "labeled_ratio": 0.010416666666666666, "selected_ids": ["V0193", "n0110", "T0371", "V0182", "T0128", "n0129", "T0020", "n0046", "n0311", "V0149"], "selected_scores": [0.013711268082261086, 0.008371061645448208, 0.008088355883955956, 0.00799418706446886, 0.006706670392304659, 0.00573353748768568, 0.004444923251867294, 0.0041404240764677525, 0.0039026602171361446, 0.00227173394523561], "selected_pred_fg_ratio": [0.041851043701171875, 0.035373687744140625, 0.033985137939453125, 0.0251922607421875, 0.02902984619140625, 0.025726318359375, 0.0184783935546875, 0.018199920654296875, 0.02310943603515625, 0.02031707763671875], "selected_pred_class_dist": [[0.9581489562988281, 0.01454925537109375, 0.027301788330078125], [0.9646263122558594, 0.016048431396484375, 0.01932525634765625], [0.9660148620605469, 0.01324462890625, 0.020740509033203125], [0.9748077392578125, 0.010845184326171875, 0.014347076416015625], [0.9709701538085938, 0.00824737548828125, 0.020782470703125], [0.974273681640625, 0.013454437255859375, 0.012271881103515625], [0.9815216064453125, 0.009166717529296875, 0.009311676025390625], [0.9818000793457031, 0.00914764404296875, 0.009052276611328125], [0.9768905639648438, 0.0114593505859375, 0.01165008544921875], [0.9796829223632812, 0.015289306640625, 0.00502777099609375]], "candidate_count": 950, "candidate_scores_path": "/groups/echambe2/gmeng/MedAL-Agent/repo/code/runs/frozen_v5/candidate_scores/refuge__P1__s1000__r0.json", "predictions_path": "", "initial_labeled_path": "/groups/echambe2/gmeng/MedAL-Agent/repo/code/runs/frozen_v5/init_sets/refuge__s1000__n10.json", "initial_labeled_ids": ["T0133", "T0195", "T0277", "T0316", "T0350", "V0050", "V0103", "g0039", "n0084", "n0163"], "selection_diagnostics": {}, "training": {"num_iters": 1000, "batch_size": 12, "lr": 0.001, "image_size": 512, "aspect_preserve": true, "resolution_policy": "longside_pad32", "preproc_cache": {"pool": "hit", "val": "hit"}, "train_runtime_sec": 957.99147605896, "query_runtime_sec": 25.407336950302124, "iters": 2100, "stop_iter": 2100, "mean_loss": 0.12335474162894701, "last_loss": 0.014031711965799332, "stop_reason": "plateau", "hit_max_iters": false, "final_smooth_loss": 0.0154589500464499, "best_smooth_loss": 0.017934735985472797, "diverged": false, "loss_curve": [[1000, 0.029212776087224484], [1100, 0.025786920320242643], [1200, 0.02386704893782735], [1300, 0.022393152862787247], [1400, 0.021684448095038535], [1500, 0.02019639373756945], [1600, 0.017934735985472797], [1700, 0.01812382028438151], [1800, 0.01647783878259361], [1900, 0.01712272433564067], [2000, 0.014518418703228236], [2100, 0.0154589500464499]]}, "ckpt_id": "refuge__P1__s1000__r0", "ckpt_path": "", "ckpt_hash": "b8b1a87778656e2f4b025db14965078e2016c9e2d542775d053e7003cf990b59", "config_hash": "e840f429c53f252733967bfcca5a736d2ed0c080171d7ce6886508e2528e3140", "feature_cache_keys": {}, "sam_model_type": "", "sam_checkpoint": "", "metrics": {"primary_metric": "mean_dsc_fg_case_macro", "metric_version": "v3_case_macro", "eval_scope": "case_full_volume", "mean_dsc_fg_case_macro": 0.8033045483614689, "mean_dsc_fg": 0.8033045483614689, "mean_dsc_fg_pooled_diagnostic": 0.793782844161407, "dsc_per_class_pooled": [0.998171078050209, 0.8036266336102313, 0.7839390547125825], "dsc_per_class": [0.998171078050209, 0.8036266336102313, 0.7839390547125825], "n_cases": 120, "n_eval": 120, "structure_detection_rate": 1.0, "missed_structure_rate": 0.0}, "runtime_sec": {"train": 957.99147605896, "eval": 2.6835238933563232, "select": 25.407336950302124}, "gpu_mem_mb": 8107.379712, "gpu_name": "Tesla V100-PCIE-32GB", "gpu_total_mem_mb": 34072.559616, "foundation": {}, "notes": ""}
{"schema_version": "v3", "run_id": "refuge__P1__s1000", "round": 1, "dataset": "refuge", "modality": "fundus", "target": "optic_nerve_head", "dim": "2d", "query_unit": "image", "seed": 1000, "round_seed": 1001, "component_seeds": {"model_init_seed": 1028625171, "loader_seed": 316625031, "query_seed": 253434028, "dropout_seed": 3317428529}, "total_rounds": 7, "budget_denominator": {"full_train_N": 960, "requested_pool_cap": 5000, "actual_AL_pool_N": 960, "budget_plan": [10, 20, 39, 68, 96, 144, 192], "fraction_of_AL_pool": 0.2, "fraction_of_full_train": 0.2}, "policy_id": "P1", "policy_name": "EntropyFull", "method_version": "1.0", "is_ablation": false, "policy_config": {}, "cumulative_budget": 20, "incremental_query_count": 19, "labeled_count": 20, "labeled_ratio": 0.020833333333333332, "selected_ids": ["V0213", "V0242", "V0005", "T0070", "T0237", "V0270", "n0309", "T0004", "V0002", "T0306", "T0059", "V0347", "T0026", "V0179", "n0348", "n0324", "V0304", "T0094", "T0049"], "selected_scores": [0.0027317015919834375, 0.0018793536582961679, 0.0017417004564777017, 0.0013945694081485271, 0.0013670690823346376, 0.0013586311833932996, 0.0013511789729818702, 0.0013001628685742617, 0.001288538333028555, 0.0012593625579029322, 0.0011935323709622025, 0.0011340980418026447, 0.0010894250590354204, 0.0010165368439629674, 0.0009865890024229884, 0.0009816683596000075, 0.000971795991063118, 0.0009395381202921271, 0.0008789471467025578], "selected_pred_fg_ratio": [0.0255279541015625, 0.025020599365234375, 0.02169036865234375, 0.0299224853515625, 0.019680023193359375, 0.02489471435546875, 0.023876190185546875, 0.029449462890625, 0.02123260498046875, 0.0229949951171875, 0.018222808837890625, 0.02927398681640625, 0.01976776123046875, 0.019176483154296875, 0.0279693603515625, 0.019344329833984375, 0.018108367919921875, 0.0187225341796875, 0.019062042236328125], "selected_pred_class_dist": [[0.9744720458984375, 0.02037811279296875, 0.00514984130859375], [0.9749794006347656, 0.022106170654296875, 0.0029144287109375], [0.9783096313476562, 0.016727447509765625, 0.004962921142578125], [0.9700775146484375, 0.024356842041015625, 0.005565643310546875], [0.9803199768066406, 0.0176239013671875, 0.002056121826171875], [0.9751052856445312, 0.017971038818359375, 0.006923675537109375], [0.9761238098144531, 0.021327972412109375, 0.0025482177734375], [0.970550537109375, 0.024372100830078125, 0.005077362060546875], [0.9787673950195312, 0.01653289794921875, 0.00469970703125], [0.9770050048828125, 0.01702880859375, 0.0059661865234375], [0.9817771911621094, 0.01474761962890625, 0.003475189208984375], [0.9707260131835938, 0.02252960205078125, 0.006744384765625], [0.9802322387695312, 0.015979766845703125, 0.003787994384765625], [0.9808235168457031, 0.016078948974609375, 0.0030975341796875], [0.9720306396484375, 0.02286529541015625, 0.00510406494140625], [0.9806556701660156, 0.0161285400390625, 0.003215789794921875], [0.9818916320800781, 0.01493072509765625, 0.003177642822265625], [0.9812774658203125, 0.013088226318359375, 0.005634307861328125], [0.9809379577636719, 0.013309478759765625, 0.0057525634765625]], "candidate_count": 940, "candidate_scores_path": "/groups/echambe2/gmeng/MedAL-Agent/repo/code/runs/frozen_v5/candidate_scores/refuge__P1__s1000__r1.json", "predictions_path": "", "initial_labeled_path": "/groups/echambe2/gmeng/MedAL-Agent/repo/code/runs/frozen_v5/init_sets/refuge__s1000__n10.json", "initial_labeled_ids": [], "selection_diagnostics": {}, "training": {"num_iters": 1000, "batch_size": 12, "lr": 0.001, "image_size": 512, "aspect_preserve": true, "resolution_policy": "longside_pad32", "preproc_cache": {"pool": "hit", "val": "hit"}, "train_runtime_sec": 1215.2647097110748, "query_runtime_sec": 24.46705412864685, "iters": 2300, "stop_iter": 2300, "mean_loss": 0.10364775844930631, "last_loss": 0.014118471182882786, "stop_reason": "plateau", "hit_max_iters": false, "final_smooth_loss": 0.014876478044316173, "best_smooth_loss": 0.01737487050704658, "diverged": false, "loss_curve": [[1000, 0.029772075694054365], [1100, 0.026692651268094777], [1200, 0.02478660171851516], [1300, 0.023788731060922146], [1400, 0.02285464173182845], [1500, 0.021753929164260624], [1600, 0.020543391332030297], [1700, 0.01923157325014472], [1800, 0.01737487050704658], [1900, 0.016806435817852617], [2000, 0.016081177778542042], [2100, 0.016929739564657213], [2200, 0.015456666611135006], [2300, 0.014876478044316173]]}, "ckpt_id": "refuge__P1__s1000__r1", "ckpt_path": "", "ckpt_hash": "a6b9227b317781a6e988f151cccb59f9b45b69495af9bda9d0c38df7bee3b3e4", "config_hash": "e840f429c53f252733967bfcca5a736d2ed0c080171d7ce6886508e2528e3140", "feature_cache_keys": {}, "sam_model_type": "", "sam_checkpoint": "", "metrics": {"primary_metric": "mean_dsc_fg_case_macro", "metric_version": "v3_case_macro", "eval_scope": "case_full_volume", "mean_dsc_fg_case_macro": 0.8144686316303104, "mean_dsc_fg": 0.8144686316303104, "mean_dsc_fg_pooled_diagnostic": 0.8137952725498168, "dsc_per_class_pooled": [0.9986132066960461, 0.830240575213612, 0.7973499698860215], "dsc_per_class": [0.9986132066960461, 0.830240575213612, 0.7973499698860215], "n_cases": 120, "n_eval": 120, "structure_detection_rate": 1.0, "missed_structure_rate": 0.0}, "runtime_sec": {"train": 1215.2647097110748, "eval": 2.6178839206695557, "select": 24.46705412864685}, "gpu_mem_mb": 9442.588672, "gpu_name": "Tesla V100-PCIE-32GB", "gpu_total_mem_mb": 34072.559616, "foundation": {}, "notes": ""}
{"schema_version": "v3", "run_id": "refuge__P1__s1000", "round": 2, "dataset": "refuge", "modality": "fundus", "target": "optic_nerve_head", "dim": "2d", "query_unit": "image", "seed": 1000, "round_seed": 1002, "component_seeds": {"model_init_seed": 265999627, "loader_seed": 1465654863, "query_seed": 2544461518, "dropout_seed": 3552612840}, "total_rounds": 7, "budget_denominator": {"full_train_N": 960, "requested_pool_cap": 5000, "actual_AL_pool_N": 960, "budget_plan": [10, 20, 39, 68, 96, 144, 192], "fraction_of_AL_pool": 0.2, "fraction_of_full_train": 0.2}, "policy_id": "P1", "policy_name": "EntropyFull", "method_version": "1.0", "is_ablation": false, "policy_config": {}, "cumulative_budget": 39, "incremental_query_count": 29, "labeled_count": 39, "labeled_ratio": 0.040625, "selected_ids": ["g0006", "T0036", "T0129", "V0273", "T0118", "g0038", "V0351", "V0399", "n0097", "n0106", "n0271", "T0161", "T0064", "V0029", "T0315", "V0227", "V0265", "g0034", "V0097", "V0295", "g0002", "T0119", "V0394", "n0254", "T0354", "n0199", "g0014", "n0230", "V0039"], "selected_scores": [0.0019162159878760576, 0.0017954744398593903, 0.0016450794646516442, 0.0013556136982515454, 0.0013278787955641747, 0.001291614375077188, 0.0011853547766804695, 0.0011565822642296553, 0.0011474457569420338, 0.001056436449289322, 0.0010538238566368818, 0.0010486716637387872, 0.0009984415955841541, 0.0009207849507220089, 0.0009176927851513028, 0.0009124286589212716, 0.000905568536836654, 0.0009044985636137426, 0.0008828971767798066, 0.0008667212096042931, 0.0008527669124305248, 0.0008464927086606622, 0.0008455048664472997, 0.0008293365826830268, 0.0008181543089449406, 0.0008133233641274273, 0.0008043089183047414, 0.0008029014570638537, 0.000785191310569644], "selected_pred_fg_ratio": [0.021228790283203125, 0.01676177978515625, 0.02680206298828125, 0.01276397705078125, 0.015773773193359375, 0.01502227783203125, 0.022846221923828125, 0.02484130859375, 0.0131988525390625, 0.016422271728515625, 0.016117095947265625, 0.021991729736328125, 0.016223907470703125, 0.017704010009765625, 0.013263702392578125, 0.02603912353515625, 0.01438140869140625, 0.01758575439453125, 0.013336181640625, 0.025661468505859375, 0.015056610107421875, 0.024585723876953125, 0.019565582275390625, 0.019573211669921875, 0.01628875732421875, 0.01938629150390625, 0.017169952392578125, 0.017795562744140625, 0.024692535400390625], "selected_pred_class_dist": [[0.9787712097167969, 0.013675689697265625, 0.0075531005859375], [0.9832382202148438, 0.011470794677734375, 0.005290985107421875], [0.9731979370117188, 0.0159912109375, 0.01081085205078125], [0.9872360229492188, 0.0106048583984375, 0.00215911865234375], [0.9842262268066406, 0.01161956787109375, 0.004154205322265625], [0.9849777221679688, 0.010021209716796875, 0.005001068115234375], [0.9771537780761719, 0.01291656494140625, 0.009929656982421875], [0.97515869140625, 0.014034271240234375, 0.010807037353515625], [0.9868011474609375, 0.010040283203125, 0.0031585693359375], [0.9835777282714844, 0.01259613037109375, 0.003826141357421875], [0.9838829040527344, 0.010799407958984375, 0.00531768798828125], [0.9780082702636719, 0.0140838623046875, 0.007907867431640625], [0.9837760925292969, 0.012836456298828125, 0.003387451171875], [0.9822959899902344, 0.0131378173828125, 0.004566192626953125], [0.9867362976074219, 0.009365081787109375, 0.00389862060546875], [0.9739608764648438, 0.01889801025390625, 0.00714111328125], [0.9856185913085938, 0.011257171630859375, 0.003124237060546875], [0.9824142456054688, 0.009532928466796875, 0.008052825927734375], [0.986663818359375, 0.010547637939453125, 0.002788543701171875], [0.9743385314941406, 0.017261505126953125, 0.00839996337890625], [0.9849433898925781, 0.009124755859375, 0.005931854248046875], [0.9754142761230469, 0.011260986328125, 0.013324737548828125], [0.9804344177246094, 0.015422821044921875, 0.00414276123046875], [0.9804267883300781, 0.012744903564453125, 0.00682830810546875], [0.9837112426757812, 0.012725830078125, 0.00356292724609375], [0.9806137084960938, 0.01345062255859375, 0.0059356689453125], [0.9828300476074219, 0.01035308837890625, 0.006816864013671875], [0.9822044372558594, 0.010986328125, 0.006809234619140625], [0.9753074645996094, 0.016971588134765625, 0.007720947265625]], "candidate_count": 921, "candidate_scores_path": "/groups/echambe2/gmeng/MedAL-Agent/repo/code/runs/frozen_v5/candidate_scores/refuge__P1__s1000__r2.json", "predictions_path": "", "initial_labeled_path": "/groups/echambe2/gmeng/MedAL-Agent/repo/code/runs/frozen_v5/init_sets/refuge__s1000__n10.json", "initial_labeled_ids": [], "selection_diagnostics": {}, "training": {"num_iters": 1000, "batch_size": 12, "lr": 0.001, "image_size": 512, "aspect_preserve": true, "resolution_policy": "longside_pad32", "preproc_cache": {"pool": "hit", "val": "hit"}, "train_runtime_sec": 1270.477040052414, "query_runtime_sec": 23.977330446243286, "iters": 2400, "stop_iter": 2400, "mean_loss": 0.14297413889008265, "last_loss": 0.024041010066866875, "stop_reason": "plateau", "hit_max_iters": false, "final_smooth_loss": 0.03990245558321476, "best_smooth_loss": 0.024700769763439892, "diverged": false, "loss_curve": [[1000, 0.04499084934592247], [1100, 0.042172296661883595], [1200, 0.0386232216656208], [1300, 0.03689756713807583], [1400, 0.033853388633579014], [1500, 0.02994753671810031], [1600, 0.029346552081406116], [1700, 0.028583536837249995], [1800, 0.028621569480746983], [1900, 0.024700769763439892], [2000, 0.024907137975096704], [2100, 0.024576588757336138], [2200, 0.02285301499068737], [2300, 0.021586705297231674], [2400, 0.03990245558321476]]}, "ckpt_id": "refuge__P1__s1000__r2", "ckpt_path": "", "ckpt_hash": "2783111221fd1e7c4eaea93920c973793c5a4ef4666821202ef3d8ca9ade4bd1", "config_hash": "e840f429c53f252733967bfcca5a736d2ed0c080171d7ce6886508e2528e3140", "feature_cache_keys": {}, "sam_model_type": "", "sam_checkpoint": "", "metrics": {"primary_metric": "mean_dsc_fg_case_macro", "metric_version": "v3_case_macro", "eval_scope": "case_full_volume", "mean_dsc_fg_case_macro": 0.8545517084244272, "mean_dsc_fg": 0.8545517084244272, "mean_dsc_fg_pooled_diagnostic": 0.8560492424505894, "dsc_per_class_pooled": [0.9990112490766277, 0.869389525970052, 0.8427089589311267], "dsc_per_class": [0.9990112490766277, 0.869389525970052, 0.8427089589311267], "n_cases": 120, "n_eval": 120, "structure_detection_rate": 1.0, "missed_structure_rate": 0.0}, "runtime_sec": {"train": 1270.477040052414, "eval": 2.646472930908203, "select": 23.977330446243286}, "gpu_mem_mb": 9447.225344, "gpu_name": "Tesla V100-PCIE-32GB", "gpu_total_mem_mb": 34072.559616, "foundation": {}, "notes": ""}
{"schema_version": "v3", "run_id": "refuge__P1__s1000", "round": 3, "dataset": "refuge", "modality": "fundus", "target": "optic_nerve_head", "dim": "2d", "query_unit": "image", "seed": 1000, "round_seed": 1003, "component_seeds": {"model_init_seed": 3831074496, "loader_seed": 3670334330, "query_seed": 47901082, "dropout_seed": 2333647153}, "total_rounds": 7, "budget_denominator": {"full_train_N": 960, "requested_pool_cap": 5000, "actual_AL_pool_N": 960, "budget_plan": [10, 20, 39, 68, 96, 144, 192], "fraction_of_AL_pool": 0.2, "fraction_of_full_train": 0.2}, "policy_id": "P1", "policy_name": "EntropyFull", "method_version": "1.0", "is_ablation": false, "policy_config": {}, "cumulative_budget": 68, "incremental_query_count": 28, "labeled_count": 68, "labeled_ratio": 0.07083333333333333, "selected_ids": ["T0025", "g0016", "T0360", "n0125", "n0217", "T0112", "V0334", "n0144", "n0008", "n0001", "V0017", "V0380", "n0123", "n0338", "g0030", "n0020", "n0150", "g0007", "n0053", "n0298", "n0165", "n0223", "g0018", "g0003", "g0026", "T0223", "n0321", "V0098"], "selected_scores": [0.002314867451786995, 0.0012478162534534931, 0.0011036077048629522, 0.0009089114028029144, 0.0008156009716913104, 0.0007919224444776773, 0.0007764949696138501, 0.0007082613301463425, 0.0006973786512389779, 0.0006709358422085643, 0.0006664664833806455, 0.0006619932246394455, 0.0006610591663047671, 0.000652730988804251, 0.0006426248583011329, 0.0006283047259785235, 0.0006198062328621745, 0.0006157936877571046, 0.0006105268839746714, 0.0006031011580489576, 0.0005995152750983834, 0.0005989379715174437, 0.0005938163958489895, 0.000590847572311759, 0.000588185852393508, 0.0005833947798237205, 0.0005695988074876368, 0.0005691331462003291], "selected_pred_fg_ratio": [0.01750946044921875, 0.01349639892578125, 0.0193634033203125, 0.0170745849609375, 0.01839447021484375, 0.019886016845703125, 0.01656341552734375, 0.016864776611328125, 0.0163116455078125, 0.022922515869140625, 0.024402618408203125, 0.01568603515625, 0.01808929443359375, 0.022480010986328125, 0.014743804931640625, 0.01700592041015625, 0.019927978515625, 0.0164642333984375, 0.017124176025390625, 0.00989532470703125, 0.016033172607421875, 0.01564788818359375, 0.01685333251953125, 0.01320648193359375, 0.01859283447265625, 0.02484893798828125, 0.019786834716796875, 0.02429962158203125], "selected_pred_class_dist": [[0.9824905395507812, 0.013042449951171875, 0.004467010498046875], [0.9865036010742188, 0.007778167724609375, 0.005718231201171875], [0.9806365966796875, 0.012371063232421875, 0.006992340087890625], [0.9829254150390625, 0.01352691650390625, 0.00354766845703125], [0.9816055297851562, 0.014362335205078125, 0.004032135009765625], [0.9801139831542969, 0.01598358154296875, 0.003902435302734375], [0.9834365844726562, 0.01352691650390625, 0.0030364990234375], [0.9831352233886719, 0.014179229736328125, 0.002685546875], [0.9836883544921875, 0.01326751708984375, 0.00304412841796875], [0.9770774841308594, 0.018039703369140625, 0.0048828125], [0.9755973815917969, 0.014652252197265625, 0.0097503662109375], [0.98431396484375, 0.013477325439453125, 0.002208709716796875], [0.9819107055664062, 0.01374053955078125, 0.0043487548828125], [0.9775199890136719, 0.0147247314453125, 0.007755279541015625], [0.9852561950683594, 0.007167816162109375, 0.00757598876953125], [0.9829940795898438, 0.011554718017578125, 0.005451202392578125], [0.980072021484375, 0.014163970947265625, 0.005764007568359375], [0.9835357666015625, 0.008296966552734375, 0.008167266845703125], [0.9828758239746094, 0.013072967529296875, 0.00405120849609375], [0.9901046752929688, 0.007839202880859375, 0.002056121826171875], [0.9839668273925781, 0.01180267333984375, 0.004230499267578125], [0.9843521118164062, 0.01177215576171875, 0.003875732421875], [0.9831466674804688, 0.008319854736328125, 0.008533477783203125], [0.9867935180664062, 0.005809783935546875, 0.007396697998046875], [0.9814071655273438, 0.01201629638671875, 0.0065765380859375], [0.9751510620117188, 0.012577056884765625, 0.012271881103515625], [0.9802131652832031, 0.013622283935546875, 0.00616455078125], [0.9757003784179688, 0.01512908935546875, 0.0091705322265625]], "candidate_count": 892, "candidate_scores_path": "/groups/echambe2/gmeng/MedAL-Agent/repo/code/runs/frozen_v5/candidate_scores/refuge__P1__s1000__r3.json", "predictions_path": "", "initial_labeled_path": "/groups/echambe2/gmeng/MedAL-Agent/repo/code/runs/frozen_v5/init_sets/refuge__s1000__n10.json", "initial_labeled_ids": [], "selection_diagnostics": {}, "training": {"num_iters": 1000, "batch_size": 12, "lr": 0.001, "image_size": 512, "aspect_preserve": true, "resolution_policy": "longside_pad32", "preproc_cache": {"pool": "hit", "val": "hit"}, "train_runtime_sec": 1483.1977667808533, "query_runtime_sec": 23.17941689491272, "iters": 2800, "stop_iter": 2800, "mean_loss": 0.14175307026665127, "last_loss": 0.035136036574840546, "stop_reason": "plateau", "hit_max_iters": false, "final_smooth_loss": 0.029784489050507547, "best_smooth_loss": 0.03321920918300748, "diverged": false, "loss_curve": [[1000, 0.09466827429831028], [1100, 0.07869775757193566], [1200, 0.07077288277447223], [1300, 0.065159114561975], [1400, 0.058572296798229215], [1500, 0.051959388181567194], [1600, 0.04980681542307139], [1700, 0.04683529578149319], [1800, 0.04638844925910234], [1900, 0.04372749980539083], [2000, 0.038395217545330526], [2100, 0.036617878377437595], [2200, 0.03572486475110054], [2300, 0.03321920918300748], [2400, 0.03795151330530643], [2500, 0.03599003167822957], [2600, 0.03148839186877012], [2700, 0.030478508435189722], [2800, 0.029784489050507547]]}, "ckpt_id": "refuge__P1__s1000__r3", "ckpt_path": "", "ckpt_hash": "c18cd914cbac1e33e1f3d5753e1d31cf848d204846b13aaed1497368f84a5916", "config_hash": "e840f429c53f252733967bfcca5a736d2ed0c080171d7ce6886508e2528e3140", "feature_cache_keys": {}, "sam_model_type": "", "sam_checkpoint": "", "metrics": {"primary_metric": "mean_dsc_fg_case_macro", "metric_version": "v3_case_macro", "eval_scope": "case_full_volume", "mean_dsc_fg_case_macro": 0.8617265132563244, "mean_dsc_fg": 0.8617265132563244, "mean_dsc_fg_pooled_diagnostic": 0.8625192853678882, "dsc_per_class_pooled": [0.9990823182724857, 0.8776180095793482, 0.8474205611564284], "dsc_per_class": [0.9990823182724857, 0.8776180095793482, 0.8474205611564284], "n_cases": 120, "n_eval": 120, "structure_detection_rate": 1.0, "missed_structure_rate": 0.0}, "runtime_sec": {"train": 1483.1977667808533, "eval": 2.6272809505462646, "select": 23.17941689491272}, "gpu_mem_mb": 9445.455872, "gpu_name": "Tesla V100-PCIE-32GB", "gpu_total_mem_mb": 34072.559616, "foundation": {}, "notes": ""}
{"schema_version": "v3", "run_id": "refuge__P1__s1000", "round": 4, "dataset": "refuge", "modality": "fundus", "target": "optic_nerve_head", "dim": "2d", "query_unit": "image", "seed": 1000, "round_seed": 1004, "component_seeds": {"model_init_seed": 1635232385, "loader_seed": 570107477, "query_seed": 4277118228, "dropout_seed": 1981512765}, "total_rounds": 7, "budget_denominator": {"full_train_N": 960, "requested_pool_cap": 5000, "actual_AL_pool_N": 960, "budget_plan": [10, 20, 39, 68, 96, 144, 192], "fraction_of_AL_pool": 0.2, "fraction_of_full_train": 0.2}, "policy_id": "P1", "policy_name": "EntropyFull", "method_version": "1.0", "is_ablation": false, "policy_config": {}, "cumulative_budget": 96, "incremental_query_count": 48, "labeled_count": 96, "labeled_ratio": 0.1, "selected_ids": ["T0361", "T0051", "V0355", "g0025", "T0269", "T0177", "T0080", "V0197", "T0310", "g0040", "T0346", "V0345", "T0249", "g0023", "T0374", "n0325", "T0368", "T0101", "V0280", "V0044", "T0085", "T0268", "V0205", "T0263", "V0181", "n0119", "V0160", "T0331", "n0120", "V0217", "n0049", "T0138", "n0255", "V0113", "T0193", "T0383", "T0275", "n0169", "n0245", "V0364", "V0398", "T0387", "V0195", "V0373", "V0220", "V0066", "g0032", "V0031"], "selected_scores": [0.0013334440300241113, 0.001049119746312499, 0.001048477366566658, 0.0010094927856698632, 0.000991213135421276, 0.0009868888882920146, 0.0009857842233031988, 0.0009515093406662345, 0.0009309160523116589, 0.0008754321024753153, 0.0008581154979765415, 0.0008381079533137381, 0.000834157457575202, 0.0008223706972785294, 0.0008102749707177281, 0.0007872277637943625, 0.0007850341498851776, 0.0007773087127134204, 0.0007755096303299069, 0.0007723399321548641, 0.0007702928269281983, 0.0007690718630328774, 0.0007528778514824808, 0.0007468522526323795, 0.0007465123198926449, 0.0007441003108397126, 0.0007403769413940609, 0.0007345419144257903, 0.0007311192457564175, 0.000729460152797401, 0.000728703394997865, 0.0007262649014592171, 0.0007257123943418264, 0.0007199913961812854, 0.0007190958131104708, 0.0007178885280154645, 0.0007176452199928463, 0.0007146979914978147, 0.0007133873295970261, 0.0007132751634344459, 0.0007123986724764109, 0.0007067119004204869, 0.0007065365789458156, 0.0007050716667436063, 0.0007049209089018404, 0.0007047399994917214, 0.0007034715381450951, 0.0007030421402305365], "selected_pred_fg_ratio": [0.0193939208984375, 0.020355224609375, 0.0140533447265625, 0.019195556640625, 0.020992279052734375, 0.021678924560546875, 0.022762298583984375, 0.020008087158203125, 0.021697998046875, 0.017993927001953125, 0.022121429443359375, 0.019008636474609375, 0.01959991455078125, 0.022655487060546875, 0.021289825439453125, 0.019321441650390625, 0.020389556884765625, 0.021846771240234375, 0.0211639404296875, 0.019382476806640625, 0.01943206787109375, 0.015888214111328125, 0.023250579833984375, 0.019824981689453125, 0.024547576904296875, 0.02143096923828125, 0.021480560302734375, 0.02347564697265625, 0.01953887939453125, 0.01953887939453125, 0.0209197998046875, 0.020740509033203125, 0.0219879150390625, 0.0202789306640625, 0.020404815673828125, 0.019443511962890625, 0.01972198486328125, 0.020355224609375, 0.022068023681640625, 0.0216522216796875, 0.0215301513671875, 0.02236175537109375, 0.02030181884765625, 0.021419525146484375, 0.021381378173828125, 0.018848419189453125, 0.019702911376953125, 0.0211334228515625], "selected_pred_class_dist": [[0.9806060791015625, 0.014446258544921875, 0.004947662353515625], [0.979644775390625, 0.012699127197265625, 0.007656097412109375], [0.9859466552734375, 0.011745452880859375, 0.002307891845703125], [0.980804443359375, 0.01220703125, 0.006988525390625], [0.9790077209472656, 0.015323638916015625, 0.00566864013671875], [0.9783210754394531, 0.01258087158203125, 0.009098052978515625], [0.9772377014160156, 0.013439178466796875, 0.0093231201171875], [0.9799919128417969, 0.014194488525390625, 0.0058135986328125], [0.978302001953125, 0.011013031005859375, 0.010684967041015625], [0.9820060729980469, 0.006988525390625, 0.011005401611328125], [0.9778785705566406, 0.01136016845703125, 0.010761260986328125], [0.9809913635253906, 0.012844085693359375, 0.00616455078125], [0.9804000854492188, 0.013965606689453125, 0.005634307861328125], [0.9773445129394531, 0.016414642333984375, 0.0062408447265625], [0.9787101745605469, 0.014781951904296875, 0.00650787353515625], [0.9806785583496094, 0.015514373779296875, 0.00380706787109375], [0.9796104431152344, 0.01153564453125, 0.008853912353515625], [0.9781532287597656, 0.014713287353515625, 0.00713348388671875], [0.9788360595703125, 0.01676177978515625, 0.00440216064453125], [0.9806175231933594, 0.01441192626953125, 0.004970550537109375], [0.9805679321289062, 0.014522552490234375, 0.004909515380859375], [0.9841117858886719, 0.01247406005859375, 0.003414154052734375], [0.9767494201660156, 0.017314910888671875, 0.0059356689453125], [0.9801750183105469, 0.010295867919921875, 0.00952911376953125], [0.9754524230957031, 0.01883697509765625, 0.005710601806640625], [0.9785690307617188, 0.01647186279296875, 0.0049591064453125], [0.9785194396972656, 0.01482391357421875, 0.006656646728515625], [0.9765243530273438, 0.01422119140625, 0.00925445556640625], [0.9804611206054688, 0.0158843994140625, 0.00365447998046875], [0.9804611206054688, 0.01480865478515625, 0.004730224609375], [0.9790802001953125, 0.01580810546875, 0.0051116943359375], [0.9792594909667969, 0.01531982421875, 0.005420684814453125], [0.9780120849609375, 0.01621246337890625, 0.00577545166015625], [0.9797210693359375, 0.014476776123046875, 0.005802154541015625], [0.9795951843261719, 0.01459503173828125, 0.005809783935546875], [0.9805564880371094, 0.015712738037109375, 0.00373077392578125], [0.9802780151367188, 0.015850067138671875, 0.003871917724609375], [0.979644775390625, 0.0164794921875, 0.003875732421875], [0.9779319763183594, 0.01495361328125, 0.007114410400390625], [0.9783477783203125, 0.015003204345703125, 0.006649017333984375], [0.9784698486328125, 0.016155242919921875, 0.005374908447265625], [0.9776382446289062, 0.016407012939453125, 0.005954742431640625], [0.9796981811523438, 0.0153961181640625, 0.00490570068359375], [0.9785804748535156, 0.015613555908203125, 0.00580596923828125], [0.9786186218261719, 0.014789581298828125, 0.006591796875], [0.9811515808105469, 0.01519012451171875, 0.003658294677734375], [0.9802970886230469, 0.013702392578125, 0.006000518798828125], [0.9788665771484375, 0.014957427978515625, 0.006175994873046875]], "candidate_count": 864, "candidate_scores_path": "/groups/echambe2/gmeng/MedAL-Agent/repo/code/runs/frozen_v5/candidate_scores/refuge__P1__s1000__r4.json", "predictions_path": "", "initial_labeled_path": "/groups/echambe2/gmeng/MedAL-Agent/repo/code/runs/frozen_v5/init_sets/refuge__s1000__n10.json", "initial_labeled_ids": [], "selection_diagnostics": {}, "training": {"num_iters": 1000, "batch_size": 12, "lr": 0.001, "image_size": 512, "aspect_preserve": true, "resolution_policy": "longside_pad32", "preproc_cache": {"pool": "hit", "val": "hit"}, "train_runtime_sec": 1483.911711215973, "query_runtime_sec": 22.89645481109619, "iters": 2800, "stop_iter": 2800, "mean_loss": 0.16679474612764483, "last_loss": 0.05144007131457329, "stop_reason": "plateau", "hit_max_iters": false, "final_smooth_loss": 0.04208929304033518, "best_smooth_loss": 0.039754362516105174, "diverged": false, "loss_curve": [[1000, 0.10780475907027721], [1100, 0.09996640130877495], [1200, 0.090754806548357], [1300, 0.08584284983575344], [1400, 0.07985659532248973], [1500, 0.07404437132179736], [1600, 0.062161414176225664], [1700, 0.062365730777382854], [1800, 0.05489302877336741], [1900, 0.05046961698681116], [2000, 0.047761244624853136], [2100, 0.0464555561169982], [2200, 0.0445131716877222], [2300, 0.039754362516105174], [2400, 0.03951935421675443], [2500, 0.039262396190315484], [2600, 0.03744228709489107], [2700, 0.0357044792547822], [2800, 0.04208929304033518]]}, "ckpt_id": "refuge__P1__s1000__r4", "ckpt_path": "", "ckpt_hash": "8e6495a74ec1d86c75c3ba616dddeb1cbc238a7d338e47604a89dc32b7e2c6ee", "config_hash": "e840f429c53f252733967bfcca5a736d2ed0c080171d7ce6886508e2528e3140", "feature_cache_keys": {}, "sam_model_type": "", "sam_checkpoint": "", "metrics": {"primary_metric": "mean_dsc_fg_case_macro", "metric_version": "v3_case_macro", "eval_scope": "case_full_volume", "mean_dsc_fg_case_macro": 0.8755920980871041, "mean_dsc_fg": 0.8755920980871041, "mean_dsc_fg_pooled_diagnostic": 0.8778391576471923, "dsc_per_class_pooled": [0.9991303426109344, 0.886872698509341, 0.8688056167850436], "dsc_per_class": [0.9991303426109344, 0.886872698509341, 0.8688056167850436], "n_cases": 120, "n_eval": 120, "structure_detection_rate": 1.0, "missed_structure_rate": 0.0}, "runtime_sec": {"train": 1483.911711215973, "eval": 2.6999425888061523, "select": 22.89645481109619}, "gpu_mem_mb": 9447.012352, "gpu_name": "Tesla V100-PCIE-32GB", "gpu_total_mem_mb": 34072.559616, "foundation": {}, "notes": ""}
