{"schema_version": "v3", "run_id": "refuge__P9__s1000", "round": 0, "dataset": "refuge", "modality": "fundus", "target": "optic_nerve_head", "dim": "2d", "query_unit": "image", "seed": 1000, "round_seed": 1000, "component_seeds": {"model_init_seed": 2989689681, "loader_seed": 4191542321, "query_seed": 2529548519, "dropout_seed": 3619692248}, "total_rounds": 7, "budget_denominator": {"full_train_N": 960, "requested_pool_cap": 5000, "actual_AL_pool_N": 960, "budget_plan": [10, 20, 39, 68, 96, 144, 192], "fraction_of_AL_pool": 0.2, "fraction_of_full_train": 0.2}, "policy_id": "P9", "policy_name": "PAAL", "method_version": "1.0", "is_ablation": false, "policy_config": {}, "cumulative_budget": 10, "incremental_query_count": 10, "labeled_count": 10, "labeled_ratio": 0.010416666666666666, "selected_ids": ["g0003", "n0259", "n0056", "g0002", "n0011", "n0083", "n0219", "T0241", "n0185", "g0012"], "selected_scores": [0.005574739538133144, 0.004171551205217838, 0.0059881797060370445, 0.006195174530148506, 0.005092013161629438, 0.005462873727083206, 0.005076817236840725, 0.004102605395019054, 0.005111601669341326, 0.006029882933944464], "selected_pred_fg_ratio": [0.010822296142578125, 0.01511383056640625, 0.018035888671875, 0.012866973876953125, 0.013652801513671875, 0.011699676513671875, 0.01615142822265625, 0.016155242919921875, 0.013813018798828125, 0.0148773193359375], "selected_pred_class_dist": [[0.9891777038574219, 0.004711151123046875, 0.00611114501953125], [0.9848861694335938, 0.0115509033203125, 0.00356292724609375], [0.981964111328125, 0.014225006103515625, 0.003810882568359375], [0.9871330261230469, 0.00569915771484375, 0.007167816162109375], [0.9863471984863281, 0.010623931884765625, 0.00302886962890625], [0.9883003234863281, 0.009197235107421875, 0.00250244140625], [0.9838485717773438, 0.012226104736328125, 0.003925323486328125], [0.9838447570800781, 0.013031005859375, 0.003124237060546875], [0.9861869812011719, 0.0111083984375, 0.002704620361328125], [0.9851226806640625, 0.010135650634765625, 0.004741668701171875]], "candidate_count": 950, "candidate_scores_path": "/groups/echambe2/gmeng/MedAL-Agent/repo/code/runs/frozen_v5/candidate_scores/refuge__P9__s1000__r0.json", "predictions_path": "", "initial_labeled_path": "/groups/echambe2/gmeng/MedAL-Agent/repo/code/runs/frozen_v5/init_sets/refuge__s1000__n10.json", "initial_labeled_ids": ["T0133", "T0195", "T0277", "T0316", "T0350", "V0050", "V0103", "g0039", "n0084", "n0163"], "selection_diagnostics": {"paal_ap_epochs": 200, "paal_ap_loss_mean": 0.0007170139975352186, "paal_ap_loss_last": 9.343164038000396e-06, "paal_ap_val_corr": 0.8853979138769458, "paal_ap_n_train": 9, "paal_ap_n_val": 1, "paal_pred_acc_mean": 0.997246503829956, "paal_pred_acc_std": 0.0015328704612329602, "paal_score_mean": 0.002758422400802374, "paal_score_std": 0.0009822434512898326, "paal_n_clusters": 6, "paal_cluster_sizes": [66, 200, 139, 115, 277, 153], "paal_selected_clusters": [0, 1, 2, 3, 4, 5, 0, 1, 2, 3]}, "training": {"num_iters": 1000, "batch_size": 12, "lr": 0.001, "image_size": 512, "aspect_preserve": true, "resolution_policy": "longside_pad32", "preproc_cache": {"pool": "hit", "val": "hit"}, "train_runtime_sec": 933.1134467124939, "query_runtime_sec": 74.4104630947113, "iters": 2100, "stop_iter": 2100, "mean_loss": 0.12335474162894701, "last_loss": 0.014031711965799332, "stop_reason": "plateau", "hit_max_iters": false, "final_smooth_loss": 0.0154589500464499, "best_smooth_loss": 0.017934735985472797, "diverged": false, "loss_curve": [[1000, 0.029212776087224484], [1100, 0.025786920320242643], [1200, 0.02386704893782735], [1300, 0.022393152862787247], [1400, 0.021684448095038535], [1500, 0.02019639373756945], [1600, 0.017934735985472797], [1700, 0.01812382028438151], [1800, 0.01647783878259361], [1900, 0.01712272433564067], [2000, 0.014518418703228236], [2100, 0.0154589500464499]]}, "ckpt_id": "refuge__P9__s1000__r0", "ckpt_path": "", "ckpt_hash": "b8b1a87778656e2f4b025db14965078e2016c9e2d542775d053e7003cf990b59", "config_hash": "e840f429c53f252733967bfcca5a736d2ed0c080171d7ce6886508e2528e3140", "feature_cache_keys": {"task_unet": "task_unet_bottleneck@b8b1a8777865"}, "sam_model_type": "", "sam_checkpoint": "", "metrics": {"primary_metric": "mean_dsc_fg_case_macro", "metric_version": "v3_case_macro", "eval_scope": "case_full_volume", "mean_dsc_fg_case_macro": 0.8033045483614689, "mean_dsc_fg": 0.8033045483614689, "mean_dsc_fg_pooled_diagnostic": 0.793782844161407, "dsc_per_class_pooled": [0.998171078050209, 0.8036266336102313, 0.7839390547125825], "dsc_per_class": [0.998171078050209, 0.8036266336102313, 0.7839390547125825], "n_cases": 120, "n_eval": 120, "structure_detection_rate": 1.0, "missed_structure_rate": 0.0}, "runtime_sec": {"train": 933.1134467124939, "eval": 2.675229549407959, "select": 74.4104630947113}, "gpu_mem_mb": 8107.379712, "gpu_name": "Tesla V100-PCIE-32GB", "gpu_total_mem_mb": 34072.559616, "foundation": {}, "notes": ""}
{"schema_version": "v3", "run_id": "refuge__P9__s1000", "round": 1, "dataset": "refuge", "modality": "fundus", "target": "optic_nerve_head", "dim": "2d", "query_unit": "image", "seed": 1000, "round_seed": 1001, "component_seeds": {"model_init_seed": 1028625171, "loader_seed": 316625031, "query_seed": 253434028, "dropout_seed": 3317428529}, "total_rounds": 7, "budget_denominator": {"full_train_N": 960, "requested_pool_cap": 5000, "actual_AL_pool_N": 960, "budget_plan": [10, 20, 39, 68, 96, 144, 192], "fraction_of_AL_pool": 0.2, "fraction_of_full_train": 0.2}, "policy_id": "P9", "policy_name": "PAAL", "method_version": "1.0", "is_ablation": false, "policy_config": {}, "cumulative_budget": 20, "incremental_query_count": 19, "labeled_count": 20, "labeled_ratio": 0.020833333333333332, "selected_ids": ["n0046", "n0236", "n0035", "T0188", "T0121", "n0318", "n0096", "g0017", "n0154", "n0272", "T0072", "V0218", "n0179", "n0113", "g0016", "n0327", "n0238", "T0315", "T0300"], "selected_scores": [0.007927401922643185, 0.005594680085778236, 0.005372826941311359, 0.0057679954916238785, 0.005523835774511099, 0.00849447026848793, 0.005399774760007858, 0.006706646643579006, 0.005464177578687668, 0.00531576294451952, 0.0056447177194058895, 0.00544173177331686, 0.008358746767044067, 0.005172643810510635, 0.006516925059258938, 0.005449071526527405, 0.00530051626265049, 0.00553037878125906, 0.005434011574834585], "selected_pred_fg_ratio": [0.012500762939453125, 0.014980316162109375, 0.013286590576171875, 0.013370513916015625, 0.02043914794921875, 0.010059356689453125, 0.01306915283203125, 0.010532379150390625, 0.01383209228515625, 0.01406097412109375, 0.013210296630859375, 0.017131805419921875, 0.01061248779296875, 0.013500213623046875, 0.009311676025390625, 0.012554168701171875, 0.012165069580078125, 0.01680755615234375, 0.01616668701171875], "selected_pred_class_dist": [[0.9874992370605469, 0.00695037841796875, 0.005550384521484375], [0.9850196838378906, 0.010723114013671875, 0.0042572021484375], [0.9867134094238281, 0.00933074951171875, 0.003955841064453125], [0.9866294860839844, 0.0089874267578125, 0.004383087158203125], [0.9795608520507812, 0.016208648681640625, 0.004230499267578125], [0.9899406433105469, 0.004238128662109375, 0.00582122802734375], [0.9869308471679688, 0.009593963623046875, 0.003475189208984375], [0.9894676208496094, 0.00601959228515625, 0.004512786865234375], [0.9861679077148438, 0.010009765625, 0.00382232666015625], [0.9859390258789062, 0.01007080078125, 0.00399017333984375], [0.9867897033691406, 0.010494232177734375, 0.002716064453125], [0.9828681945800781, 0.012813568115234375, 0.0043182373046875], [0.9893875122070312, 0.003528594970703125, 0.007083892822265625], [0.9864997863769531, 0.009525299072265625, 0.00397491455078125], [0.9906883239746094, 0.0048675537109375, 0.004444122314453125], [0.9874458312988281, 0.00927734375, 0.003276824951171875], [0.9878349304199219, 0.009124755859375, 0.003040313720703125], [0.9831924438476562, 0.0097198486328125, 0.00708770751953125], [0.9838333129882812, 0.012790679931640625, 0.003376007080078125]], "candidate_count": 940, "candidate_scores_path": "/groups/echambe2/gmeng/MedAL-Agent/repo/code/runs/frozen_v5/candidate_scores/refuge__P9__s1000__r1.json", "predictions_path": "", "initial_labeled_path": "/groups/echambe2/gmeng/MedAL-Agent/repo/code/runs/frozen_v5/init_sets/refuge__s1000__n10.json", "initial_labeled_ids": [], "selection_diagnostics": {"paal_ap_epochs": 200, "paal_ap_loss_mean": 1.2787008807717054e-05, "paal_ap_loss_last": 8.610127830858497e-06, "paal_ap_val_corr": 0.8906529157352298, "paal_ap_n_train": 18, "paal_ap_n_val": 2, "paal_pred_acc_mean": 0.9957982897758484, "paal_pred_acc_std": 0.0033967604395002127, "paal_score_mean": 0.004216299392282963, "paal_score_std": 0.0008345842943526804, "paal_n_clusters": 7, "paal_cluster_sizes": [109, 64, 84, 283, 250, 96, 54], "paal_selected_clusters": [0, 1, 2, 3, 4, 5, 6, 0, 1, 2, 3, 4, 5, 6, 0, 1, 2, 3, 4]}, "training": {"num_iters": 1000, "batch_size": 12, "lr": 0.001, "image_size": 512, "aspect_preserve": true, "resolution_policy": "longside_pad32", "preproc_cache": {"pool": "hit", "val": "hit"}, "train_runtime_sec": 1095.000616312027, "query_runtime_sec": 135.59658813476562, "iters": 2100, "stop_iter": 2100, "mean_loss": 0.1140191673788996, "last_loss": 0.014175797812640667, "stop_reason": "plateau", "hit_max_iters": false, "final_smooth_loss": 0.015469817789271473, "best_smooth_loss": 0.019568135095760227, "diverged": false, "loss_curve": [[1000, 0.031234879661351442], [1100, 0.026814439855515956], [1200, 0.02589533805847168], [1300, 0.025415109042078256], [1400, 0.022000380754470826], [1500, 0.021608882378786803], [1600, 0.019568135095760227], [1700, 0.020374937672168015], [1800, 0.01806762688793242], [1900, 0.016825565528124573], [2000, 0.016049531577154993], [2100, 0.015469817789271473]]}, "ckpt_id": "refuge__P9__s1000__r1", "ckpt_path": "", "ckpt_hash": "7a9e04da23e1f47cb6cf5681670b231d6c47b83755c29d71def422e8a519a9e3", "config_hash": "e840f429c53f252733967bfcca5a736d2ed0c080171d7ce6886508e2528e3140", "feature_cache_keys": {"task_unet": "task_unet_bottleneck@7a9e04da23e1"}, "sam_model_type": "", "sam_checkpoint": "", "metrics": {"primary_metric": "mean_dsc_fg_case_macro", "metric_version": "v3_case_macro", "eval_scope": "case_full_volume", "mean_dsc_fg_case_macro": 0.8169720421971574, "mean_dsc_fg": 0.8169720421971574, "mean_dsc_fg_pooled_diagnostic": 0.810766179674044, "dsc_per_class_pooled": [0.9986216451490375, 0.8317917597792821, 0.7897405995688057], "dsc_per_class": [0.9986216451490375, 0.8317917597792821, 0.7897405995688057], "n_cases": 120, "n_eval": 120, "structure_detection_rate": 1.0, "missed_structure_rate": 0.0}, "runtime_sec": {"train": 1095.000616312027, "eval": 2.5260379314422607, "select": 135.59658813476562}, "gpu_mem_mb": 9602.351104, "gpu_name": "Tesla V100-PCIE-32GB", "gpu_total_mem_mb": 34072.559616, "foundation": {}, "notes": ""}
{"schema_version": "v3", "run_id": "refuge__P9__s1000", "round": 2, "dataset": "refuge", "modality": "fundus", "target": "optic_nerve_head", "dim": "2d", "query_unit": "image", "seed": 1000, "round_seed": 1002, "component_seeds": {"model_init_seed": 265999627, "loader_seed": 1465654863, "query_seed": 2544461518, "dropout_seed": 3552612840}, "total_rounds": 7, "budget_denominator": {"full_train_N": 960, "requested_pool_cap": 5000, "actual_AL_pool_N": 960, "budget_plan": [10, 20, 39, 68, 96, 144, 192], "fraction_of_AL_pool": 0.2, "fraction_of_full_train": 0.2}, "policy_id": "P9", "policy_name": "PAAL", "method_version": "1.0", "is_ablation": false, "policy_config": {}, "cumulative_budget": 39, "incremental_query_count": 29, "labeled_count": 39, "labeled_ratio": 0.040625, "selected_ids": ["T0142", "V0155", "T0128", "V0159", "n0296", "n0102", "n0029", "n0298", "T0136", "V0215", "T0271", "g0031", "n0048", "n0279", "T0103", "V0296", "T0380", "T0221", "g0029", "n0060", "n0068", "V0084", "T0253", "V0172", "V0026", "n0101", "n0345", "n0329", "n0129"], "selected_scores": [0.011001253500580788, 0.011276165954768658, 0.012350916862487793, 0.01066708192229271, 0.01135987602174282, 0.010196708142757416, 0.009437519125640392, 0.01021885871887207, 0.010226269252598286, 0.01159610878676176, 0.010462401434779167, 0.011324960738420486, 0.009465574286878109, 0.008950717747211456, 0.010203337296843529, 0.010196368210017681, 0.011100510135293007, 0.010382181033492088, 0.010811774991452694, 0.009262562729418278, 0.008907965384423733, 0.010173773393034935, 0.01006663404405117, 0.010828541591763496, 0.010345753282308578, 0.010648421011865139, 0.009076498448848724, 0.008679416961967945, 0.009942668490111828], "selected_pred_fg_ratio": [0.013916015625, 0.015872955322265625, 0.0089874267578125, 0.01461029052734375, 0.0156097412109375, 0.01714324951171875, 0.016387939453125, 0.00766754150390625, 0.015960693359375, 0.008869171142578125, 0.014827728271484375, 0.014919281005859375, 0.013896942138671875, 0.020381927490234375, 0.014751434326171875, 0.0153656005859375, 0.011844635009765625, 0.0140380859375, 0.014404296875, 0.014926910400390625, 0.01611328125, 0.012172698974609375, 0.01570892333984375, 0.01175689697265625, 0.015522003173828125, 0.01712799072265625, 0.013378143310546875, 0.01787567138671875, 0.00984954833984375], "selected_pred_class_dist": [[0.986083984375, 0.01074981689453125, 0.00316619873046875], [0.9841270446777344, 0.011363983154296875, 0.00450897216796875], [0.9910125732421875, 0.006374359130859375, 0.002613067626953125], [0.9853897094726562, 0.00937652587890625, 0.0052337646484375], [0.9843902587890625, 0.010807037353515625, 0.004802703857421875], [0.9828567504882812, 0.01192474365234375, 0.005218505859375], [0.983612060546875, 0.010654449462890625, 0.005733489990234375], [0.9923324584960938, 0.005535125732421875, 0.002132415771484375], [0.984039306640625, 0.0119476318359375, 0.0040130615234375], [0.9911308288574219, 0.006595611572265625, 0.0022735595703125], [0.9851722717285156, 0.0102386474609375, 0.004589080810546875], [0.9850807189941406, 0.00794219970703125, 0.006977081298828125], [0.9861030578613281, 0.00960540771484375, 0.004291534423828125], [0.9796180725097656, 0.01367950439453125, 0.006702423095703125], [0.9852485656738281, 0.011318206787109375, 0.0034332275390625], [0.9846343994140625, 0.01202392578125, 0.0033416748046875], [0.9881553649902344, 0.00943756103515625, 0.002407073974609375], [0.9859619140625, 0.0111541748046875, 0.0028839111328125], [0.985595703125, 0.009403228759765625, 0.005001068115234375], [0.9850730895996094, 0.011322021484375, 0.003604888916015625], [0.98388671875, 0.01239776611328125, 0.00371551513671875], [0.9878273010253906, 0.009677886962890625, 0.00249481201171875], [0.9842910766601562, 0.01210784912109375, 0.00360107421875], [0.9882431030273438, 0.00920867919921875, 0.0025482177734375], [0.9844779968261719, 0.01061248779296875, 0.004909515380859375], [0.9828720092773438, 0.01194000244140625, 0.00518798828125], [0.9866218566894531, 0.010341644287109375, 0.0030364990234375], [0.9821243286132812, 0.012302398681640625, 0.005573272705078125], [0.9901504516601562, 0.007305145263671875, 0.002544403076171875]], "candidate_count": 921, "candidate_scores_path": "/groups/echambe2/gmeng/MedAL-Agent/repo/code/runs/frozen_v5/candidate_scores/refuge__P9__s1000__r2.json", "predictions_path": "", "initial_labeled_path": "/groups/echambe2/gmeng/MedAL-Agent/repo/code/runs/frozen_v5/init_sets/refuge__s1000__n10.json", "initial_labeled_ids": [], "selection_diagnostics": {"paal_ap_epochs": 200, "paal_ap_loss_mean": 1.740110813462555e-05, "paal_ap_loss_last": 8.392994989966004e-06, "paal_ap_val_corr": 0.8782326647802896, "paal_ap_n_train": 36, "paal_ap_n_val": 3, "paal_pred_acc_mean": 0.9930633306503296, "paal_pred_acc_std": 0.005816997028887272, "paal_score_mean": 0.006977939046919346, "paal_score_std": 0.0015520491870120168, "paal_n_clusters": 7, "paal_cluster_sizes": [157, 174, 149, 181, 57, 109, 94], "paal_selected_clusters": [0, 1, 2, 3, 4, 5, 6, 0, 1, 2, 3, 4, 5, 6, 0, 1, 2, 3, 4, 5, 6, 0, 1, 2, 3, 4, 5, 6, 0]}, "training": {"num_iters": 1000, "batch_size": 12, "lr": 0.001, "image_size": 512, "aspect_preserve": true, "resolution_policy": "longside_pad32", "preproc_cache": {"pool": "hit", "val": "hit"}, "train_runtime_sec": 1464.130635023117, "query_runtime_sec": 230.04875993728638, "iters": 2800, "stop_iter": 2800, "mean_loss": 0.12858460497177604, "last_loss": 0.019964123144745827, "stop_reason": "plateau", "hit_max_iters": false, "final_smooth_loss": 0.02041887218132615, "best_smooth_loss": 0.021984337121248244, "diverged": false, "loss_curve": [[1000, 0.04918553799390793], [1100, 0.04559660959988832], [1200, 0.04119124531745911], [1300, 0.03805229604244232], [1400, 0.03538706852123141], [1500, 0.03160004958510399], [1600, 0.03140632726252079], [1700, 0.03065251449123025], [1800, 0.02798747247084975], [1900, 0.02697878997772932], [2000, 0.02551289552822709], [2100, 0.024224260989576578], [2200, 0.023741341773420573], [2300, 0.021984337121248244], [2400, 0.020866185147315263], [2500, 0.022760713193565606], [2600, 0.02076821053400636], [2700, 0.019875758979469537], [2800, 0.02041887218132615]]}, "ckpt_id": "refuge__P9__s1000__r2", "ckpt_path": "", "ckpt_hash": "912095d3ca369ff87d9f3724f612dd48d22eb126ddd1c99e7a732301614f45ac", "config_hash": "e840f429c53f252733967bfcca5a736d2ed0c080171d7ce6886508e2528e3140", "feature_cache_keys": {"task_unet": "task_unet_bottleneck@912095d3ca36"}, "sam_model_type": "", "sam_checkpoint": "", "metrics": {"primary_metric": "mean_dsc_fg_case_macro", "metric_version": "v3_case_macro", "eval_scope": "case_full_volume", "mean_dsc_fg_case_macro": 0.8451508691559707, "mean_dsc_fg": 0.8451508691559707, "mean_dsc_fg_pooled_diagnostic": 0.8466389615579486, "dsc_per_class_pooled": [0.998940816923451, 0.8573651133572062, 0.835912809758691], "dsc_per_class": [0.998940816923451, 0.8573651133572062, 0.835912809758691], "n_cases": 120, "n_eval": 120, "structure_detection_rate": 1.0, "missed_structure_rate": 0.0}, "runtime_sec": {"train": 1464.130635023117, "eval": 2.8533756732940674, "select": 230.04875993728638}, "gpu_mem_mb": 9607.233536, "gpu_name": "Tesla V100-PCIE-32GB", "gpu_total_mem_mb": 34072.559616, "foundation": {}, "notes": ""}
{"schema_version": "v3", "run_id": "refuge__P9__s1000", "round": 3, "dataset": "refuge", "modality": "fundus", "target": "optic_nerve_head", "dim": "2d", "query_unit": "image", "seed": 1000, "round_seed": 1003, "component_seeds": {"model_init_seed": 3831074496, "loader_seed": 3670334330, "query_seed": 47901082, "dropout_seed": 2333647153}, "total_rounds": 7, "budget_denominator": {"full_train_N": 960, "requested_pool_cap": 5000, "actual_AL_pool_N": 960, "budget_plan": [10, 20, 39, 68, 96, 144, 192], "fraction_of_AL_pool": 0.2, "fraction_of_full_train": 0.2}, "policy_id": "P9", "policy_name": "PAAL", "method_version": "1.0", "is_ablation": false, "policy_config": {}, "cumulative_budget": 68, "incremental_query_count": 28, "labeled_count": 68, "labeled_ratio": 0.07083333333333333, "selected_ids": ["g0014", "g0040", "V0122", "V0096", "n0326", "V0349", "V0213", "g0034", "V0310", "T0255", "T0226", "n0202", "V0304", "T0048", "g0004", "n0016", "n0008", "V0240", "n0038", "T0046", "T0337", "n0334", "g0020", "T0290", "T0341", "n0137", "T0141", "V0097"], "selected_scores": [0.01006726548075676, 0.009803306311368942, 0.01084657572209835, 0.007192444987595081, 0.007297090254724026, 0.00984642282128334, 0.009841276332736015, 0.009696065448224545, 0.009128781035542488, 0.009110024198889732, 0.007148171775043011, 0.007238536141812801, 0.00959157943725586, 0.008798046037554741, 0.009502212516963482, 0.008849168196320534, 0.008437912911176682, 0.007001125253736973, 0.007024216465651989, 0.009204277768731117, 0.008536778390407562, 0.0081994803622365, 0.008527392521500587, 0.008235086686909199, 0.006926896050572395, 0.006988427601754665, 0.008640000596642494, 0.008322520181536674], "selected_pred_fg_ratio": [0.01656341552734375, 0.017353057861328125, 0.01282501220703125, 0.0137176513671875, 0.016696929931640625, 0.0134124755859375, 0.0163726806640625, 0.017932891845703125, 0.0156402587890625, 0.01363372802734375, 0.0142669677734375, 0.017246246337890625, 0.0115966796875, 0.0151824951171875, 0.011981964111328125, 0.01361846923828125, 0.01514434814453125, 0.014835357666015625, 0.01752471923828125, 0.012081146240234375, 0.013652801513671875, 0.014404296875, 0.012638092041015625, 0.013126373291015625, 0.01667022705078125, 0.016490936279296875, 0.0147705078125, 0.013629913330078125], "selected_pred_class_dist": [[0.9834365844726562, 0.010120391845703125, 0.006443023681640625], [0.9826469421386719, 0.00801849365234375, 0.009334564208984375], [0.9871749877929688, 0.01003265380859375, 0.0027923583984375], [0.9862823486328125, 0.01097869873046875, 0.00273895263671875], [0.9833030700683594, 0.0123138427734375, 0.004383087158203125], [0.9865875244140625, 0.010715484619140625, 0.002696990966796875], [0.9836273193359375, 0.010662078857421875, 0.005710601806640625], [0.9820671081542969, 0.008544921875, 0.009387969970703125], [0.9843597412109375, 0.010498046875, 0.0051422119140625], [0.9863662719726562, 0.010929107666015625, 0.002704620361328125], [0.9857330322265625, 0.010967254638671875, 0.003299713134765625], [0.9827537536621094, 0.0114898681640625, 0.005756378173828125], [0.9884033203125, 0.009349822998046875, 0.002246856689453125], [0.9848175048828125, 0.012126922607421875, 0.003055572509765625], [0.9880180358886719, 0.007831573486328125, 0.004150390625], [0.9863815307617188, 0.011035919189453125, 0.002582550048828125], [0.9848556518554688, 0.011089324951171875, 0.004055023193359375], [0.9851646423339844, 0.010868072509765625, 0.00396728515625], [0.9824752807617188, 0.012424468994140625, 0.005100250244140625], [0.9879188537597656, 0.00930023193359375, 0.002780914306640625], [0.9863471984863281, 0.010990142822265625, 0.00266265869140625], [0.985595703125, 0.010982513427734375, 0.003421783447265625], [0.9873619079589844, 0.009159088134765625, 0.00347900390625], [0.9868736267089844, 0.01015472412109375, 0.002971649169921875], [0.9833297729492188, 0.012584686279296875, 0.004085540771484375], [0.9835090637207031, 0.01180267333984375, 0.004688262939453125], [0.9852294921875, 0.011753082275390625, 0.003017425537109375], [0.9863700866699219, 0.01105499267578125, 0.002574920654296875]], "candidate_count": 892, "candidate_scores_path": "/groups/echambe2/gmeng/MedAL-Agent/repo/code/runs/frozen_v5/candidate_scores/refuge__P9__s1000__r3.json", "predictions_path": "", "initial_labeled_path": "/groups/echambe2/gmeng/MedAL-Agent/repo/code/runs/frozen_v5/init_sets/refuge__s1000__n10.json", "initial_labeled_ids": [], "selection_diagnostics": {"paal_ap_epochs": 200, "paal_ap_loss_mean": 1.5216428306580213e-05, "paal_ap_loss_last": 1.1124470978346278e-05, "paal_ap_val_corr": 0.9342324183698497, "paal_ap_n_train": 62, "paal_ap_n_val": 6, "paal_pred_acc_mean": 0.9952270984649658, "paal_pred_acc_std": 0.004010872915387154, "paal_score_mean": 0.004792454186826944, "paal_score_std": 0.001480961567722261, "paal_n_clusters": 7, "paal_cluster_sizes": [107, 98, 198, 146, 79, 188, 76], "paal_selected_clusters": [0, 1, 2, 3, 4, 5, 6, 0, 1, 2, 3, 4, 5, 6, 0, 1, 2, 3, 4, 5, 6, 0, 1, 2, 3, 4, 5, 6]}, "training": {"num_iters": 1000, "batch_size": 12, "lr": 0.001, "image_size": 512, "aspect_preserve": true, "resolution_policy": "longside_pad32", "preproc_cache": {"pool": "hit", "val": "hit"}, "train_runtime_sec": 1442.605964422226, "query_runtime_sec": 373.7754702568054, "iters": 2800, "stop_iter": 2800, "mean_loss": 0.123984692757284, "last_loss": 0.02352614514529705, "stop_reason": "plateau", "hit_max_iters": false, "final_smooth_loss": 0.023507167622447013, "best_smooth_loss": 0.0277200816757977, "diverged": false, "loss_curve": [[1000, 0.07018787734210491], [1100, 0.062326823361217976], [1200, 0.05552650395780802], [1300, 0.04934523236006498], [1400, 0.04676578432321549], [1500, 0.0416782220825553], [1600, 0.04125175569206476], [1700, 0.03776103392243385], [1800, 0.037720027398318055], [1900, 0.033198354840278624], [2000, 0.03078037330880761], [2100, 0.029993747994303703], [2200, 0.030308794863522052], [2300, 0.0277200816757977], [2400, 0.027043875586241484], [2500, 0.027192202303558587], [2600, 0.025483668837696313], [2700, 0.024823452960699797], [2800, 0.023507167622447013]]}, "ckpt_id": "refuge__P9__s1000__r3", "ckpt_path": "", "ckpt_hash": "1d262f9079c1a1589788c754441aaef378810ea6b62528f870c0deadd63fad52", "config_hash": "e840f429c53f252733967bfcca5a736d2ed0c080171d7ce6886508e2528e3140", "feature_cache_keys": {"task_unet": "task_unet_bottleneck@1d262f9079c1"}, "sam_model_type": "", "sam_checkpoint": "", "metrics": {"primary_metric": "mean_dsc_fg_case_macro", "metric_version": "v3_case_macro", "eval_scope": "case_full_volume", "mean_dsc_fg_case_macro": 0.8607444756927525, "mean_dsc_fg": 0.8607444756927525, "mean_dsc_fg_pooled_diagnostic": 0.8621911196139702, "dsc_per_class_pooled": [0.9991070226363967, 0.8762701173716553, 0.8481121218562853], "dsc_per_class": [0.9991070226363967, 0.8762701173716553, 0.8481121218562853], "n_cases": 120, "n_eval": 120, "structure_detection_rate": 1.0, "missed_structure_rate": 0.0}, "runtime_sec": {"train": 1442.605964422226, "eval": 2.438275098800659, "select": 373.7754702568054}, "gpu_mem_mb": 9607.643136, "gpu_name": "Tesla V100-PCIE-32GB", "gpu_total_mem_mb": 34072.559616, "foundation": {}, "notes": ""}
{"schema_version": "v3", "run_id": "refuge__P9__s1000", "round": 4, "dataset": "refuge", "modality": "fundus", "target": "optic_nerve_head", "dim": "2d", "query_unit": "image", "seed": 1000, "round_seed": 1004, "component_seeds": {"model_init_seed": 1635232385, "loader_seed": 570107477, "query_seed": 4277118228, "dropout_seed": 1981512765}, "total_rounds": 7, "budget_denominator": {"full_train_N": 960, "requested_pool_cap": 5000, "actual_AL_pool_N": 960, "budget_plan": [10, 20, 39, 68, 96, 144, 192], "fraction_of_AL_pool": 0.2, "fraction_of_full_train": 0.2}, "policy_id": "P9", "policy_name": "PAAL", "method_version": "1.0", "is_ablation": false, "policy_config": {}, "cumulative_budget": 96, "incremental_query_count": 48, "labeled_count": 96, "labeled_ratio": 0.1, "selected_ids": ["V0242", "V0101", "T0304", "g0018", "n0340", "V0252", "n0290", "g0028", "V0149", "n0175", "V0347", "g0038", "n0156", "T0169", "n0114", "n0017", "V0189", "V0326", "V0278", "n0036", "n0044", "V0298", "n0079", "n0227", "V0117", "V0230", "V0137", "n0144", "n0030", "T0164", "n0155", "n0109", "T0235", "V0173", "V0301", "g0007", "n0315", "T0076", "T0348", "n0135", "T0109", "n0322", "V0314", "n0229", "n0287", "T0006", "n0266", "n0207"], "selected_scores": [0.01746416464447975, 0.017635434865951538, 0.01851540431380272, 0.01991354301571846, 0.01435532234609127, 0.01518925465643406, 0.012198342010378838, 0.016894333064556122, 0.015503888949751854, 0.014942730776965618, 0.017367510125041008, 0.01461451780050993, 0.012714944779872894, 0.014207220636308193, 0.011747483164072037, 0.014540024101734161, 0.015136012807488441, 0.014625268056988716, 0.015928184613585472, 0.014184038154780865, 0.012140545062720776, 0.013203106820583344, 0.011556796729564667, 0.01266819890588522, 0.01492595300078392, 0.014612375758588314, 0.014813854359090328, 0.013235796242952347, 0.011911697685718536, 0.012926960363984108, 0.011504615657031536, 0.01141569297760725, 0.014649977907538414, 0.014429830014705658, 0.014620961621403694, 0.012783749029040337, 0.01097068004310131, 0.012791067361831665, 0.011478528380393982, 0.011024905368685722, 0.014502874575555325, 0.014382567256689072, 0.013951453380286694, 0.012040587142109871, 0.010960983112454414, 0.012728731147944927, 0.010572816245257854, 0.010975481942296028], "selected_pred_fg_ratio": [0.013515472412109375, 0.01340484619140625, 0.015254974365234375, 0.0169219970703125, 0.01568603515625, 0.01425933837890625, 0.014141082763671875, 0.015110015869140625, 0.01677703857421875, 0.0110626220703125, 0.018817901611328125, 0.013988494873046875, 0.01352691650390625, 0.016147613525390625, 0.012966156005859375, 0.012989044189453125, 0.014850616455078125, 0.014553070068359375, 0.01123809814453125, 0.01219940185546875, 0.017711639404296875, 0.015354156494140625, 0.015537261962890625, 0.013286590576171875, 0.01290130615234375, 0.015415191650390625, 0.01508331298828125, 0.014667510986328125, 0.01836395263671875, 0.014759063720703125, 0.01422882080078125, 0.01732635498046875, 0.012683868408203125, 0.01262664794921875, 0.0128631591796875, 0.015697479248046875, 0.01378631591796875, 0.016071319580078125, 0.01767730712890625, 0.0162811279296875, 0.015338897705078125, 0.01213836669921875, 0.0116119384765625, 0.01535797119140625, 0.0152130126953125, 0.017303466796875, 0.015155792236328125, 0.01578521728515625], "selected_pred_class_dist": [[0.9864845275878906, 0.00466156005859375, 0.008853912353515625], [0.9865951538085938, 0.0116119384765625, 0.00179290771484375], [0.9847450256347656, 0.004741668701171875, 0.0105133056640625], [0.9830780029296875, 0.005435943603515625, 0.011486053466796875], [0.98431396484375, 0.011775970458984375, 0.003910064697265625], [0.9857406616210938, 0.010509490966796875, 0.003749847412109375], [0.9858589172363281, 0.0117950439453125, 0.002346038818359375], [0.9848899841308594, 0.006671905517578125, 0.0084381103515625], [0.9832229614257812, 0.00865936279296875, 0.00811767578125], [0.9889373779296875, 0.007862091064453125, 0.003200531005859375], [0.9811820983886719, 0.00762176513671875, 0.011196136474609375], [0.9860115051269531, 0.0047454833984375, 0.009243011474609375], [0.9864730834960938, 0.01065826416015625, 0.00286865234375], [0.9838523864746094, 0.0134735107421875, 0.002674102783203125], [0.9870338439941406, 0.0102081298828125, 0.002758026123046875], [0.9870109558105469, 0.010616302490234375, 0.00237274169921875], [0.9851493835449219, 0.011837005615234375, 0.00301361083984375], [0.9854469299316406, 0.011402130126953125, 0.00315093994140625], [0.9887619018554688, 0.009368896484375, 0.00186920166015625], [0.9878005981445312, 0.009708404541015625, 0.002490997314453125], [0.9822883605957031, 0.012950897216796875, 0.0047607421875], [0.9846458435058594, 0.011867523193359375, 0.00348663330078125], [0.9844627380371094, 0.0115509033203125, 0.003986358642578125], [0.9867134094238281, 0.01067352294921875, 0.002613067626953125], [0.9870986938476562, 0.011150360107421875, 0.001750946044921875], [0.9845848083496094, 0.01251983642578125, 0.002895355224609375], [0.9849166870117188, 0.0124664306640625, 0.00261688232421875], [0.9853324890136719, 0.01202392578125, 0.002643585205078125], [0.9816360473632812, 0.0134124755859375, 0.00495147705078125], [0.9852409362792969, 0.01165008544921875, 0.003108978271484375], [0.9857711791992188, 0.01139068603515625, 0.002838134765625], [0.9826736450195312, 0.012996673583984375, 0.004329681396484375], [0.9873161315917969, 0.01016998291015625, 0.002513885498046875], [0.9873733520507812, 0.011157989501953125, 0.001468658447265625], [0.9871368408203125, 0.010623931884765625, 0.002239227294921875], [0.9843025207519531, 0.00698089599609375, 0.008716583251953125], [0.9862136840820312, 0.010608673095703125, 0.003177642822265625], [0.9839286804199219, 0.01263427734375, 0.003437042236328125], [0.9823226928710938, 0.0135955810546875, 0.00408172607421875], [0.9837188720703125, 0.012401580810546875, 0.003879547119140625], [0.9846611022949219, 0.013027191162109375, 0.00231170654296875], [0.9878616333007812, 0.01013946533203125, 0.0019989013671875], [0.9883880615234375, 0.009410858154296875, 0.002201080322265625], [0.9846420288085938, 0.011005401611328125, 0.004352569580078125], [0.9847869873046875, 0.01114654541015625, 0.00406646728515625], [0.982696533203125, 0.0132598876953125, 0.0040435791015625], [0.9848442077636719, 0.01148223876953125, 0.003673553466796875], [0.9842147827148438, 0.011383056640625, 0.00440216064453125]], "candidate_count": 864, "candidate_scores_path": "/groups/echambe2/gmeng/MedAL-Agent/repo/code/runs/frozen_v5/candidate_scores/refuge__P9__s1000__r4.json", "predictions_path": "", "initial_labeled_path": "/groups/echambe2/gmeng/MedAL-Agent/repo/code/runs/frozen_v5/init_sets/refuge__s1000__n10.json", "initial_labeled_ids": [], "selection_diagnostics": {"paal_ap_epochs": 200, "paal_ap_loss_mean": 2.6707732476503242e-05, "paal_ap_loss_last": 2.2203959360922454e-05, "paal_ap_val_corr": 0.9512574258348394, "paal_ap_n_train": 88, "paal_ap_n_val": 8, "paal_pred_acc_mean": 0.9904585480690002, "paal_pred_acc_std": 0.008301544934511185, "paal_score_mean": 0.009622519835829735, "paal_score_std": 0.0021735448390245438, "paal_n_clusters": 8, "paal_cluster_sizes": [161, 95, 205, 61, 76, 137, 57, 72], "paal_selected_clusters": [0, 1, 2, 3, 4, 5, 6, 7, 0, 1, 2, 3, 4, 5, 6, 7, 0, 1, 2, 3, 4, 5, 6, 7, 0, 1, 2, 3, 4, 5, 6, 7, 0, 1, 2, 3, 4, 5, 6, 7, 0, 1, 2, 3, 4, 5, 6, 7]}, "training": {"num_iters": 1000, "batch_size": 12, "lr": 0.001, "image_size": 512, "aspect_preserve": true, "resolution_policy": "longside_pad32", "preproc_cache": {"pool": "hit", "val": "hit"}, "train_runtime_sec": 1647.5352411270142, "query_runtime_sec": 509.91350626945496, "iters": 3200, "stop_iter": 3200, "mean_loss": 0.1409229667042382, "last_loss": 0.028195315971970558, "stop_reason": "plateau", "hit_max_iters": false, "final_smooth_loss": 0.03178760338574648, "best_smooth_loss": 0.03406151156872511, "diverged": false, "loss_curve": [[1000, 0.09692103534936905], [1100, 0.08529794290661812], [1200, 0.08372073382139206], [1300, 0.07435169462114573], [1400, 0.06685049392282963], [1500, 0.06278752837330102], [1600, 0.06146242588758469], [1700, 0.055451504550874234], [1800, 0.05312062457203865], [1900, 0.04795872200280428], [2000, 0.04833482038229704], [2100, 0.04586736135184765], [2200, 0.04058602765202522], [2300, 0.04058227568864822], [2400, 0.03910346519201994], [2500, 0.03726957926526666], [2600, 0.036248062532395126], [2700, 0.03406151156872511], [2800, 0.03201853018254042], [2900, 0.031175717487931253], [3000, 0.03204547349363565], [3100, 0.03093371368944645], [3200, 0.03178760338574648]]}, "ckpt_id": "refuge__P9__s1000__r4", "ckpt_path": "", "ckpt_hash": "b9ef5cb2cc7aaeff32d73b043c3f1b2d1b127c81ab13b0eba847ab94988dca77", "config_hash": "e840f429c53f252733967bfcca5a736d2ed0c080171d7ce6886508e2528e3140", "feature_cache_keys": {"task_unet": "task_unet_bottleneck@b9ef5cb2cc7a"}, "sam_model_type": "", "sam_checkpoint": "", "metrics": {"primary_metric": "mean_dsc_fg_case_macro", "metric_version": "v3_case_macro", "eval_scope": "case_full_volume", "mean_dsc_fg_case_macro": 0.8598020405925908, "mean_dsc_fg": 0.8598020405925908, "mean_dsc_fg_pooled_diagnostic": 0.8583082102618561, "dsc_per_class_pooled": [0.9990281742839017, 0.8707025879868484, 0.8459138325368638], "dsc_per_class": [0.9990281742839017, 0.8707025879868484, 0.8459138325368638], "n_cases": 120, "n_eval": 120, "structure_detection_rate": 1.0, "missed_structure_rate": 0.0}, "runtime_sec": {"train": 1647.5352411270142, "eval": 2.4849793910980225, "select": 509.91350626945496}, "gpu_mem_mb": 9609.445376, "gpu_name": "Tesla V100-PCIE-32GB", "gpu_total_mem_mb": 34072.559616, "foundation": {}, "notes": ""}
