{"schema_version": "v3", "run_id": "refuge__P9__s3000", "round": 0, "dataset": "refuge", "modality": "fundus", "target": "optic_nerve_head", "dim": "2d", "query_unit": "image", "seed": 3000, "round_seed": 3000, "component_seeds": {"model_init_seed": 4268717614, "loader_seed": 3761024140, "query_seed": 1653928250, "dropout_seed": 3551934248}, "total_rounds": 7, "budget_denominator": {"full_train_N": 960, "requested_pool_cap": 5000, "actual_AL_pool_N": 960, "budget_plan": [10, 20, 39, 68, 96, 144, 192], "fraction_of_AL_pool": 0.2, "fraction_of_full_train": 0.2}, "policy_id": "P9", "policy_name": "PAAL", "method_version": "1.0", "is_ablation": false, "policy_config": {}, "cumulative_budget": 10, "incremental_query_count": 10, "labeled_count": 10, "labeled_ratio": 0.010416666666666666, "selected_ids": ["g0002", "T0207", "V0252", "V0213", "T0011", "T0071", "V0322", "T0266", "V0096", "V0246"], "selected_scores": [0.004433498717844486, 0.00463426299393177, 0.005145481787621975, 0.005794485565274954, 0.004947710782289505, 0.0055610304698348045, 0.004429386463016272, 0.0045276181772351265, 0.00513125117868185, 0.005652735009789467], "selected_pred_fg_ratio": [0.015228271484375, 0.015590667724609375, 0.014251708984375, 0.024860382080078125, 0.016368865966796875, 0.01483917236328125, 0.0152740478515625, 0.0160369873046875, 0.014804840087890625, 0.01491546630859375], "selected_pred_class_dist": [[0.984771728515625, 0.009151458740234375, 0.006076812744140625], [0.9844093322753906, 0.013118743896484375, 0.002471923828125], [0.985748291015625, 0.011554718017578125, 0.002696990966796875], [0.9751396179199219, 0.017070770263671875, 0.00778961181640625], [0.9836311340332031, 0.013500213623046875, 0.00286865234375], [0.9851608276367188, 0.01129150390625, 0.00354766845703125], [0.9847259521484375, 0.012508392333984375, 0.002765655517578125], [0.9839630126953125, 0.012645721435546875, 0.003391265869140625], [0.9851951599121094, 0.01174163818359375, 0.003063201904296875], [0.9850845336914062, 0.0128021240234375, 0.00211334228515625]], "candidate_count": 950, "candidate_scores_path": "/groups/echambe2/gmeng/MedAL-Agent/repo/code/runs/frozen_v5/candidate_scores/refuge__P9__s3000__r0.json", "predictions_path": "", "initial_labeled_path": "/groups/echambe2/gmeng/MedAL-Agent/repo/code/runs/frozen_v5/init_sets/refuge__s3000__n10.json", "initial_labeled_ids": ["T0008", "T0143", "T0316", "V0272", "V0365", "n0025", "n0128", "n0191", "n0275", "n0333"], "selection_diagnostics": {"paal_ap_epochs": 200, "paal_ap_loss_mean": 0.001117416312055184, "paal_ap_loss_last": 7.47584385862865e-06, "paal_ap_val_corr": 0.9578036207616913, "paal_ap_n_train": 9, "paal_ap_n_val": 1, "paal_pred_acc_mean": 0.997685432434082, "paal_pred_acc_std": 0.0013548791175708175, "paal_score_mean": 0.0023181894794106483, "paal_score_std": 0.0010581661481410265, "paal_n_clusters": 6, "paal_cluster_sizes": [173, 229, 161, 129, 70, 188], "paal_selected_clusters": [0, 1, 2, 3, 4, 5, 0, 1, 2, 3]}, "training": {"num_iters": 1000, "batch_size": 12, "lr": 0.001, "image_size": 512, "aspect_preserve": true, "resolution_policy": "longside_pad32", "preproc_cache": {"pool": "hit", "val": "hit"}, "train_runtime_sec": 1137.7447414398193, "query_runtime_sec": 73.63039708137512, "iters": 2500, "stop_iter": 2500, "mean_loss": 0.12841658002287148, "last_loss": 0.010125958360731602, "stop_reason": "plateau", "hit_max_iters": false, "final_smooth_loss": 0.01024941297248006, "best_smooth_loss": 0.013183989059180022, "diverged": false, "loss_curve": [[1000, 0.029402162116020918], [1100, 0.026897531636059284], [1200, 0.023698864914476873], [1300, 0.02186729051172733], [1400, 0.02067216457799077], [1500, 0.018312569800764324], [1600, 0.016589431641623378], [1700, 0.015805191816762088], [1800, 0.015258662616834045], [1900, 0.01434253579005599], [2000, 0.013183989059180022], [2100, 0.012525649527087807], [2200, 0.01206049881875515], [2300, 0.010986979296430945], [2400, 0.011097920397296547], [2500, 0.01024941297248006]]}, "ckpt_id": "refuge__P9__s3000__r0", "ckpt_path": "", "ckpt_hash": "0691a5abd2e6701006530e2811d66420fb54b18a8918b51d162046f3dd4c0168", "config_hash": "e840f429c53f252733967bfcca5a736d2ed0c080171d7ce6886508e2528e3140", "feature_cache_keys": {"task_unet": "task_unet_bottleneck@0691a5abd2e6"}, "sam_model_type": "", "sam_checkpoint": "", "metrics": {"primary_metric": "mean_dsc_fg_case_macro", "metric_version": "v3_case_macro", "eval_scope": "case_full_volume", "mean_dsc_fg_case_macro": 0.7609702751929507, "mean_dsc_fg": 0.7609702751929507, "mean_dsc_fg_pooled_diagnostic": 0.749504069587229, "dsc_per_class_pooled": [0.9976396313989404, 0.769055630849768, 0.7299525083246902], "dsc_per_class": [0.9976396313989404, 0.769055630849768, 0.7299525083246902], "n_cases": 120, "n_eval": 120, "structure_detection_rate": 1.0, "missed_structure_rate": 0.0}, "runtime_sec": {"train": 1137.7447414398193, "eval": 2.6566526889801025, "select": 73.63039708137512}, "gpu_mem_mb": 8107.379712, "gpu_name": "Tesla V100-PCIE-32GB", "gpu_total_mem_mb": 34072.559616, "foundation": {}, "notes": ""}
{"schema_version": "v3", "run_id": "refuge__P9__s3000", "round": 1, "dataset": "refuge", "modality": "fundus", "target": "optic_nerve_head", "dim": "2d", "query_unit": "image", "seed": 3000, "round_seed": 3001, "component_seeds": {"model_init_seed": 1368497401, "loader_seed": 724338150, "query_seed": 2939650167, "dropout_seed": 1283938365}, "total_rounds": 7, "budget_denominator": {"full_train_N": 960, "requested_pool_cap": 5000, "actual_AL_pool_N": 960, "budget_plan": [10, 20, 39, 68, 96, 144, 192], "fraction_of_AL_pool": 0.2, "fraction_of_full_train": 0.2}, "policy_id": "P9", "policy_name": "PAAL", "method_version": "1.0", "is_ablation": false, "policy_config": {}, "cumulative_budget": 20, "incremental_query_count": 19, "labeled_count": 20, "labeled_ratio": 0.020833333333333332, "selected_ids": ["V0389", "V0282", "n0089", "T0025", "n0083", "n0037", "T0208", "V0088", "n0239", "T0384", "V0153", "T0110", "n0291", "V0298", "V0177", "n0226", "V0388", "T0134", "n0359"], "selected_scores": [0.01005424465984106, 0.00922725535929203, 0.009918300434947014, 0.009336682967841625, 0.00955225620418787, 0.009385418146848679, 0.009882120415568352, 0.009754205122590065, 0.009179743938148022, 0.009698174893856049, 0.008621555753052235, 0.00925503484904766, 0.009303205646574497, 0.009506247006356716, 0.00952768325805664, 0.00910142157226801, 0.009617540054023266, 0.00861443392932415, 0.009251963347196579], "selected_pred_fg_ratio": [0.014110565185546875, 0.0160369873046875, 0.014461517333984375, 0.013092041015625, 0.013275146484375, 0.0135498046875, 0.0143585205078125, 0.01419830322265625, 0.0131378173828125, 0.01318359375, 0.015522003173828125, 0.013675689697265625, 0.01461029052734375, 0.014484405517578125, 0.01305389404296875, 0.015811920166015625, 0.01506805419921875, 0.013660430908203125, 0.011829376220703125], "selected_pred_class_dist": [[0.9858894348144531, 0.01125335693359375, 0.002857208251953125], [0.9839630126953125, 0.013439178466796875, 0.002597808837890625], [0.9855384826660156, 0.012119293212890625, 0.00234222412109375], [0.986907958984375, 0.010669708251953125, 0.002422332763671875], [0.986724853515625, 0.010562896728515625, 0.002712249755859375], [0.9864501953125, 0.0107421875, 0.0028076171875], [0.9856414794921875, 0.01065826416015625, 0.00370025634765625], [0.9858016967773438, 0.01195526123046875, 0.0022430419921875], [0.9868621826171875, 0.010173797607421875, 0.002964019775390625], [0.98681640625, 0.01065826416015625, 0.00252532958984375], [0.9844779968261719, 0.01264190673828125, 0.002880096435546875], [0.9863243103027344, 0.010715484619140625, 0.002960205078125], [0.9853897094726562, 0.012126922607421875, 0.002483367919921875], [0.9855155944824219, 0.01070404052734375, 0.003780364990234375], [0.9869461059570312, 0.010631561279296875, 0.002422332763671875], [0.9841880798339844, 0.01287078857421875, 0.002941131591796875], [0.9849319458007812, 0.012493133544921875, 0.002574920654296875], [0.9863395690917969, 0.01136016845703125, 0.002300262451171875], [0.9881706237792969, 0.0087890625, 0.003040313720703125]], "candidate_count": 940, "candidate_scores_path": "/groups/echambe2/gmeng/MedAL-Agent/repo/code/runs/frozen_v5/candidate_scores/refuge__P9__s3000__r1.json", "predictions_path": "", "initial_labeled_path": "/groups/echambe2/gmeng/MedAL-Agent/repo/code/runs/frozen_v5/init_sets/refuge__s3000__n10.json", "initial_labeled_ids": [], "selection_diagnostics": {"paal_ap_epochs": 200, "paal_ap_loss_mean": 1.0012281586584652e-05, "paal_ap_loss_last": 8.9689146989258e-06, "paal_ap_val_corr": 0.35040460644504023, "paal_ap_n_train": 18, "paal_ap_n_val": 2, "paal_pred_acc_mean": 0.9933301210403442, "paal_pred_acc_std": 0.0050706383772194386, "paal_score_mean": 0.006705217529088259, "paal_score_std": 0.0014299810864031315, "paal_n_clusters": 7, "paal_cluster_sizes": [170, 150, 102, 75, 115, 142, 186], "paal_selected_clusters": [0, 1, 2, 3, 4, 5, 6, 0, 1, 2, 3, 4, 5, 6, 0, 1, 2, 3, 4]}, "training": {"num_iters": 1000, "batch_size": 12, "lr": 0.001, "image_size": 512, "aspect_preserve": true, "resolution_policy": "longside_pad32", "preproc_cache": {"pool": "hit", "val": "hit"}, "train_runtime_sec": 1222.9453597068787, "query_runtime_sec": 133.09544706344604, "iters": 2300, "stop_iter": 2300, "mean_loss": 0.10458146582074139, "last_loss": 0.015498323366045952, "stop_reason": "plateau", "hit_max_iters": false, "final_smooth_loss": 0.015955532100051642, "best_smooth_loss": 0.01938445884734392, "diverged": false, "loss_curve": [[1000, 0.031034572944045068], [1100, 0.02888157745823264], [1200, 0.027654151320457458], [1300, 0.025071714762598275], [1400, 0.02434693621471524], [1500, 0.021730802562087773], [1600, 0.02135935243219137], [1700, 0.021202423367649315], [1800, 0.01938445884734392], [1900, 0.018445939403027297], [2000, 0.01728892886079848], [2100, 0.016102026253938674], [2200, 0.015899959253147244], [2300, 0.015955532100051642]]}, "ckpt_id": "refuge__P9__s3000__r1", "ckpt_path": "", "ckpt_hash": "929e4e6be0059f81d0dc406022ed186a50972923afcc1b6d9c3cb83fb47cb43c", "config_hash": "e840f429c53f252733967bfcca5a736d2ed0c080171d7ce6886508e2528e3140", "feature_cache_keys": {"task_unet": "task_unet_bottleneck@929e4e6be005"}, "sam_model_type": "", "sam_checkpoint": "", "metrics": {"primary_metric": "mean_dsc_fg_case_macro", "metric_version": "v3_case_macro", "eval_scope": "case_full_volume", "mean_dsc_fg_case_macro": 0.7857036606762148, "mean_dsc_fg": 0.7857036606762148, "mean_dsc_fg_pooled_diagnostic": 0.7776349735718953, "dsc_per_class_pooled": [0.9978308028134132, 0.7787262680646075, 0.7765436790791831], "dsc_per_class": [0.9978308028134132, 0.7787262680646075, 0.7765436790791831], "n_cases": 120, "n_eval": 120, "structure_detection_rate": 1.0, "missed_structure_rate": 0.0}, "runtime_sec": {"train": 1222.9453597068787, "eval": 2.571507453918457, "select": 133.09544706344604}, "gpu_mem_mb": 9602.351104, "gpu_name": "Tesla V100-PCIE-32GB", "gpu_total_mem_mb": 34072.559616, "foundation": {}, "notes": ""}
{"schema_version": "v3", "run_id": "refuge__P9__s3000", "round": 2, "dataset": "refuge", "modality": "fundus", "target": "optic_nerve_head", "dim": "2d", "query_unit": "image", "seed": 3000, "round_seed": 3002, "component_seeds": {"model_init_seed": 3745551808, "loader_seed": 2465835433, "query_seed": 2701088630, "dropout_seed": 1393056386}, "total_rounds": 7, "budget_denominator": {"full_train_N": 960, "requested_pool_cap": 5000, "actual_AL_pool_N": 960, "budget_plan": [10, 20, 39, 68, 96, 144, 192], "fraction_of_AL_pool": 0.2, "fraction_of_full_train": 0.2}, "policy_id": "P9", "policy_name": "PAAL", "method_version": "1.0", "is_ablation": false, "policy_config": {}, "cumulative_budget": 39, "incremental_query_count": 29, "labeled_count": 39, "labeled_ratio": 0.040625, "selected_ids": ["n0115", "g0016", "n0236", "n0335", "n0004", "V0299", "n0311", "n0181", "n0318", "n0137", "V0139", "T0308", "T0215", "V0016", "n0346", "n0343", "n0314", "T0366", "n0296", "V0013", "V0193", "n0240", "n0148", "n0223", "T0396", "V0284", "V0053", "n0110", "n0286"], "selected_scores": [0.006391501985490322, 0.009247935377061367, 0.009583920240402222, 0.007158522494137287, 0.007583820726722479, 0.005512095056474209, 0.017938800156116486, 0.006078299134969711, 0.008497762493789196, 0.006890641059726477, 0.006639420986175537, 0.00620520394295454, 0.005179434083402157, 0.009728829376399517, 0.005924683064222336, 0.006892677396535873, 0.006238259375095367, 0.006560498382896185, 0.005989529192447662, 0.004899695515632629, 0.00899586919695139, 0.005866271909326315, 0.006719562225043774, 0.0061376518569886684, 0.006234290078282356, 0.005801997147500515, 0.004840821027755737, 0.008218377828598022, 0.005816387943923473], "selected_pred_fg_ratio": [0.01393890380859375, 0.011928558349609375, 0.01251983642578125, 0.011516571044921875, 0.01126861572265625, 0.013370513916015625, 0.01062774658203125, 0.013698577880859375, 0.0101165771484375, 0.016109466552734375, 0.01374053955078125, 0.0140533447265625, 0.012359619140625, 0.010341644287109375, 0.014530181884765625, 0.012615203857421875, 0.013263702392578125, 0.014041900634765625, 0.0140228271484375, 0.013774871826171875, 0.01245880126953125, 0.015567779541015625, 0.010986328125, 0.01349639892578125, 0.014171600341796875, 0.01296234130859375, 0.01425933837890625, 0.010799407958984375, 0.0143890380859375], "selected_pred_class_dist": [[0.9860610961914062, 0.00975799560546875, 0.004180908203125], [0.9880714416503906, 0.0054779052734375, 0.006450653076171875], [0.9874801635742188, 0.009342193603515625, 0.003177642822265625], [0.9884834289550781, 0.008815765380859375, 0.0027008056640625], [0.9887313842773438, 0.008518218994140625, 0.002750396728515625], [0.9866294860839844, 0.01024627685546875, 0.003124237060546875], [0.9893722534179688, 0.007843017578125, 0.00278472900390625], [0.9863014221191406, 0.01044464111328125, 0.003253936767578125], [0.9898834228515625, 0.0069427490234375, 0.003173828125], [0.9838905334472656, 0.011989593505859375, 0.004119873046875], [0.9862594604492188, 0.0111541748046875, 0.00258636474609375], [0.9859466552734375, 0.011257171630859375, 0.002796173095703125], [0.987640380859375, 0.008777618408203125, 0.003582000732421875], [0.9896583557128906, 0.008312225341796875, 0.0020294189453125], [0.9854698181152344, 0.0105743408203125, 0.003955841064453125], [0.9873847961425781, 0.008716583251953125, 0.00389862060546875], [0.9867362976074219, 0.010150909423828125, 0.00311279296875], [0.9859580993652344, 0.0111236572265625, 0.002918243408203125], [0.9859771728515625, 0.01052093505859375, 0.00350189208984375], [0.9862251281738281, 0.0104217529296875, 0.003353118896484375], [0.9875411987304688, 0.0087432861328125, 0.00371551513671875], [0.9844322204589844, 0.0117034912109375, 0.003864288330078125], [0.989013671875, 0.0084075927734375, 0.0025787353515625], [0.9865036010742188, 0.01027679443359375, 0.0032196044921875], [0.9858283996582031, 0.0117034912109375, 0.002468109130859375], [0.9870376586914062, 0.01020050048828125, 0.0027618408203125], [0.9857406616210938, 0.010929107666015625, 0.003330230712890625], [0.9892005920410156, 0.00586700439453125, 0.004932403564453125], [0.9856109619140625, 0.010829925537109375, 0.003559112548828125]], "candidate_count": 921, "candidate_scores_path": "/groups/echambe2/gmeng/MedAL-Agent/repo/code/runs/frozen_v5/candidate_scores/refuge__P9__s3000__r2.json", "predictions_path": "", "initial_labeled_path": "/groups/echambe2/gmeng/MedAL-Agent/repo/code/runs/frozen_v5/init_sets/refuge__s3000__n10.json", "initial_labeled_ids": [], "selection_diagnostics": {"paal_ap_epochs": 200, "paal_ap_loss_mean": 1.0311649593890909e-05, "paal_ap_loss_last": 9.410447717073112e-06, "paal_ap_val_corr": 0.715877089864884, "paal_ap_n_train": 36, "paal_ap_n_val": 3, "paal_pred_acc_mean": 0.9962677359580994, "paal_pred_acc_std": 0.003548179753124714, "paal_score_mean": 0.0037456369027495384, "paal_score_std": 0.0013670682674273849, "paal_n_clusters": 7, "paal_cluster_sizes": [71, 100, 141, 155, 161, 132, 161], "paal_selected_clusters": [0, 1, 2, 3, 4, 5, 6, 0, 1, 2, 3, 4, 5, 6, 0, 1, 2, 3, 4, 5, 6, 0, 1, 2, 3, 4, 5, 6, 0]}, "training": {"num_iters": 1000, "batch_size": 12, "lr": 0.001, "image_size": 512, "aspect_preserve": true, "resolution_policy": "longside_pad32", "preproc_cache": {"pool": "hit", "val": "hit"}, "train_runtime_sec": 1220.5864758491516, "query_runtime_sec": 229.97081303596497, "iters": 2300, "stop_iter": 2300, "mean_loss": 0.1355889732917042, "last_loss": 0.01704278588294983, "stop_reason": "plateau", "hit_max_iters": false, "final_smooth_loss": 0.018235003259032965, "best_smooth_loss": 0.022888327818363904, "diverged": false, "loss_curve": [[1000, 0.042423695400357245], [1100, 0.037486489340662954], [1200, 0.03434395905584097], [1300, 0.031068789549171926], [1400, 0.0282284926623106], [1500, 0.02658475773409009], [1600, 0.025666778348386286], [1700, 0.024107145238667728], [1800, 0.022888327818363904], [1900, 0.020920329224318267], [2000, 0.021007476076483726], [2100, 0.01994354257360101], [2200, 0.01919945450499654], [2300, 0.018235003259032965]]}, "ckpt_id": "refuge__P9__s3000__r2", "ckpt_path": "", "ckpt_hash": "3fd30acec37f9b486ea5971bc5eb102cd787a3ccac39ddce18023909eb4e1b6e", "config_hash": "e840f429c53f252733967bfcca5a736d2ed0c080171d7ce6886508e2528e3140", "feature_cache_keys": {"task_unet": "task_unet_bottleneck@3fd30acec37f"}, "sam_model_type": "", "sam_checkpoint": "", "metrics": {"primary_metric": "mean_dsc_fg_case_macro", "metric_version": "v3_case_macro", "eval_scope": "case_full_volume", "mean_dsc_fg_case_macro": 0.807827031178388, "mean_dsc_fg": 0.807827031178388, "mean_dsc_fg_pooled_diagnostic": 0.8006733476530825, "dsc_per_class_pooled": [0.9983544530086907, 0.8195426195426195, 0.7818040757635456], "dsc_per_class": [0.9983544530086907, 0.8195426195426195, 0.7818040757635456], "n_cases": 120, "n_eval": 120, "structure_detection_rate": 1.0, "missed_structure_rate": 0.0}, "runtime_sec": {"train": 1220.5864758491516, "eval": 2.5500402450561523, "select": 229.97081303596497}, "gpu_mem_mb": 9607.233536, "gpu_name": "Tesla V100-PCIE-32GB", "gpu_total_mem_mb": 34072.559616, "foundation": {}, "notes": ""}
{"schema_version": "v3", "run_id": "refuge__P9__s3000", "round": 3, "dataset": "refuge", "modality": "fundus", "target": "optic_nerve_head", "dim": "2d", "query_unit": "image", "seed": 3000, "round_seed": 3003, "component_seeds": {"model_init_seed": 3579842532, "loader_seed": 3462212509, "query_seed": 3091667733, "dropout_seed": 1977868587}, "total_rounds": 7, "budget_denominator": {"full_train_N": 960, "requested_pool_cap": 5000, "actual_AL_pool_N": 960, "budget_plan": [10, 20, 39, 68, 96, 144, 192], "fraction_of_AL_pool": 0.2, "fraction_of_full_train": 0.2}, "policy_id": "P9", "policy_name": "PAAL", "method_version": "1.0", "is_ablation": false, "policy_config": {}, "cumulative_budget": 68, "incremental_query_count": 28, "labeled_count": 68, "labeled_ratio": 0.07083333333333333, "selected_ids": ["T0139", "n0326", "V0387", "n0328", "V0125", "V0215", "g0012", "V0358", "n0154", "V0390", "n0098", "n0060", "T0164", "n0344", "T0113", "n0113", "T0368", "n0036", "n0033", "n0323", "n0214", "T0230", "n0136", "V0281", "n0018", "n0045", "V0134", "n0057"], "selected_scores": [0.016656678169965744, 0.013527358882129192, 0.017230456694960594, 0.014958160929381847, 0.01309963595122099, 0.016839521005749702, 0.013368683867156506, 0.015788231045007706, 0.013095246627926826, 0.0169827938079834, 0.012737221084535122, 0.013096051290631294, 0.016804426908493042, 0.011260263621807098, 0.015306377783417702, 0.013054605573415756, 0.01680278405547142, 0.01207856647670269, 0.012114148586988449, 0.01608242467045784, 0.0108350133523345, 0.015188182704150677, 0.012773103080689907, 0.016758769750595093, 0.012076647952198982, 0.011623354628682137, 0.01582956314086914, 0.010615627281367779], "selected_pred_fg_ratio": [0.01691436767578125, 0.01575469970703125, 0.017040252685546875, 0.01311492919921875, 0.013946533203125, 0.012493133544921875, 0.013782501220703125, 0.0147705078125, 0.014392852783203125, 0.011913299560546875, 0.015209197998046875, 0.0132598876953125, 0.014652252197265625, 0.014102935791015625, 0.01531219482421875, 0.013225555419921875, 0.01792144775390625, 0.01229095458984375, 0.01322174072265625, 0.0137176513671875, 0.019134521484375, 0.01690673828125, 0.01435089111328125, 0.013584136962890625, 0.014415740966796875, 0.01375579833984375, 0.015239715576171875, 0.013927459716796875], "selected_pred_class_dist": [[0.9830856323242188, 0.01346588134765625, 0.003448486328125], [0.9842453002929688, 0.011806488037109375, 0.003948211669921875], [0.9829597473144531, 0.013092041015625, 0.003948211669921875], [0.9868850708007812, 0.0105133056640625, 0.00260162353515625], [0.986053466796875, 0.010852813720703125, 0.003093719482421875], [0.9875068664550781, 0.010578155517578125, 0.00191497802734375], [0.9862174987792969, 0.010753631591796875, 0.00302886962890625], [0.9852294921875, 0.01111602783203125, 0.00365447998046875], [0.9856071472167969, 0.011745452880859375, 0.00264739990234375], [0.9880867004394531, 0.009838104248046875, 0.0020751953125], [0.9847908020019531, 0.012126922607421875, 0.003082275390625], [0.9867401123046875, 0.010288238525390625, 0.002971649169921875], [0.9853477478027344, 0.01169586181640625, 0.002956390380859375], [0.9858970642089844, 0.01084136962890625, 0.003261566162109375], [0.9846878051757812, 0.012027740478515625, 0.003284454345703125], [0.9867744445800781, 0.010143280029296875, 0.003082275390625], [0.9820785522460938, 0.0140533447265625, 0.00386810302734375], [0.9877090454101562, 0.0096893310546875, 0.00260162353515625], [0.9867782592773438, 0.01061248779296875, 0.0026092529296875], [0.9862823486328125, 0.01146697998046875, 0.00225067138671875], [0.980865478515625, 0.014995574951171875, 0.004138946533203125], [0.98309326171875, 0.01345062255859375, 0.00345611572265625], [0.9856491088867188, 0.01175689697265625, 0.002593994140625], [0.9864158630371094, 0.011287689208984375, 0.00229644775390625], [0.9855842590332031, 0.0114593505859375, 0.002956390380859375], [0.9862442016601562, 0.01082611083984375, 0.0029296875], [0.9847602844238281, 0.01279449462890625, 0.002445220947265625], [0.9860725402832031, 0.010898590087890625, 0.00302886962890625]], "candidate_count": 892, "candidate_scores_path": "/groups/echambe2/gmeng/MedAL-Agent/repo/code/runs/frozen_v5/candidate_scores/refuge__P9__s3000__r3.json", "predictions_path": "", "initial_labeled_path": "/groups/echambe2/gmeng/MedAL-Agent/repo/code/runs/frozen_v5/init_sets/refuge__s3000__n10.json", "initial_labeled_ids": [], "selection_diagnostics": {"paal_ap_epochs": 200, "paal_ap_loss_mean": 1.7726503770311117e-05, "paal_ap_loss_last": 9.596355642227742e-06, "paal_ap_val_corr": 0.8808747392548805, "paal_ap_n_train": 62, "paal_ap_n_val": 6, "paal_pred_acc_mean": 0.9906015992164612, "paal_pred_acc_std": 0.007641641888767481, "paal_score_mean": 0.00947265699505806, "paal_score_std": 0.0028286983724683523, "paal_n_clusters": 7, "paal_cluster_sizes": [224, 71, 261, 68, 75, 143, 50], "paal_selected_clusters": [0, 1, 2, 3, 4, 5, 6, 0, 1, 2, 3, 4, 5, 6, 0, 1, 2, 3, 4, 5, 6, 0, 1, 2, 3, 4, 5, 6]}, "training": {"num_iters": 1000, "batch_size": 12, "lr": 0.001, "image_size": 512, "aspect_preserve": true, "resolution_policy": "longside_pad32", "preproc_cache": {"pool": "hit", "val": "hit"}, "train_runtime_sec": 1755.432907819748, "query_runtime_sec": 379.1117000579834, "iters": 3300, "stop_iter": 3300, "mean_loss": 0.1267785435463443, "last_loss": 0.020081084221601486, "stop_reason": "plateau", "hit_max_iters": false, "final_smooth_loss": 0.024212437365204096, "best_smooth_loss": 0.024220191426575183, "diverged": false, "loss_curve": [[1000, 0.08490799061954021], [1100, 0.0737564903497696], [1200, 0.06948300145566463], [1300, 0.060335224494338036], [1400, 0.05465185057371855], [1500, 0.05274654157459736], [1600, 0.04695973739027977], [1700, 0.041575918570160866], [1800, 0.04026402013376355], [1900, 0.03789234636351466], [2000, 0.036009086109697816], [2100, 0.03304669857025146], [2200, 0.03134681625291705], [2300, 0.029393963292241098], [2400, 0.028768223691731692], [2500, 0.027847781106829644], [2600, 0.02636583911255002], [2700, 0.02476243266835809], [2800, 0.024220191426575183], [2900, 0.023234850168228148], [3000, 0.023336509596556424], [3100, 0.022240215986967085], [3200, 0.02142314039170742], [3300, 0.024212437365204096]]}, "ckpt_id": "refuge__P9__s3000__r3", "ckpt_path": "", "ckpt_hash": "69d01207a16540218d973164500c878738145d62588ad4162e2d5dc382560ed7", "config_hash": "e840f429c53f252733967bfcca5a736d2ed0c080171d7ce6886508e2528e3140", "feature_cache_keys": {"task_unet": "task_unet_bottleneck@69d01207a165"}, "sam_model_type": "", "sam_checkpoint": "", "metrics": {"primary_metric": "mean_dsc_fg_case_macro", "metric_version": "v3_case_macro", "eval_scope": "case_full_volume", "mean_dsc_fg_case_macro": 0.8349730310079955, "mean_dsc_fg": 0.8349730310079955, "mean_dsc_fg_pooled_diagnostic": 0.8286218236177922, "dsc_per_class_pooled": [0.998739128847371, 0.8494523210048415, 0.8077913262307431], "dsc_per_class": [0.998739128847371, 0.8494523210048415, 0.8077913262307431], "n_cases": 120, "n_eval": 120, "structure_detection_rate": 1.0, "missed_structure_rate": 0.0}, "runtime_sec": {"train": 1755.432907819748, "eval": 2.594395160675049, "select": 379.1117000579834}, "gpu_mem_mb": 9607.643136, "gpu_name": "Tesla V100-PCIE-32GB", "gpu_total_mem_mb": 34072.559616, "foundation": {}, "notes": ""}
{"schema_version": "v3", "run_id": "refuge__P9__s3000", "round": 4, "dataset": "refuge", "modality": "fundus", "target": "optic_nerve_head", "dim": "2d", "query_unit": "image", "seed": 3000, "round_seed": 3004, "component_seeds": {"model_init_seed": 1298922563, "loader_seed": 4234259380, "query_seed": 3641520638, "dropout_seed": 3440374736}, "total_rounds": 7, "budget_denominator": {"full_train_N": 960, "requested_pool_cap": 5000, "actual_AL_pool_N": 960, "budget_plan": [10, 20, 39, 68, 96, 144, 192], "fraction_of_AL_pool": 0.2, "fraction_of_full_train": 0.2}, "policy_id": "P9", "policy_name": "PAAL", "method_version": "1.0", "is_ablation": false, "policy_config": {}, "cumulative_budget": 96, "incremental_query_count": 48, "labeled_count": 96, "labeled_ratio": 0.1, "selected_ids": ["g0003", "n0050", "T0147", "n0303", "V0175", "T0214", "n0105", "T0360", "V0323", "n0297", "g0031", "n0287", "n0071", "n0109", "n0030", "T0160", "V0028", "V0086", "n0267", "g0001", "T0272", "V0174", "n0058", "V0026", "V0097", "g0018", "g0009", "n0122", "T0379", "V0318", "n0002", "T0212", "T0063", "n0068", "T0265", "n0256", "T0222", "T0343", "n0061", "V0002", "T0363", "n0352", "T0357", "n0044", "g0005", "V0306", "n0258", "T0322"], "selected_scores": [0.022306477651000023, 0.017122391611337662, 0.01583242043852806, 0.016170186921954155, 0.016452237963676453, 0.016179250553250313, 0.014547154307365417, 0.01722588762640953, 0.018878668546676636, 0.01681772619485855, 0.0156562477350235, 0.014690548181533813, 0.016321798786520958, 0.01432044431567192, 0.014484023675322533, 0.017128031700849533, 0.015689224004745483, 0.01609068736433983, 0.015561893582344055, 0.01378633826971054, 0.01573268137872219, 0.014001747593283653, 0.013697309419512749, 0.017057567834854126, 0.0144442617893219, 0.015868380665779114, 0.015447012148797512, 0.01349632814526558, 0.01563352718949318, 0.013987849466502666, 0.013504570350050926, 0.015107326209545135, 0.014238185249269009, 0.015088669024407864, 0.014965638518333435, 0.013172237202525139, 0.015556036494672298, 0.0139608234167099, 0.013368900865316391, 0.014769963920116425, 0.014054058119654655, 0.014569374732673168, 0.014898493885993958, 0.012372501194477081, 0.015327583067119122, 0.01394576020538807, 0.012909582816064358, 0.014056551270186901], "selected_pred_fg_ratio": [0.014003753662109375, 0.01904296875, 0.013957977294921875, 0.0164337158203125, 0.0139312744140625, 0.0140380859375, 0.017971038818359375, 0.0172119140625, 0.014629364013671875, 0.015483856201171875, 0.01523590087890625, 0.0152435302734375, 0.01275634765625, 0.015850067138671875, 0.017520904541015625, 0.015140533447265625, 0.013950347900390625, 0.01969146728515625, 0.014739990234375, 0.019237518310546875, 0.012828826904296875, 0.014492034912109375, 0.015621185302734375, 0.015964508056640625, 0.013843536376953125, 0.017635345458984375, 0.014766693115234375, 0.0147552490234375, 0.012264251708984375, 0.014324188232421875, 0.0190887451171875, 0.014255523681640625, 0.018482208251953125, 0.01511383056640625, 0.01534271240234375, 0.017307281494140625, 0.015560150146484375, 0.020603179931640625, 0.0181121826171875, 0.01277923583984375, 0.017681121826171875, 0.01628875732421875, 0.018795013427734375, 0.01735687255859375, 0.014957427978515625, 0.015064239501953125, 0.014495849609375, 0.014797210693359375], "selected_pred_class_dist": [[0.9859962463378906, 0.0075836181640625, 0.006420135498046875], [0.98095703125, 0.013057708740234375, 0.005985260009765625], [0.9860420227050781, 0.009006500244140625, 0.00495147705078125], [0.9835662841796875, 0.0117950439453125, 0.004638671875], [0.9860687255859375, 0.009487152099609375, 0.004444122314453125], [0.9859619140625, 0.01068115234375, 0.00335693359375], [0.9820289611816406, 0.012622833251953125, 0.00534820556640625], [0.9827880859375, 0.013088226318359375, 0.004123687744140625], [0.9853706359863281, 0.01116943359375, 0.003459930419921875], [0.9845161437988281, 0.0112457275390625, 0.004238128662109375], [0.9847640991210938, 0.010162353515625, 0.00507354736328125], [0.9847564697265625, 0.010791778564453125, 0.004451751708984375], [0.98724365234375, 0.00977325439453125, 0.00298309326171875], [0.9841499328613281, 0.01157379150390625, 0.004276275634765625], [0.9824790954589844, 0.012744903564453125, 0.0047760009765625], [0.9848594665527344, 0.01251983642578125, 0.002620697021484375], [0.9860496520996094, 0.00921630859375, 0.004734039306640625], [0.9803085327148438, 0.01401519775390625, 0.00567626953125], [0.985260009765625, 0.011199951171875, 0.0035400390625], [0.9807624816894531, 0.013454437255859375, 0.0057830810546875], [0.9871711730957031, 0.01099395751953125, 0.001834869384765625], [0.9855079650878906, 0.01104736328125, 0.003444671630859375], [0.9843788146972656, 0.012210845947265625, 0.00341033935546875], [0.9840354919433594, 0.010448455810546875, 0.00551605224609375], [0.9861564636230469, 0.011081695556640625, 0.0027618408203125], [0.9823646545410156, 0.00992584228515625, 0.007709503173828125], [0.9852333068847656, 0.011554718017578125, 0.00321197509765625], [0.9852447509765625, 0.0100250244140625, 0.004730224609375], [0.9877357482910156, 0.0104827880859375, 0.001781463623046875], [0.9856758117675781, 0.01084136962890625, 0.003482818603515625], [0.9809112548828125, 0.014247894287109375, 0.004840850830078125], [0.9857444763183594, 0.0101776123046875, 0.004077911376953125], [0.9815177917480469, 0.011379241943359375, 0.00710296630859375], [0.9848861694335938, 0.01114654541015625, 0.00396728515625], [0.9846572875976562, 0.010589599609375, 0.00475311279296875], [0.9826927185058594, 0.013080596923828125, 0.0042266845703125], [0.9844398498535156, 0.01238250732421875, 0.003177642822265625], [0.9793968200683594, 0.015895843505859375, 0.00470733642578125], [0.9818878173828125, 0.013957977294921875, 0.004154205322265625], [0.9872207641601562, 0.010036468505859375, 0.002742767333984375], [0.9823188781738281, 0.011913299560546875, 0.005767822265625], [0.9837112426757812, 0.01200103759765625, 0.0042877197265625], [0.9812049865722656, 0.014354705810546875, 0.0044403076171875], [0.9826431274414062, 0.0125274658203125, 0.00482940673828125], [0.9850425720214844, 0.01161956787109375, 0.003337860107421875], [0.9849357604980469, 0.01195526123046875, 0.003108978271484375], [0.985504150390625, 0.010650634765625, 0.00384521484375], [0.9852027893066406, 0.009326934814453125, 0.00547027587890625]], "candidate_count": 864, "candidate_scores_path": "/groups/echambe2/gmeng/MedAL-Agent/repo/code/runs/frozen_v5/candidate_scores/refuge__P9__s3000__r4.json", "predictions_path": "", "initial_labeled_path": "/groups/echambe2/gmeng/MedAL-Agent/repo/code/runs/frozen_v5/init_sets/refuge__s3000__n10.json", "initial_labeled_ids": [], "selection_diagnostics": {"paal_ap_epochs": 200, "paal_ap_loss_mean": 1.7007458275563956e-05, "paal_ap_loss_last": 1.0587326843588842e-05, "paal_ap_val_corr": 0.8857002303820337, "paal_ap_n_train": 88, "paal_ap_n_val": 8, "paal_pred_acc_mean": 0.9906800985336304, "paal_pred_acc_std": 0.007442201022058725, "paal_score_mean": 0.009391779080033302, "paal_score_std": 0.0026069104205816984, "paal_n_clusters": 8, "paal_cluster_sizes": [124, 88, 144, 61, 175, 108, 75, 89], "paal_selected_clusters": [0, 1, 2, 3, 4, 5, 6, 7, 0, 1, 2, 3, 4, 5, 6, 7, 0, 1, 2, 3, 4, 5, 6, 7, 0, 1, 2, 3, 4, 5, 6, 7, 0, 1, 2, 3, 4, 5, 6, 7, 0, 1, 2, 3, 4, 5, 6, 7]}, "training": {"num_iters": 1000, "batch_size": 12, "lr": 0.001, "image_size": 512, "aspect_preserve": true, "resolution_policy": "longside_pad32", "preproc_cache": {"pool": "hit", "val": "hit"}, "train_runtime_sec": 1802.490040063858, "query_runtime_sec": 519.6980586051941, "iters": 3400, "stop_iter": 3400, "mean_loss": 0.12318618643207147, "last_loss": 0.025618767365813255, "stop_reason": "plateau", "hit_max_iters": false, "final_smooth_loss": 0.027949507646262646, "best_smooth_loss": 0.031234215199947356, "diverged": false, "loss_curve": [[1000, 0.10402696542441844], [1100, 0.09477295123040676], [1200, 0.08582568801939487], [1300, 0.07793715760111809], [1400, 0.07383490532636643], [1500, 0.07025864858180285], [1600, 0.06474238857626916], [1700, 0.05898910615593195], [1800, 0.05525292836129665], [1900, 0.05044942066073418], [2000, 0.05019428472965956], [2100, 0.044249973855912686], [2200, 0.0422062211856246], [2300, 0.040239093042910096], [2400, 0.03971717551350593], [2500, 0.03823810953646898], [2600, 0.036210721172392366], [2700, 0.03506560012698173], [2800, 0.03396509969606996], [2900, 0.031234215199947356], [3000, 0.030483158621937036], [3100, 0.03157777208834887], [3200, 0.03064651049673557], [3300, 0.029820339214056732], [3400, 0.027949507646262646]]}, "ckpt_id": "refuge__P9__s3000__r4", "ckpt_path": "", "ckpt_hash": "23abf9d9a35698d32dd7411c1348f6a04a6666c612bdc578808f1f06ae7a927a", "config_hash": "e840f429c53f252733967bfcca5a736d2ed0c080171d7ce6886508e2528e3140", "feature_cache_keys": {"task_unet": "task_unet_bottleneck@23abf9d9a356"}, "sam_model_type": "", "sam_checkpoint": "", "metrics": {"primary_metric": "mean_dsc_fg_case_macro", "metric_version": "v3_case_macro", "eval_scope": "case_full_volume", "mean_dsc_fg_case_macro": 0.845224707072929, "mean_dsc_fg": 0.845224707072929, "mean_dsc_fg_pooled_diagnostic": 0.8404284534784501, "dsc_per_class_pooled": [0.9988821997608376, 0.8549169777834628, 0.8259399291734373], "dsc_per_class": [0.9988821997608376, 0.8549169777834628, 0.8259399291734373], "n_cases": 120, "n_eval": 120, "structure_detection_rate": 1.0, "missed_structure_rate": 0.0}, "runtime_sec": {"train": 1802.490040063858, "eval": 2.6166939735412598, "select": 519.6980586051941}, "gpu_mem_mb": 9609.445376, "gpu_name": "Tesla V100-PCIE-32GB", "gpu_total_mem_mb": 34072.559616, "foundation": {}, "notes": ""}
