{"schema_version": "v3", "run_id": "refuge__P6__s1000", "round": 0, "dataset": "refuge", "modality": "fundus", "target": "optic_nerve_head", "dim": "2d", "query_unit": "image", "seed": 1000, "round_seed": 1000, "component_seeds": {"model_init_seed": 2989689681, "loader_seed": 4191542321, "query_seed": 2529548519, "dropout_seed": 3619692248}, "total_rounds": 7, "budget_denominator": {"full_train_N": 960, "requested_pool_cap": 5000, "actual_AL_pool_N": 960, "budget_plan": [10, 20, 39, 68, 96, 144, 192], "fraction_of_AL_pool": 0.2, "fraction_of_full_train": 0.2}, "policy_id": "P6", "policy_name": "SelectiveUncertaintyAL", "method_version": "1.0", "is_ablation": false, "policy_config": {}, "cumulative_budget": 10, "incremental_query_count": 10, "labeled_count": 10, "labeled_ratio": 0.010416666666666666, "selected_ids": ["V0193", "g0031", "V0182", "g0003", "n0129", "n0004", "T0128", "T0367", "T0371", "n0046"], "selected_scores": [0.4267895817756653, 0.3702951967716217, 0.4276866316795349, 0.36475497484207153, 0.4186835289001465, 0.3562942445278168, 0.40856611728668213, 0.35076650977134705, 0.4028703272342682, 0.4168972074985504], "selected_pred_fg_ratio": [0.041851043701171875, 0.013423919677734375, 0.0251922607421875, 0.010822296142578125, 0.025726318359375, 0.01137542724609375, 0.02902984619140625, 0.01467132568359375, 0.033985137939453125, 0.018199920654296875], "selected_pred_class_dist": [[0.9581489562988281, 0.01454925537109375, 0.027301788330078125], [0.9865760803222656, 0.007381439208984375, 0.00604248046875], [0.9748077392578125, 0.010845184326171875, 0.014347076416015625], [0.9891777038574219, 0.004711151123046875, 0.00611114501953125], [0.974273681640625, 0.013454437255859375, 0.012271881103515625], [0.9886245727539062, 0.00675201416015625, 0.0046234130859375], [0.9709701538085938, 0.00824737548828125, 0.020782470703125], [0.9853286743164062, 0.011577606201171875, 0.003093719482421875], [0.9660148620605469, 0.01324462890625, 0.020740509033203125], [0.9818000793457031, 0.00914764404296875, 0.009052276611328125]], "candidate_count": 950, "candidate_scores_path": "/groups/echambe2/gmeng/MedAL-Agent/repo/code/runs/frozen_v5/candidate_scores/refuge__P6__s1000__r0.json", "predictions_path": "", "initial_labeled_path": "/groups/echambe2/gmeng/MedAL-Agent/repo/code/runs/frozen_v5/init_sets/refuge__s1000__n10.json", "initial_labeled_ids": ["T0133", "T0195", "T0277", "T0316", "T0350", "V0050", "V0103", "g0039", "n0084", "n0163"], "selection_diagnostics": {"selu_valid_intersected": true, "selu_target_frac": 0.01708940975368023, "selu_boundary_frac": 0.00010062770161312073, "selu_score_target_mean": 0.01801428012549877, "selu_score_boundary_mean": 0.6320092678070068}, "training": {"num_iters": 1000, "batch_size": 12, "lr": 0.001, "image_size": 512, "aspect_preserve": true, "resolution_policy": "longside_pad32", "preproc_cache": {"pool": "hit", "val": "hit"}, "train_runtime_sec": 1002.3620045185089, "query_runtime_sec": 36.5052170753479, "iters": 2100, "stop_iter": 2100, "mean_loss": 0.12335474162894701, "last_loss": 0.014031711965799332, "stop_reason": "plateau", "hit_max_iters": false, "final_smooth_loss": 0.0154589500464499, "best_smooth_loss": 0.017934735985472797, "diverged": false, "loss_curve": [[1000, 0.029212776087224484], [1100, 0.025786920320242643], [1200, 0.02386704893782735], [1300, 0.022393152862787247], [1400, 0.021684448095038535], [1500, 0.02019639373756945], [1600, 0.017934735985472797], [1700, 0.01812382028438151], [1800, 0.01647783878259361], [1900, 0.01712272433564067], [2000, 0.014518418703228236], [2100, 0.0154589500464499]]}, "ckpt_id": "refuge__P6__s1000__r0", "ckpt_path": "", "ckpt_hash": "b8b1a87778656e2f4b025db14965078e2016c9e2d542775d053e7003cf990b59", "config_hash": "e840f429c53f252733967bfcca5a736d2ed0c080171d7ce6886508e2528e3140", "feature_cache_keys": {}, "sam_model_type": "", "sam_checkpoint": "", "metrics": {"primary_metric": "mean_dsc_fg_case_macro", "metric_version": "v3_case_macro", "eval_scope": "case_full_volume", "mean_dsc_fg_case_macro": 0.8033045483614689, "mean_dsc_fg": 0.8033045483614689, "mean_dsc_fg_pooled_diagnostic": 0.793782844161407, "dsc_per_class_pooled": [0.998171078050209, 0.8036266336102313, 0.7839390547125825], "dsc_per_class": [0.998171078050209, 0.8036266336102313, 0.7839390547125825], "n_cases": 120, "n_eval": 120, "structure_detection_rate": 1.0, "missed_structure_rate": 0.0}, "runtime_sec": {"train": 1002.3620045185089, "eval": 2.623530387878418, "select": 36.5052170753479}, "gpu_mem_mb": 8107.379712, "gpu_name": "Tesla V100-PCIE-32GB", "gpu_total_mem_mb": 34072.559616, "foundation": {}, "notes": ""}
{"schema_version": "v3", "run_id": "refuge__P6__s1000", "round": 1, "dataset": "refuge", "modality": "fundus", "target": "optic_nerve_head", "dim": "2d", "query_unit": "image", "seed": 1000, "round_seed": 1001, "component_seeds": {"model_init_seed": 1028625171, "loader_seed": 316625031, "query_seed": 253434028, "dropout_seed": 3317428529}, "total_rounds": 7, "budget_denominator": {"full_train_N": 960, "requested_pool_cap": 5000, "actual_AL_pool_N": 960, "budget_plan": [10, 20, 39, 68, 96, 144, 192], "fraction_of_AL_pool": 0.2, "fraction_of_full_train": 0.2}, "policy_id": "P6", "policy_name": "SelectiveUncertaintyAL", "method_version": "1.0", "is_ablation": false, "policy_config": {}, "cumulative_budget": 20, "incremental_query_count": 19, "labeled_count": 20, "labeled_ratio": 0.020833333333333332, "selected_ids": ["V0242", "T0129", "V0351", "g0016", "n0229", "n0110", "T0051", "V0265", "V0399", "T0249", "n0309", "T0188", "T0358", "n0322", "T0094", "n0083", "n0298", "T0346", "g0006"], "selected_scores": [0.35314780473709106, 0.3636372983455658, 0.34977829456329346, 0.3623068928718567, 0.33387866616249084, 0.35928064584732056, 0.3490712642669678, 0.33517026901245117, 0.34773823618888855, 0.34693124890327454, 0.3357057273387909, 0.34136950969696045, 0.33062583208084106, 0.3429222106933594, 0.32910799980163574, 0.33975428342819214, 0.33109238743782043, 0.34061187505722046, 0.3369438648223877], "selected_pred_fg_ratio": [0.016880035400390625, 0.023540496826171875, 0.01314544677734375, 0.012813568115234375, 0.020954132080078125, 0.005901336669921875, 0.017887115478515625, 0.014842987060546875, 0.017364501953125, 0.020786285400390625, 0.013214111328125, 0.00971221923828125, 0.020450592041015625, 0.012882232666015625, 0.016082763671875, 0.012096405029296875, 0.00965118408203125, 0.021770477294921875, 0.020893096923828125], "selected_pred_class_dist": [[0.9831199645996094, 0.01259613037109375, 0.004283905029296875], [0.9764595031738281, 0.018581390380859375, 0.0049591064453125], [0.9868545532226562, 0.009128570556640625, 0.004016876220703125], [0.9871864318847656, 0.007007598876953125, 0.00580596923828125], [0.9790458679199219, 0.015338897705078125, 0.005615234375], [0.9940986633300781, 0.0034942626953125, 0.002407073974609375], [0.9821128845214844, 0.012699127197265625, 0.00518798828125], [0.9851570129394531, 0.012237548828125, 0.002605438232421875], [0.982635498046875, 0.01375579833984375, 0.00360870361328125], [0.9792137145996094, 0.015270233154296875, 0.00551605224609375], [0.986785888671875, 0.009998321533203125, 0.003215789794921875], [0.9902877807617188, 0.006595611572265625, 0.003116607666015625], [0.9795494079589844, 0.016178131103515625, 0.0042724609375], [0.9871177673339844, 0.00868988037109375, 0.004192352294921875], [0.983917236328125, 0.01151275634765625, 0.00457000732421875], [0.9879035949707031, 0.00809478759765625, 0.004001617431640625], [0.9903488159179688, 0.007167816162109375, 0.002483367919921875], [0.9782295227050781, 0.015911102294921875, 0.005859375], [0.9791069030761719, 0.014301300048828125, 0.006591796875]], "candidate_count": 940, "candidate_scores_path": "/groups/echambe2/gmeng/MedAL-Agent/repo/code/runs/frozen_v5/candidate_scores/refuge__P6__s1000__r1.json", "predictions_path": "", "initial_labeled_path": "/groups/echambe2/gmeng/MedAL-Agent/repo/code/runs/frozen_v5/init_sets/refuge__s1000__n10.json", "initial_labeled_ids": [], "selection_diagnostics": {"selu_valid_intersected": true, "selu_target_frac": 0.016507476568222046, "selu_boundary_frac": 6.704533006995916e-05, "selu_score_target_mean": 0.013768364675343037, "selu_score_boundary_mean": 0.6282215714454651}, "training": {"num_iters": 1000, "batch_size": 12, "lr": 0.001, "image_size": 512, "aspect_preserve": true, "resolution_policy": "longside_pad32", "preproc_cache": {"pool": "hit", "val": "hit"}, "train_runtime_sec": 1329.5390439033508, "query_runtime_sec": 53.67137169837952, "iters": 2400, "stop_iter": 2400, "mean_loss": 0.1088374513880505, "last_loss": 0.015355536714196205, "stop_reason": "plateau", "hit_max_iters": false, "final_smooth_loss": 0.015194734539836646, "best_smooth_loss": 0.01911932901479304, "diverged": false, "loss_curve": [[1000, 0.03588070493191481], [1100, 0.03177198652178049], [1200, 0.030687772538512945], [1300, 0.027295233830809593], [1400, 0.025001147612929344], [1500, 0.02322175221517682], [1600, 0.02278926795348525], [1700, 0.02171902799978852], [1800, 0.020088927615433932], [1900, 0.01911932901479304], [2000, 0.018556406237185002], [2100, 0.01789580193348229], [2200, 0.017375994734466077], [2300, 0.01583033780567348], [2400, 0.015194734539836646]]}, "ckpt_id": "refuge__P6__s1000__r1", "ckpt_path": "", "ckpt_hash": "5d3ae6f0bcf48bd317fc09801c864596f93f5ae17fa013f3337f961eccedcce1", "config_hash": "e840f429c53f252733967bfcca5a736d2ed0c080171d7ce6886508e2528e3140", "feature_cache_keys": {}, "sam_model_type": "", "sam_checkpoint": "", "metrics": {"primary_metric": "mean_dsc_fg_case_macro", "metric_version": "v3_case_macro", "eval_scope": "case_full_volume", "mean_dsc_fg_case_macro": 0.8409894539492198, "mean_dsc_fg": 0.8409894539492198, "mean_dsc_fg_pooled_diagnostic": 0.8422830922350814, "dsc_per_class_pooled": [0.9989258446850551, 0.8546851587319061, 0.8298810257382566], "dsc_per_class": [0.9989258446850551, 0.8546851587319061, 0.8298810257382566], "n_cases": 120, "n_eval": 120, "structure_detection_rate": 1.0, "missed_structure_rate": 0.0}, "runtime_sec": {"train": 1329.5390439033508, "eval": 3.4311411380767822, "select": 53.67137169837952}, "gpu_mem_mb": 9442.588672, "gpu_name": "Tesla V100-PCIE-32GB", "gpu_total_mem_mb": 34072.559616, "foundation": {}, "notes": ""}
{"schema_version": "v3", "run_id": "refuge__P6__s1000", "round": 2, "dataset": "refuge", "modality": "fundus", "target": "optic_nerve_head", "dim": "2d", "query_unit": "image", "seed": 1000, "round_seed": 1002, "component_seeds": {"model_init_seed": 265999627, "loader_seed": 1465654863, "query_seed": 2544461518, "dropout_seed": 3552612840}, "total_rounds": 7, "budget_denominator": {"full_train_N": 960, "requested_pool_cap": 5000, "actual_AL_pool_N": 960, "budget_plan": [10, 20, 39, 68, 96, 144, 192], "fraction_of_AL_pool": 0.2, "fraction_of_full_train": 0.2}, "policy_id": "P6", "policy_name": "SelectiveUncertaintyAL", "method_version": "1.0", "is_ablation": false, "policy_config": {}, "cumulative_budget": 39, "incremental_query_count": 29, "labeled_count": 39, "labeled_ratio": 0.040625, "selected_ids": ["V0213", "V0215", "n0348", "T0025", "V0295", "n0236", "T0370", "T0360", "V0227", "T0036", "V0347", "V0197", "T0031", "V0097", "V0169", "g0030", "g0014", "T0112", "T0304", "V0039", "n0234", "V0205", "g0007", "g0017", "g0038", "T0248", "V0173", "V0151", "T0361"], "selected_scores": [0.4102649688720703, 0.41783398389816284, 0.38913285732269287, 0.38508814573287964, 0.3756740093231201, 0.37813764810562134, 0.3657463788986206, 0.3761672377586365, 0.36418360471725464, 0.35576561093330383, 0.3627556264400482, 0.371280312538147, 0.36562004685401917, 0.35134157538414, 0.3521389663219452, 0.3647199869155884, 0.3468066155910492, 0.35790887475013733, 0.3571558892726898, 0.36078977584838867, 0.33731162548065186, 0.3578045964241028, 0.35708969831466675, 0.3410540819168091, 0.35136324167251587, 0.3508589565753937, 0.33346277475357056, 0.3527819514274597, 0.35056382417678833], "selected_pred_fg_ratio": [0.024311065673828125, 0.01953887939453125, 0.01853179931640625, 0.01607513427734375, 0.019977569580078125, 0.016796112060546875, 0.019519805908203125, 0.01924896240234375, 0.019001007080078125, 0.014682769775390625, 0.031284332275390625, 0.020656585693359375, 0.0178070068359375, 0.015438079833984375, 0.01407623291015625, 0.014453887939453125, 0.018646240234375, 0.01813507080078125, 0.016002655029296875, 0.021602630615234375, 0.022739410400390625, 0.024688720703125, 0.017024993896484375, 0.015300750732421875, 0.016292572021484375, 0.0178375244140625, 0.01445770263671875, 0.017520904541015625, 0.017299652099609375], "selected_pred_class_dist": [[0.9756889343261719, 0.01044464111328125, 0.013866424560546875], [0.9804611206054688, 0.010997772216796875, 0.008541107177734375], [0.9814682006835938, 0.01369476318359375, 0.0048370361328125], [0.9839248657226562, 0.008884429931640625, 0.007190704345703125], [0.9800224304199219, 0.0146636962890625, 0.005313873291015625], [0.9832038879394531, 0.011554718017578125, 0.00524139404296875], [0.9804801940917969, 0.0118408203125, 0.007678985595703125], [0.9807510375976562, 0.0090179443359375, 0.01023101806640625], [0.9809989929199219, 0.0129852294921875, 0.006015777587890625], [0.9853172302246094, 0.010517120361328125, 0.0041656494140625], [0.9687156677246094, 0.01232147216796875, 0.018962860107421875], [0.9793434143066406, 0.014720916748046875, 0.0059356689453125], [0.9821929931640625, 0.009979248046875, 0.0078277587890625], [0.9845619201660156, 0.012012481689453125, 0.00342559814453125], [0.9859237670898438, 0.011432647705078125, 0.002643585205078125], [0.9855461120605469, 0.0086669921875, 0.005786895751953125], [0.981353759765625, 0.00934600830078125, 0.00930023193359375], [0.9818649291992188, 0.013397216796875, 0.00473785400390625], [0.9839973449707031, 0.006103515625, 0.009899139404296875], [0.9783973693847656, 0.01251983642578125, 0.009082794189453125], [0.9772605895996094, 0.01789093017578125, 0.004848480224609375], [0.975311279296875, 0.014739990234375, 0.00994873046875], [0.9829750061035156, 0.00699615478515625, 0.010028839111328125], [0.9846992492675781, 0.00897979736328125, 0.006320953369140625], [0.9837074279785156, 0.00778961181640625, 0.008502960205078125], [0.9821624755859375, 0.014453887939453125, 0.003383636474609375], [0.9855422973632812, 0.01207733154296875, 0.00238037109375], [0.9824790954589844, 0.01108551025390625, 0.006435394287109375], [0.9827003479003906, 0.014110565185546875, 0.0031890869140625]], "candidate_count": 921, "candidate_scores_path": "/groups/echambe2/gmeng/MedAL-Agent/repo/code/runs/frozen_v5/candidate_scores/refuge__P6__s1000__r2.json", "predictions_path": "", "initial_labeled_path": "/groups/echambe2/gmeng/MedAL-Agent/repo/code/runs/frozen_v5/init_sets/refuge__s1000__n10.json", "initial_labeled_ids": [], "selection_diagnostics": {"selu_valid_intersected": true, "selu_target_frac": 0.01673288643360138, "selu_boundary_frac": 9.4808274297975e-05, "selu_score_target_mean": 0.01907777227461338, "selu_score_boundary_mean": 0.6301513910293579}, "training": {"num_iters": 1000, "batch_size": 12, "lr": 0.001, "image_size": 512, "aspect_preserve": true, "resolution_policy": "longside_pad32", "preproc_cache": {"pool": "hit", "val": "hit"}, "train_runtime_sec": 1319.002106666565, "query_runtime_sec": 51.82902383804321, "iters": 2400, "stop_iter": 2400, "mean_loss": 0.15479149393582095, "last_loss": 0.02498612180352211, "stop_reason": "plateau", "hit_max_iters": false, "final_smooth_loss": 0.024328381326049565, "best_smooth_loss": 0.0291380718536675, "diverged": false, "loss_curve": [[1000, 0.055385888293385505], [1100, 0.05053478881716728], [1200, 0.04664729919284582], [1300, 0.04219920065253973], [1400, 0.04138950683176518], [1500, 0.03678973348811269], [1600, 0.03473806239664554], [1700, 0.03188147503882646], [1800, 0.030192081201821565], [1900, 0.0291380718536675], [2000, 0.027832884639501572], [2100, 0.026683692820370197], [2200, 0.024493193458765744], [2300, 0.025557514820247887], [2400, 0.024328381326049565]]}, "ckpt_id": "refuge__P6__s1000__r2", "ckpt_path": "", "ckpt_hash": "7c79a8ed5a47d08105aa69adf405167d752260a501ca61a0100971c191222216", "config_hash": "e840f429c53f252733967bfcca5a736d2ed0c080171d7ce6886508e2528e3140", "feature_cache_keys": {}, "sam_model_type": "", "sam_checkpoint": "", "metrics": {"primary_metric": "mean_dsc_fg_case_macro", "metric_version": "v3_case_macro", "eval_scope": "case_full_volume", "mean_dsc_fg_case_macro": 0.8452190935115225, "mean_dsc_fg": 0.8452190935115225, "mean_dsc_fg_pooled_diagnostic": 0.8434590652887222, "dsc_per_class_pooled": [0.998855471575696, 0.8561896364133266, 0.8307284941641176], "dsc_per_class": [0.998855471575696, 0.8561896364133266, 0.8307284941641176], "n_cases": 120, "n_eval": 120, "structure_detection_rate": 1.0, "missed_structure_rate": 0.0}, "runtime_sec": {"train": 1319.002106666565, "eval": 3.2595736980438232, "select": 51.82902383804321}, "gpu_mem_mb": 9447.225344, "gpu_name": "Tesla V100-PCIE-32GB", "gpu_total_mem_mb": 34072.559616, "foundation": {}, "notes": ""}
{"schema_version": "v3", "run_id": "refuge__P6__s1000", "round": 3, "dataset": "refuge", "modality": "fundus", "target": "optic_nerve_head", "dim": "2d", "query_unit": "image", "seed": 1000, "round_seed": 1003, "component_seeds": {"model_init_seed": 3831074496, "loader_seed": 3670334330, "query_seed": 47901082, "dropout_seed": 2333647153}, "total_rounds": 7, "budget_denominator": {"full_train_N": 960, "requested_pool_cap": 5000, "actual_AL_pool_N": 960, "budget_plan": [10, 20, 39, 68, 96, 144, 192], "fraction_of_AL_pool": 0.2, "fraction_of_full_train": 0.2}, "policy_id": "P6", "policy_name": "SelectiveUncertaintyAL", "method_version": "1.0", "is_ablation": false, "policy_config": {}, "cumulative_budget": 68, "incremental_query_count": 28, "labeled_count": 68, "labeled_ratio": 0.07083333333333333, "selected_ids": ["T0237", "n0160", "V0278", "T0315", "V0138", "V0027", "g0034", "T0294", "T0049", "g0002", "T0041", "n0006", "T0059", "n0183", "n0271", "T0064", "g0029", "T0189", "n0105", "n0106", "n0324", "T0388", "V0394", "T0223", "V0178", "T0134", "n0318", "V0149"], "selected_scores": [0.3324391543865204, 0.359036922454834, 0.3326871395111084, 0.3471498191356659, 0.33891764283180237, 0.33509624004364014, 0.33692675828933716, 0.337580144405365, 0.3378676474094391, 0.33798301219940186, 0.3285655677318573, 0.33672216534614563, 0.32754871249198914, 0.3338712751865387, 0.3266529440879822, 0.3368794620037079, 0.33491238951683044, 0.32703250646591187, 0.33334580063819885, 0.3265887498855591, 0.33465489745140076, 0.32611629366874695, 0.3272634744644165, 0.32696449756622314, 0.3296252191066742, 0.32764410972595215, 0.32603326439857483, 0.3264111280441284], "selected_pred_fg_ratio": [0.01618194580078125, 0.014575958251953125, 0.01526641845703125, 0.01172637939453125, 0.0144805908203125, 0.01604461669921875, 0.018100738525390625, 0.019134521484375, 0.019626617431640625, 0.015239715576171875, 0.015625, 0.01508331298828125, 0.021282196044921875, 0.01715850830078125, 0.0135040283203125, 0.017230987548828125, 0.013614654541015625, 0.01634979248046875, 0.018711090087890625, 0.014621734619140625, 0.01824188232421875, 0.011260986328125, 0.01590728759765625, 0.024028778076171875, 0.014080047607421875, 0.013088226318359375, 0.011425018310546875, 0.01739501953125], "selected_pred_class_dist": [[0.9838180541992188, 0.014804840087890625, 0.001377105712890625], [0.9854240417480469, 0.01174163818359375, 0.002834320068359375], [0.9847335815429688, 0.01332855224609375, 0.0019378662109375], [0.9882736206054688, 0.007843017578125, 0.00388336181640625], [0.9855194091796875, 0.01251983642578125, 0.00196075439453125], [0.9839553833007812, 0.012908935546875, 0.00313568115234375], [0.9818992614746094, 0.007781982421875, 0.010318756103515625], [0.980865478515625, 0.014339447021484375, 0.004795074462890625], [0.9803733825683594, 0.008243560791015625, 0.011383056640625], [0.9847602844238281, 0.0050048828125, 0.010234832763671875], [0.984375, 0.0135650634765625, 0.0020599365234375], [0.9849166870117188, 0.009380340576171875, 0.005702972412109375], [0.9787178039550781, 0.01506805419921875, 0.006214141845703125], [0.9828414916992188, 0.012943267822265625, 0.004215240478515625], [0.9864959716796875, 0.00930023193359375, 0.00420379638671875], [0.9827690124511719, 0.01245880126953125, 0.004772186279296875], [0.9863853454589844, 0.00589752197265625, 0.007717132568359375], [0.9836502075195312, 0.0133819580078125, 0.00296783447265625], [0.9812889099121094, 0.013393402099609375, 0.00531768798828125], [0.9853782653808594, 0.011928558349609375, 0.00269317626953125], [0.9817581176757812, 0.013240814208984375, 0.005001068115234375], [0.988739013671875, 0.009761810302734375, 0.001499176025390625], [0.9840927124023438, 0.01238250732421875, 0.0035247802734375], [0.9759712219238281, 0.00746917724609375, 0.016559600830078125], [0.9859199523925781, 0.01195526123046875, 0.002124786376953125], [0.9869117736816406, 0.01158905029296875, 0.001499176025390625], [0.9885749816894531, 0.00737762451171875, 0.004047393798828125], [0.98260498046875, 0.0086822509765625, 0.0087127685546875]], "candidate_count": 892, "candidate_scores_path": "/groups/echambe2/gmeng/MedAL-Agent/repo/code/runs/frozen_v5/candidate_scores/refuge__P6__s1000__r3.json", "predictions_path": "", "initial_labeled_path": "/groups/echambe2/gmeng/MedAL-Agent/repo/code/runs/frozen_v5/init_sets/refuge__s1000__n10.json", "initial_labeled_ids": [], "selection_diagnostics": {"selu_valid_intersected": true, "selu_target_frac": 0.016705188900232315, "selu_boundary_frac": 9.213007433572784e-05, "selu_score_target_mean": 0.018527165055274963, "selu_score_boundary_mean": 0.625754714012146}, "training": {"num_iters": 1000, "batch_size": 12, "lr": 0.001, "image_size": 512, "aspect_preserve": true, "resolution_policy": "longside_pad32", "preproc_cache": {"pool": "hit", "val": "hit"}, "train_runtime_sec": 1624.3757586479187, "query_runtime_sec": 35.34797787666321, "iters": 3000, "stop_iter": 3000, "mean_loss": 0.12706933175958693, "last_loss": 0.02458798512816429, "stop_reason": "plateau", "hit_max_iters": false, "final_smooth_loss": 0.029260799866169692, "best_smooth_loss": 0.03140650363638997, "diverged": false, "loss_curve": [[1000, 0.07768298491835594], [1100, 0.07740566890686751], [1200, 0.06592441260814667], [1300, 0.05914792578667402], [1400, 0.053141066394746306], [1500, 0.04919128265231848], [1600, 0.048155158422887326], [1700, 0.043149121813476084], [1800, 0.05116012580692768], [1900, 0.04105477370321751], [2000, 0.03908828919753432], [2100, 0.036938637532293796], [2200, 0.036227449290454385], [2300, 0.03571520106866956], [2400, 0.034215123672038314], [2500, 0.03140650363638997], [2600, 0.031145136132836343], [2700, 0.031998451240360735], [2800, 0.028480358850210906], [2900, 0.02836157264187932], [3000, 0.029260799866169692]]}, "ckpt_id": "refuge__P6__s1000__r3", "ckpt_path": "", "ckpt_hash": "b56d73b838b55ee4661a745146070fef9c028e85d225e5e414af5d2db098efb8", "config_hash": "e840f429c53f252733967bfcca5a736d2ed0c080171d7ce6886508e2528e3140", "feature_cache_keys": {}, "sam_model_type": "", "sam_checkpoint": "", "metrics": {"primary_metric": "mean_dsc_fg_case_macro", "metric_version": "v3_case_macro", "eval_scope": "case_full_volume", "mean_dsc_fg_case_macro": 0.8726490710860401, "mean_dsc_fg": 0.8726490710860401, "mean_dsc_fg_pooled_diagnostic": 0.8756397234306161, "dsc_per_class_pooled": [0.9991239643822781, 0.8830404894168774, 0.8682389574443548], "dsc_per_class": [0.9991239643822781, 0.8830404894168774, 0.8682389574443548], "n_cases": 120, "n_eval": 120, "structure_detection_rate": 1.0, "missed_structure_rate": 0.0}, "runtime_sec": {"train": 1624.3757586479187, "eval": 2.6133551597595215, "select": 35.34797787666321}, "gpu_mem_mb": 9445.455872, "gpu_name": "Tesla V100-PCIE-32GB", "gpu_total_mem_mb": 34072.559616, "foundation": {}, "notes": ""}
{"schema_version": "v3", "run_id": "refuge__P6__s1000", "round": 4, "dataset": "refuge", "modality": "fundus", "target": "optic_nerve_head", "dim": "2d", "query_unit": "image", "seed": 1000, "round_seed": 1004, "component_seeds": {"model_init_seed": 1635232385, "loader_seed": 570107477, "query_seed": 4277118228, "dropout_seed": 1981512765}, "total_rounds": 7, "budget_denominator": {"full_train_N": 960, "requested_pool_cap": 5000, "actual_AL_pool_N": 960, "budget_plan": [10, 20, 39, 68, 96, 144, 192], "fraction_of_AL_pool": 0.2, "fraction_of_full_train": 0.2}, "policy_id": "P6", "policy_name": "SelectiveUncertaintyAL", "method_version": "1.0", "is_ablation": false, "policy_config": {}, "cumulative_budget": 96, "incremental_query_count": 48, "labeled_count": 96, "labeled_ratio": 0.1, "selected_ids": ["V0386", "n0218", "n0230", "n0315", "n0254", "n0009", "n0175", "n0199", "n0311", "n0051", "g0040", "V0311", "n0354", "n0144", "g0004", "T0168", "V0253", "n0219", "n0045", "V0384", "n0143", "V0349", "n0277", "V0393", "V0186", "V0334", "n0259", "n0040", "n0037", "n0273", "T0105", "n0296", "V0204", "g0020", "T0314", "V0121", "V0243", "V0017", "T0378", "n0138", "V0380", "n0173", "V0330", "n0085", "n0327", "n0102", "n0155", "n0243"], "selected_scores": [0.328454852104187, 0.34254297614097595, 0.3260263204574585, 0.3412754237651825, 0.32626062631607056, 0.3403928577899933, 0.3263213634490967, 0.3378690183162689, 0.3263359069824219, 0.3334782123565674, 0.3258439302444458, 0.326587438583374, 0.3263009488582611, 0.3232756555080414, 0.325137734413147, 0.3231613337993622, 0.32281941175460815, 0.32511457800865173, 0.32372698187828064, 0.32287198305130005, 0.3248606324195862, 0.32284292578697205, 0.32434317469596863, 0.3249299228191376, 0.32377198338508606, 0.32398179173469543, 0.3236636221408844, 0.32360488176345825, 0.3239125907421112, 0.3238483965396881, 0.32323893904685974, 0.3242431581020355, 0.32239022850990295, 0.3243304491043091, 0.3216688930988312, 0.3245493173599243, 0.32337749004364014, 0.32479530572891235, 0.32285383343696594, 0.3245103359222412, 0.323486864566803, 0.3238429129123688, 0.322929710149765, 0.32365959882736206, 0.3244589567184448, 0.3248167037963867, 0.3238745331764221, 0.32350829243659973], "selected_pred_fg_ratio": [0.0164642333984375, 0.016021728515625, 0.018627166748046875, 0.014312744140625, 0.02053070068359375, 0.019809722900390625, 0.013462066650390625, 0.019618988037109375, 0.01596832275390625, 0.019565582275390625, 0.01879119873046875, 0.01476287841796875, 0.01958465576171875, 0.014011383056640625, 0.011749267578125, 0.0154266357421875, 0.01956939697265625, 0.01285552978515625, 0.0143890380859375, 0.01568603515625, 0.018707275390625, 0.013385772705078125, 0.01629638671875, 0.015857696533203125, 0.01647186279296875, 0.016254425048828125, 0.014850616455078125, 0.0159454345703125, 0.013187408447265625, 0.01679229736328125, 0.017887115478515625, 0.015552520751953125, 0.018733978271484375, 0.01216888427734375, 0.015651702880859375, 0.01540374755859375, 0.0162811279296875, 0.02547454833984375, 0.0142822265625, 0.016326904296875, 0.014850616455078125, 0.0145721435546875, 0.016773223876953125, 0.0166778564453125, 0.01287078857421875, 0.018215179443359375, 0.014316558837890625, 0.015956878662109375], "selected_pred_class_dist": [[0.9835357666015625, 0.013088226318359375, 0.003376007080078125], [0.983978271484375, 0.011882781982421875, 0.004138946533203125], [0.9813728332519531, 0.0118408203125, 0.006786346435546875], [0.985687255859375, 0.01148223876953125, 0.00283050537109375], [0.9794692993164062, 0.014095306396484375, 0.006435394287109375], [0.9801902770996094, 0.015178680419921875, 0.00463104248046875], [0.9865379333496094, 0.009532928466796875, 0.00392913818359375], [0.9803810119628906, 0.013660430908203125, 0.00595855712890625], [0.9840316772460938, 0.0126495361328125, 0.00331878662109375], [0.9804344177246094, 0.015560150146484375, 0.00400543212890625], [0.9812088012695312, 0.0081634521484375, 0.01062774658203125], [0.9852371215820312, 0.012638092041015625, 0.002124786376953125], [0.9804153442382812, 0.015106201171875, 0.00447845458984375], [0.9859886169433594, 0.011623382568359375, 0.00238800048828125], [0.988250732421875, 0.007930755615234375, 0.003818511962890625], [0.9845733642578125, 0.012172698974609375, 0.003253936767578125], [0.9804306030273438, 0.01494598388671875, 0.0046234130859375], [0.9871444702148438, 0.010494232177734375, 0.002361297607421875], [0.9856109619140625, 0.011806488037109375, 0.002582550048828125], [0.98431396484375, 0.012569427490234375, 0.003116607666015625], [0.981292724609375, 0.012851715087890625, 0.005855560302734375], [0.9866142272949219, 0.011180877685546875, 0.00220489501953125], [0.98370361328125, 0.012958526611328125, 0.003337860107421875], [0.9841423034667969, 0.013607025146484375, 0.00225067138671875], [0.9835281372070312, 0.01401519775390625, 0.0024566650390625], [0.9837455749511719, 0.01357269287109375, 0.002681732177734375], [0.9851493835449219, 0.011791229248046875, 0.00305938720703125], [0.9840545654296875, 0.01229095458984375, 0.00365447998046875], [0.9868125915527344, 0.0106048583984375, 0.002582550048828125], [0.9832077026367188, 0.011760711669921875, 0.005031585693359375], [0.9821128845214844, 0.013153076171875, 0.004734039306640625], [0.9844474792480469, 0.01062774658203125, 0.004924774169921875], [0.9812660217285156, 0.014339447021484375, 0.00439453125], [0.9878311157226562, 0.00890350341796875, 0.003265380859375], [0.9843482971191406, 0.013561248779296875, 0.0020904541015625], [0.9845962524414062, 0.01151275634765625, 0.0038909912109375], [0.9837188720703125, 0.013645172119140625, 0.002635955810546875], [0.9745254516601562, 0.015666961669921875, 0.009807586669921875], [0.9857177734375, 0.011791229248046875, 0.002490997314453125], [0.983673095703125, 0.012638092041015625, 0.003688812255859375], [0.9851493835449219, 0.012874603271484375, 0.00197601318359375], [0.9854278564453125, 0.011653900146484375, 0.002918243408203125], [0.9832267761230469, 0.012790679931640625, 0.0039825439453125], [0.9833221435546875, 0.012912750244140625, 0.003765106201171875], [0.9871292114257812, 0.01016998291015625, 0.0027008056640625], [0.9817848205566406, 0.014110565185546875, 0.0041046142578125], [0.9856834411621094, 0.011142730712890625, 0.003173828125], [0.9840431213378906, 0.01160430908203125, 0.004352569580078125]], "candidate_count": 864, "candidate_scores_path": "/groups/echambe2/gmeng/MedAL-Agent/repo/code/runs/frozen_v5/candidate_scores/refuge__P6__s1000__r4.json", "predictions_path": "", "initial_labeled_path": "/groups/echambe2/gmeng/MedAL-Agent/repo/code/runs/frozen_v5/init_sets/refuge__s1000__n10.json", "initial_labeled_ids": [], "selection_diagnostics": {"selu_valid_intersected": true, "selu_target_frac": 0.01677192561328411, "selu_boundary_frac": 9.039154974743724e-05, "selu_score_target_mean": 0.018476825207471848, "selu_score_boundary_mean": 0.625803530216217}, "training": {"num_iters": 1000, "batch_size": 12, "lr": 0.001, "image_size": 512, "aspect_preserve": true, "resolution_policy": "longside_pad32", "preproc_cache": {"pool": "hit", "val": "hit"}, "train_runtime_sec": 1700.2493515014648, "query_runtime_sec": 47.287532806396484, "iters": 3100, "stop_iter": 3100, "mean_loss": 0.1550700929286259, "last_loss": 0.027881702408194542, "stop_reason": "plateau", "hit_max_iters": false, "final_smooth_loss": 0.031576073095202446, "best_smooth_loss": 0.035319145806133746, "diverged": false, "loss_curve": [[1000, 0.11010788030922412], [1100, 0.09856461517512799], [1200, 0.0838393946737051], [1300, 0.0926819794625044], [1400, 0.07400120735168457], [1500, 0.06399019990116357], [1600, 0.05894905038177967], [1700, 0.053047156035900114], [1800, 0.05129419650882482], [1900, 0.04859972037374973], [2000, 0.04572438780218363], [2100, 0.04620090145617724], [2200, 0.04573206186294556], [2300, 0.04034672372043133], [2400, 0.03859618650749326], [2500, 0.036635153219103815], [2600, 0.035319145806133746], [2700, 0.034179573934525254], [2800, 0.03392280327156186], [2900, 0.032924220878630873], [3000, 0.03174187319353223], [3100, 0.031576073095202446]]}, "ckpt_id": "refuge__P6__s1000__r4", "ckpt_path": "", "ckpt_hash": "55a55bf24adbd176d3135a2023d61e7ddea75d3e961b85189c598f2ee63be19a", "config_hash": "e840f429c53f252733967bfcca5a736d2ed0c080171d7ce6886508e2528e3140", "feature_cache_keys": {}, "sam_model_type": "", "sam_checkpoint": "", "metrics": {"primary_metric": "mean_dsc_fg_case_macro", "metric_version": "v3_case_macro", "eval_scope": "case_full_volume", "mean_dsc_fg_case_macro": 0.8765475526540539, "mean_dsc_fg": 0.8765475526540539, "mean_dsc_fg_pooled_diagnostic": 0.8768819898951552, "dsc_per_class_pooled": [0.999157297018508, 0.8890569375795142, 0.8647070422107961], "dsc_per_class": [0.999157297018508, 0.8890569375795142, 0.8647070422107961], "n_cases": 120, "n_eval": 120, "structure_detection_rate": 1.0, "missed_structure_rate": 0.0}, "runtime_sec": {"train": 1700.2493515014648, "eval": 2.60966157913208, "select": 47.287532806396484}, "gpu_mem_mb": 9447.012352, "gpu_name": "Tesla V100-PCIE-32GB", "gpu_total_mem_mb": 34072.559616, "foundation": {}, "notes": ""}
