{"schema_version": "v3", "run_id": "refuge__P5__s3000", "round": 0, "dataset": "refuge", "modality": "fundus", "target": "optic_nerve_head", "dim": "2d", "query_unit": "image", "seed": 3000, "round_seed": 3000, "component_seeds": {"model_init_seed": 4268717614, "loader_seed": 3761024140, "query_seed": 1653928250, "dropout_seed": 3551934248}, "total_rounds": 7, "budget_denominator": {"full_train_N": 960, "requested_pool_cap": 5000, "actual_AL_pool_N": 960, "budget_plan": [10, 20, 39, 68, 96, 144, 192], "fraction_of_AL_pool": 0.2, "fraction_of_full_train": 0.2}, "policy_id": "P5", "policy_name": "EntropyCoreSet", "method_version": "1.0", "is_ablation": false, "policy_config": {}, "cumulative_budget": 10, "incremental_query_count": 10, "labeled_count": 10, "labeled_ratio": 0.010416666666666666, "selected_ids": ["V0193", "V0270", "T0358", "V0213", "g0005", "V0243", "T0108", "T0396", "V0074", "n0236"], "selected_scores": [0.008272948674857616, 0.0022330305073410273, 0.0026584486477077007, 0.0027919707354158163, 0.0015017837285995483, 0.002252347534522414, 0.003237896366044879, 0.0031896710861474276, 0.002575135324150324, 0.0023627954069525003], "selected_pred_fg_ratio": [0.037014007568359375, 0.029911041259765625, 0.02741241455078125, 0.024860382080078125, 0.0229949951171875, 0.024444580078125, 0.0309600830078125, 0.02297210693359375, 0.02405548095703125, 0.0248565673828125], "selected_pred_class_dist": [[0.9629859924316406, 0.023761749267578125, 0.01325225830078125], [0.9700889587402344, 0.025608062744140625, 0.004302978515625], [0.9725875854492188, 0.023845672607421875, 0.003566741943359375], [0.9751396179199219, 0.017070770263671875, 0.00778961181640625], [0.9770050048828125, 0.01728057861328125, 0.00571441650390625], [0.975555419921875, 0.0126495361328125, 0.0117950439453125], [0.9690399169921875, 0.0190887451171875, 0.011871337890625], [0.9770278930664062, 0.01882171630859375, 0.004150390625], [0.9759445190429688, 0.0198516845703125, 0.00420379638671875], [0.9751434326171875, 0.016071319580078125, 0.008785247802734375]], "candidate_count": 950, "candidate_scores_path": "/groups/echambe2/gmeng/MedAL-Agent/repo/code/runs/frozen_v5/candidate_scores/refuge__P5__s3000__r0.json", "predictions_path": "", "initial_labeled_path": "/groups/echambe2/gmeng/MedAL-Agent/repo/code/runs/frozen_v5/init_sets/refuge__s3000__n10.json", "initial_labeled_ids": ["T0008", "T0143", "T0316", "V0272", "V0365", "n0025", "n0128", "n0191", "n0275", "n0333"], "selection_diagnostics": {}, "training": {"num_iters": 1000, "batch_size": 12, "lr": 0.001, "image_size": 512, "aspect_preserve": true, "resolution_policy": "longside_pad32", "preproc_cache": {"pool": "hit", "val": "hit"}, "train_runtime_sec": 1110.7098126411438, "query_runtime_sec": 30.424245834350586, "iters": 2500, "stop_iter": 2500, "mean_loss": 0.12841658002287148, "last_loss": 0.010125958360731602, "stop_reason": "plateau", "hit_max_iters": false, "final_smooth_loss": 0.01024941297248006, "best_smooth_loss": 0.013183989059180022, "diverged": false, "loss_curve": [[1000, 0.029402162116020918], [1100, 0.026897531636059284], [1200, 0.023698864914476873], [1300, 0.02186729051172733], [1400, 0.02067216457799077], [1500, 0.018312569800764324], [1600, 0.016589431641623378], [1700, 0.015805191816762088], [1800, 0.015258662616834045], [1900, 0.01434253579005599], [2000, 0.013183989059180022], [2100, 0.012525649527087807], [2200, 0.01206049881875515], [2300, 0.010986979296430945], [2400, 0.011097920397296547], [2500, 0.01024941297248006]]}, "ckpt_id": "refuge__P5__s3000__r0", "ckpt_path": "", "ckpt_hash": "0691a5abd2e6701006530e2811d66420fb54b18a8918b51d162046f3dd4c0168", "config_hash": "e840f429c53f252733967bfcca5a736d2ed0c080171d7ce6886508e2528e3140", "feature_cache_keys": {"task_unet": "task_unet_bottleneck@0691a5abd2e6"}, "sam_model_type": "", "sam_checkpoint": "", "metrics": {"primary_metric": "mean_dsc_fg_case_macro", "metric_version": "v3_case_macro", "eval_scope": "case_full_volume", "mean_dsc_fg_case_macro": 0.7609702751929507, "mean_dsc_fg": 0.7609702751929507, "mean_dsc_fg_pooled_diagnostic": 0.749504069587229, "dsc_per_class_pooled": [0.9976396313989404, 0.769055630849768, 0.7299525083246902], "dsc_per_class": [0.9976396313989404, 0.769055630849768, 0.7299525083246902], "n_cases": 120, "n_eval": 120, "structure_detection_rate": 1.0, "missed_structure_rate": 0.0}, "runtime_sec": {"train": 1110.7098126411438, "eval": 2.612635850906372, "select": 30.424245834350586}, "gpu_mem_mb": 8107.379712, "gpu_name": "Tesla V100-PCIE-32GB", "gpu_total_mem_mb": 34072.559616, "foundation": {}, "notes": ""}
{"schema_version": "v3", "run_id": "refuge__P5__s3000", "round": 1, "dataset": "refuge", "modality": "fundus", "target": "optic_nerve_head", "dim": "2d", "query_unit": "image", "seed": 3000, "round_seed": 3001, "component_seeds": {"model_init_seed": 1368497401, "loader_seed": 724338150, "query_seed": 2939650167, "dropout_seed": 1283938365}, "total_rounds": 7, "budget_denominator": {"full_train_N": 960, "requested_pool_cap": 5000, "actual_AL_pool_N": 960, "budget_plan": [10, 20, 39, 68, 96, 144, 192], "fraction_of_AL_pool": 0.2, "fraction_of_full_train": 0.2}, "policy_id": "P5", "policy_name": "EntropyCoreSet", "method_version": "1.0", "is_ablation": false, "policy_config": {}, "cumulative_budget": 20, "incremental_query_count": 19, "labeled_count": 20, "labeled_ratio": 0.020833333333333332, "selected_ids": ["n0117", "V0242", "n0179", "T0310", "g0016", "n0097", "g0003", "n0348", "n0309", "T0304", "T0177", "T0135", "n0084", "g0002", "V0149", "V0118", "n0234", "g0038", "n0302"], "selected_scores": [0.0014947233721613884, 0.0023263893090188503, 0.0005473455530591309, 0.001393111189827323, 0.002970003057271242, 0.0009594375733286142, 0.0006332062766887248, 0.0012771503534168005, 0.0005916038644500077, 0.0006913825636729598, 0.0006430665962398052, 0.0006810760824009776, 0.000570963486097753, 0.001438369508832693, 0.0008021554676815867, 0.0005935827502980828, 0.0005925534060224891, 0.0005687433294951916, 0.0015841302229091525], "selected_pred_fg_ratio": [0.022918701171875, 0.035137176513671875, 0.016773223876953125, 0.027965545654296875, 0.022045135498046875, 0.015552520751953125, 0.013233184814453125, 0.021976470947265625, 0.013599395751953125, 0.0177764892578125, 0.018817901611328125, 0.012359619140625, 0.014842987060546875, 0.0209808349609375, 0.018520355224609375, 0.021862030029296875, 0.021968841552734375, 0.019100189208984375, 0.020084381103515625], "selected_pred_class_dist": [[0.977081298828125, 0.0177001953125, 0.005218505859375], [0.9648628234863281, 0.024261474609375, 0.010875701904296875], [0.9832267761230469, 0.013031005859375, 0.003742218017578125], [0.9720344543457031, 0.019596099853515625, 0.00836944580078125], [0.9779548645019531, 0.013599395751953125, 0.00844573974609375], [0.9844474792480469, 0.01250457763671875, 0.003047943115234375], [0.9867668151855469, 0.00974273681640625, 0.003490447998046875], [0.9780235290527344, 0.016643524169921875, 0.00533294677734375], [0.9864006042480469, 0.011383056640625, 0.002216339111328125], [0.9822235107421875, 0.013019561767578125, 0.004756927490234375], [0.9811820983886719, 0.013946533203125, 0.004871368408203125], [0.987640380859375, 0.01027679443359375, 0.00208282470703125], [0.9851570129394531, 0.012042999267578125, 0.00279998779296875], [0.9790191650390625, 0.01587677001953125, 0.00510406494140625], [0.9814796447753906, 0.015247344970703125, 0.00327301025390625], [0.9781379699707031, 0.016262054443359375, 0.0055999755859375], [0.9780311584472656, 0.01763916015625, 0.004329681396484375], [0.9808998107910156, 0.015552520751953125, 0.00354766845703125], [0.9799156188964844, 0.014469146728515625, 0.005615234375]], "candidate_count": 940, "candidate_scores_path": "/groups/echambe2/gmeng/MedAL-Agent/repo/code/runs/frozen_v5/candidate_scores/refuge__P5__s3000__r1.json", "predictions_path": "", "initial_labeled_path": "/groups/echambe2/gmeng/MedAL-Agent/repo/code/runs/frozen_v5/init_sets/refuge__s3000__n10.json", "initial_labeled_ids": [], "selection_diagnostics": {}, "training": {"num_iters": 1000, "batch_size": 12, "lr": 0.001, "image_size": 512, "aspect_preserve": true, "resolution_policy": "longside_pad32", "preproc_cache": {"pool": "hit", "val": "hit"}, "train_runtime_sec": 980.1023936271667, "query_runtime_sec": 29.11247968673706, "iters": 1900, "stop_iter": 1900, "mean_loss": 0.12264187456892901, "last_loss": 0.014510386623442173, "stop_reason": "plateau", "hit_max_iters": false, "final_smooth_loss": 0.015672132764011623, "best_smooth_loss": 0.019782661451026796, "diverged": false, "loss_curve": [[1000, 0.026349280755966903], [1100, 0.024740831814706325], [1200, 0.021839412618428467], [1300, 0.021614083647727968], [1400, 0.019782661451026796], [1500, 0.017686166642233728], [1600, 0.017672806829214096], [1700, 0.01631081865169108], [1800, 0.015346182119101286], [1900, 0.015672132764011623]]}, "ckpt_id": "refuge__P5__s3000__r1", "ckpt_path": "", "ckpt_hash": "0f4bc16a27f90ebcf2aa1e1fdb160d74b524ec41a4e3c1884bc02a6e8d7d1ceb", "config_hash": "e840f429c53f252733967bfcca5a736d2ed0c080171d7ce6886508e2528e3140", "feature_cache_keys": {"task_unet": "task_unet_bottleneck@0f4bc16a27f9"}, "sam_model_type": "", "sam_checkpoint": "", "metrics": {"primary_metric": "mean_dsc_fg_case_macro", "metric_version": "v3_case_macro", "eval_scope": "case_full_volume", "mean_dsc_fg_case_macro": 0.8178691005057516, "mean_dsc_fg": 0.8178691005057516, "mean_dsc_fg_pooled_diagnostic": 0.8136981008412665, "dsc_per_class_pooled": [0.9985611948503151, 0.8332075320291792, 0.7941886696533537], "dsc_per_class": [0.9985611948503151, 0.8332075320291792, 0.7941886696533537], "n_cases": 120, "n_eval": 120, "structure_detection_rate": 1.0, "missed_structure_rate": 0.0}, "runtime_sec": {"train": 980.1023936271667, "eval": 2.5707125663757324, "select": 29.11247968673706}, "gpu_mem_mb": 9442.588672, "gpu_name": "Tesla V100-PCIE-32GB", "gpu_total_mem_mb": 34072.559616, "foundation": {}, "notes": ""}
{"schema_version": "v3", "run_id": "refuge__P5__s3000", "round": 2, "dataset": "refuge", "modality": "fundus", "target": "optic_nerve_head", "dim": "2d", "query_unit": "image", "seed": 3000, "round_seed": 3002, "component_seeds": {"model_init_seed": 3745551808, "loader_seed": 2465835433, "query_seed": 2701088630, "dropout_seed": 1393056386}, "total_rounds": 7, "budget_denominator": {"full_train_N": 960, "requested_pool_cap": 5000, "actual_AL_pool_N": 960, "budget_plan": [10, 20, 39, 68, 96, 144, 192], "fraction_of_AL_pool": 0.2, "fraction_of_full_train": 0.2}, "policy_id": "P5", "policy_name": "EntropyCoreSet", "method_version": "1.0", "is_ablation": false, "policy_config": {}, "cumulative_budget": 39, "incremental_query_count": 29, "labeled_count": 39, "labeled_ratio": 0.040625, "selected_ids": ["g0006", "n0175", "T0078", "n0338", "V0351", "T0306", "V0261", "n0143", "V0002", "T0161", "n0056", "T0309", "V0398", "n0110", "T0360", "T0363", "g0028", "n0343", "n0190", "n0254", "V0039", "n0323", "g0025", "n0263", "n0230", "V0337", "n0004", "n0073", "T0059"], "selected_scores": [0.0010105385445058346, 0.00044299926958046854, 0.00043133337749168277, 0.0004799817397724837, 0.000908073503524065, 0.0004737711569759995, 0.0006125036743469536, 0.0004865345254074782, 0.0004493752494454384, 0.0004706704930868, 0.00042719769407995045, 0.00045028491877019405, 0.0005087177269160748, 0.00220141327008605, 0.0005340564530342817, 0.0004663887375500053, 0.0006051634554751217, 0.0005386027041822672, 0.0005419302615337074, 0.0004731984809041023, 0.00045544488239102066, 0.00043072321568615735, 0.0004327062051743269, 0.0004946154658682644, 0.0004834377614315599, 0.000474325759569183, 0.0004938936326652765, 0.00043521111365407705, 0.00086298055248335], "selected_pred_fg_ratio": [0.023956298828125, 0.0133819580078125, 0.020030975341796875, 0.02164459228515625, 0.02471923828125, 0.018390655517578125, 0.02033233642578125, 0.01984405517578125, 0.015350341796875, 0.02196502685546875, 0.016765594482421875, 0.019390106201171875, 0.0214080810546875, 0.0162506103515625, 0.02011871337890625, 0.017368316650390625, 0.015026092529296875, 0.0153045654296875, 0.01935577392578125, 0.018894195556640625, 0.023502349853515625, 0.0142669677734375, 0.01953125, 0.025394439697265625, 0.017974853515625, 0.02161407470703125, 0.012737274169921875, 0.020999908447265625, 0.024993896484375], "selected_pred_class_dist": [[0.976043701171875, 0.014942169189453125, 0.009014129638671875], [0.9866180419921875, 0.01058197021484375, 0.00279998779296875], [0.9799690246582031, 0.01581573486328125, 0.004215240478515625], [0.9783554077148438, 0.01595306396484375, 0.0056915283203125], [0.97528076171875, 0.01593780517578125, 0.00878143310546875], [0.9816093444824219, 0.012210845947265625, 0.0061798095703125], [0.9796676635742188, 0.014324188232421875, 0.006008148193359375], [0.9801559448242188, 0.015796661376953125, 0.004047393798828125], [0.984649658203125, 0.01053619384765625, 0.00481414794921875], [0.9780349731445312, 0.016407012939453125, 0.005558013916015625], [0.9832344055175781, 0.012958526611328125, 0.00380706787109375], [0.9806098937988281, 0.01427459716796875, 0.005115509033203125], [0.9785919189453125, 0.015239715576171875, 0.006168365478515625], [0.9837493896484375, 0.012603759765625, 0.0036468505859375], [0.9798812866210938, 0.0120849609375, 0.00803375244140625], [0.9826316833496094, 0.010711669921875, 0.006656646728515625], [0.9849739074707031, 0.007045745849609375, 0.0079803466796875], [0.9846954345703125, 0.011386871337890625, 0.003917694091796875], [0.9806442260742188, 0.014408111572265625, 0.004947662353515625], [0.9811058044433594, 0.014614105224609375, 0.00428009033203125], [0.9764976501464844, 0.016269683837890625, 0.007232666015625], [0.9857330322265625, 0.012065887451171875, 0.002201080322265625], [0.98046875, 0.014026641845703125, 0.005504608154296875], [0.9746055603027344, 0.016628265380859375, 0.00876617431640625], [0.982025146484375, 0.014331817626953125, 0.003643035888671875], [0.9783859252929688, 0.015872955322265625, 0.005741119384765625], [0.9872627258300781, 0.009735107421875, 0.003002166748046875], [0.9790000915527344, 0.01617431640625, 0.004825592041015625], [0.975006103515625, 0.020847320556640625, 0.004146575927734375]], "candidate_count": 921, "candidate_scores_path": "/groups/echambe2/gmeng/MedAL-Agent/repo/code/runs/frozen_v5/candidate_scores/refuge__P5__s3000__r2.json", "predictions_path": "", "initial_labeled_path": "/groups/echambe2/gmeng/MedAL-Agent/repo/code/runs/frozen_v5/init_sets/refuge__s3000__n10.json", "initial_labeled_ids": [], "selection_diagnostics": {}, "training": {"num_iters": 1000, "batch_size": 12, "lr": 0.001, "image_size": 512, "aspect_preserve": true, "resolution_policy": "longside_pad32", "preproc_cache": {"pool": "hit", "val": "hit"}, "train_runtime_sec": 1285.1774938106537, "query_runtime_sec": 30.160911083221436, "iters": 2500, "stop_iter": 2500, "mean_loss": 0.13843359475284814, "last_loss": 0.019125889986753464, "stop_reason": "plateau", "hit_max_iters": false, "final_smooth_loss": 0.020953014604747296, "best_smooth_loss": 0.025233878828585146, "diverged": false, "loss_curve": [[1000, 0.05449341502040625], [1100, 0.04650224141776562], [1200, 0.04194223683327437], [1300, 0.0379655759036541], [1400, 0.03502824619412422], [1500, 0.03304393529891968], [1600, 0.03027209287509322], [1700, 0.04706143127754331], [1800, 0.031682282611727716], [1900, 0.027622009627521038], [2000, 0.025233878828585146], [2100, 0.02420519258826971], [2200, 0.02278832210227847], [2300, 0.02211086917668581], [2400, 0.02089169843122363], [2500, 0.020953014604747296]]}, "ckpt_id": "refuge__P5__s3000__r2", "ckpt_path": "", "ckpt_hash": "d77ecd496d301d4bfd69b455cbf0995b1fb45628df6189ea1b37b429ba5ee654", "config_hash": "e840f429c53f252733967bfcca5a736d2ed0c080171d7ce6886508e2528e3140", "feature_cache_keys": {"task_unet": "task_unet_bottleneck@d77ecd496d30"}, "sam_model_type": "", "sam_checkpoint": "", "metrics": {"primary_metric": "mean_dsc_fg_case_macro", "metric_version": "v3_case_macro", "eval_scope": "case_full_volume", "mean_dsc_fg_case_macro": 0.8456009947610014, "mean_dsc_fg": 0.8456009947610014, "mean_dsc_fg_pooled_diagnostic": 0.8448639862899264, "dsc_per_class_pooled": [0.9989106498021524, 0.8611229134264439, 0.828605059153409], "dsc_per_class": [0.9989106498021524, 0.8611229134264439, 0.828605059153409], "n_cases": 120, "n_eval": 120, "structure_detection_rate": 1.0, "missed_structure_rate": 0.0}, "runtime_sec": {"train": 1285.1774938106537, "eval": 2.5745184421539307, "select": 30.160911083221436}, "gpu_mem_mb": 9447.225344, "gpu_name": "Tesla V100-PCIE-32GB", "gpu_total_mem_mb": 34072.559616, "foundation": {}, "notes": ""}
{"schema_version": "v3", "run_id": "refuge__P5__s3000", "round": 3, "dataset": "refuge", "modality": "fundus", "target": "optic_nerve_head", "dim": "2d", "query_unit": "image", "seed": 3000, "round_seed": 3003, "component_seeds": {"model_init_seed": 3579842532, "loader_seed": 3462212509, "query_seed": 3091667733, "dropout_seed": 1977868587}, "total_rounds": 7, "budget_denominator": {"full_train_N": 960, "requested_pool_cap": 5000, "actual_AL_pool_N": 960, "budget_plan": [10, 20, 39, 68, 96, 144, 192], "fraction_of_AL_pool": 0.2, "fraction_of_full_train": 0.2}, "policy_id": "P5", "policy_name": "EntropyCoreSet", "method_version": "1.0", "is_ablation": false, "policy_config": {}, "cumulative_budget": 68, "incremental_query_count": 28, "labeled_count": 68, "labeled_ratio": 0.07083333333333333, "selected_ids": ["n0278", "T0069", "V0059", "T0101", "g0040", "n0169", "n0214", "n0165", "n0162", "g0017", "n0058", "T0352", "V0049", "n0349", "n0229", "T0370", "T0243", "V0048", "n0132", "V0383", "T0063", "V0244", "T0042", "T0112", "n0164", "g0014", "T0119", "T0264"], "selected_scores": [0.0004764583718497306, 0.0004930890281684697, 0.0005332710570655763, 0.0005072232452221215, 0.00047625540173612535, 0.0004869966069236398, 0.000504197902046144, 0.0007981722010299563, 0.0005947258323431015, 0.0004995589843019843, 0.0005254006246104836, 0.00047918473137542605, 0.0004722853482235223, 0.0004995640483684838, 0.0007568521541543305, 0.0004806349170394242, 0.0005382514209486544, 0.0004990568268112838, 0.0005141088040545583, 0.000480514980154112, 0.0005542426370084286, 0.00048367437557317317, 0.0005095286178402603, 0.0005273937131278217, 0.0004887845716439188, 0.0005573367816396058, 0.0006480102892965078, 0.0005227206274867058], "selected_pred_fg_ratio": [0.017597198486328125, 0.020709991455078125, 0.02178192138671875, 0.02165985107421875, 0.016666412353515625, 0.02037811279296875, 0.0206298828125, 0.016666412353515625, 0.024547576904296875, 0.01328277587890625, 0.015872955322265625, 0.01610565185546875, 0.018917083740234375, 0.020465850830078125, 0.01690673828125, 0.020557403564453125, 0.024749755859375, 0.019329071044921875, 0.01983642578125, 0.018878936767578125, 0.02197265625, 0.018001556396484375, 0.0207366943359375, 0.020816802978515625, 0.017612457275390625, 0.019382476806640625, 0.025196075439453125, 0.020904541015625], "selected_pred_class_dist": [[0.9824028015136719, 0.01342010498046875, 0.004177093505859375], [0.9792900085449219, 0.0126495361328125, 0.008060455322265625], [0.9782180786132812, 0.015453338623046875, 0.006328582763671875], [0.9783401489257812, 0.012813568115234375, 0.008846282958984375], [0.9833335876464844, 0.007724761962890625, 0.008941650390625], [0.9796218872070312, 0.014919281005859375, 0.005458831787109375], [0.9793701171875, 0.015430450439453125, 0.005199432373046875], [0.9833335876464844, 0.013294219970703125, 0.0033721923828125], [0.9754524230957031, 0.016094207763671875, 0.008453369140625], [0.9867172241210938, 0.00794219970703125, 0.005340576171875], [0.9841270446777344, 0.011081695556640625, 0.004791259765625], [0.9838943481445312, 0.012142181396484375, 0.003963470458984375], [0.9810829162597656, 0.00972747802734375, 0.009189605712890625], [0.9795341491699219, 0.01519012451171875, 0.005275726318359375], [0.98309326171875, 0.012325286865234375, 0.004581451416015625], [0.9794425964355469, 0.01267242431640625, 0.007884979248046875], [0.975250244140625, 0.01651763916015625, 0.00823211669921875], [0.9806709289550781, 0.012660980224609375, 0.0066680908203125], [0.98016357421875, 0.014476776123046875, 0.005359649658203125], [0.9811210632324219, 0.008392333984375, 0.010486602783203125], [0.97802734375, 0.012516021728515625, 0.009456634521484375], [0.9819984436035156, 0.01227569580078125, 0.005725860595703125], [0.9792633056640625, 0.015380859375, 0.0053558349609375], [0.9791831970214844, 0.012653350830078125, 0.0081634521484375], [0.9823875427246094, 0.012683868408203125, 0.0049285888671875], [0.9806175231933594, 0.0105133056640625, 0.008869171142578125], [0.9748039245605469, 0.011043548583984375, 0.01415252685546875], [0.979095458984375, 0.01490020751953125, 0.00600433349609375]], "candidate_count": 892, "candidate_scores_path": "/groups/echambe2/gmeng/MedAL-Agent/repo/code/runs/frozen_v5/candidate_scores/refuge__P5__s3000__r3.json", "predictions_path": "", "initial_labeled_path": "/groups/echambe2/gmeng/MedAL-Agent/repo/code/runs/frozen_v5/init_sets/refuge__s3000__n10.json", "initial_labeled_ids": [], "selection_diagnostics": {}, "training": {"num_iters": 1000, "batch_size": 12, "lr": 0.001, "image_size": 512, "aspect_preserve": true, "resolution_policy": "longside_pad32", "preproc_cache": {"pool": "hit", "val": "hit"}, "train_runtime_sec": 1741.9469773769379, "query_runtime_sec": 28.3624370098114, "iters": 3400, "stop_iter": 3400, "mean_loss": 0.14524258507360868, "last_loss": 0.024212053045630455, "stop_reason": "plateau", "hit_max_iters": false, "final_smooth_loss": 0.027682545334100722, "best_smooth_loss": 0.031398746352642774, "diverged": false, "loss_curve": [[1000, 0.1206004074960947], [1100, 0.11006512731313706], [1200, 0.09786197133362293], [1300, 0.08862602099776268], [1400, 0.0817495995759964], [1500, 0.07814504615962506], [1600, 0.0636981514468789], [1700, 0.0628940512984991], [1800, 0.056029238775372504], [1900, 0.052093819193542], [2000, 0.04814993403851986], [2100, 0.04638031292706728], [2200, 0.04174036905169487], [2300, 0.040082799717783925], [2400, 0.037706908509135245], [2500, 0.03674030218273401], [2600, 0.03581332651898265], [2700, 0.036111069470644], [2800, 0.03273560274392366], [2900, 0.031398746352642774], [3000, 0.03085477329790592], [3100, 0.02898495176807046], [3200, 0.027698009200394155], [3300, 0.028461303003132342], [3400, 0.027682545334100722]]}, "ckpt_id": "refuge__P5__s3000__r3", "ckpt_path": "", "ckpt_hash": "8125a892b9d66c485ebefff9357a9a53f98ff943f1de593c9e33e63b6a5ec47b", "config_hash": "e840f429c53f252733967bfcca5a736d2ed0c080171d7ce6886508e2528e3140", "feature_cache_keys": {"task_unet": "task_unet_bottleneck@8125a892b9d6"}, "sam_model_type": "", "sam_checkpoint": "", "metrics": {"primary_metric": "mean_dsc_fg_case_macro", "metric_version": "v3_case_macro", "eval_scope": "case_full_volume", "mean_dsc_fg_case_macro": 0.8494533724098371, "mean_dsc_fg": 0.8494533724098371, "mean_dsc_fg_pooled_diagnostic": 0.8534395095357619, "dsc_per_class_pooled": [0.9989907715843364, 0.8637566708664178, 0.8431223482051059], "dsc_per_class": [0.9989907715843364, 0.8637566708664178, 0.8431223482051059], "n_cases": 120, "n_eval": 120, "structure_detection_rate": 1.0, "missed_structure_rate": 0.0}, "runtime_sec": {"train": 1741.9469773769379, "eval": 2.574472188949585, "select": 28.3624370098114}, "gpu_mem_mb": 9445.455872, "gpu_name": "Tesla V100-PCIE-32GB", "gpu_total_mem_mb": 34072.559616, "foundation": {}, "notes": ""}
{"schema_version": "v3", "run_id": "refuge__P5__s3000", "round": 4, "dataset": "refuge", "modality": "fundus", "target": "optic_nerve_head", "dim": "2d", "query_unit": "image", "seed": 3000, "round_seed": 3004, "component_seeds": {"model_init_seed": 1298922563, "loader_seed": 4234259380, "query_seed": 3641520638, "dropout_seed": 3440374736}, "total_rounds": 7, "budget_denominator": {"full_train_N": 960, "requested_pool_cap": 5000, "actual_AL_pool_N": 960, "budget_plan": [10, 20, 39, 68, 96, 144, 192], "fraction_of_AL_pool": 0.2, "fraction_of_full_train": 0.2}, "policy_id": "P5", "policy_name": "EntropyCoreSet", "method_version": "1.0", "is_ablation": false, "policy_config": {}, "cumulative_budget": 96, "incremental_query_count": 48, "labeled_count": 96, "labeled_ratio": 0.1, "selected_ids": ["n0022", "n0352", "g0011", "g0023", "g0033", "T0381", "T0298", "n0085", "n0245", "g0035", "n0039", "n0180", "g0022", "n0023", "n0285", "n0178", "n0210", "n0321", "n0329", "g0018", "n0247", "n0306", "T0157", "n0213", "n0101", "V0098", "n0043", "n0003", "n0193", "n0337", "n0153", "n0255", "n0077", "n0030", "n0218", "n0002", "n0013", "g0001", "T0082", "T0217", "n0105", "g0008", "n0086", "V0205", "n0296", "n0262", "T0365", "V0335"], "selected_scores": [0.0004535546468105167, 0.00042307539843022823, 0.0004189868050161749, 0.0005269878311082721, 0.00042001742986030877, 0.00041485726251266897, 0.0004394480783957988, 0.0004449988773558289, 0.0005164992762729526, 0.0004148378793615848, 0.00043732047197408974, 0.000422534387325868, 0.00048508166219107807, 0.0004353316908236593, 0.00041198759572580457, 0.0004093741881661117, 0.00041689470526762307, 0.0005100976559333503, 0.00047470867866650224, 0.0004305655602365732, 0.0004618165548890829, 0.00041199178667739034, 0.0004094532341696322, 0.00042930402560159564, 0.00043277518125250936, 0.0005140454741194844, 0.00042848053271882236, 0.0009303870610892773, 0.00044781569158658385, 0.0004483582160901278, 0.0004375187854748219, 0.0004493004234973341, 0.0004289924108888954, 0.0004385414649732411, 0.00041431712452322245, 0.00041933299507945776, 0.00043823535088449717, 0.0005517821991816163, 0.0004102843231521547, 0.0004472491273190826, 0.000422217242885381, 0.00047147079021669924, 0.00044050326687283814, 0.0004827415104955435, 0.0004877468745689839, 0.00048790633445605636, 0.0004560758243314922, 0.00040924781933426857], "selected_pred_fg_ratio": [0.021137237548828125, 0.017009735107421875, 0.016521453857421875, 0.022426605224609375, 0.018039703369140625, 0.018726348876953125, 0.019901275634765625, 0.018558502197265625, 0.021636962890625, 0.01790618896484375, 0.020130157470703125, 0.014629364013671875, 0.022083282470703125, 0.020511627197265625, 0.01868438720703125, 0.019374847412109375, 0.0193023681640625, 0.019939422607421875, 0.0188446044921875, 0.0152740478515625, 0.01903533935546875, 0.01964569091796875, 0.0204010009765625, 0.020320892333984375, 0.01876068115234375, 0.025234222412109375, 0.017269134521484375, 0.01020050048828125, 0.01946258544921875, 0.018817901611328125, 0.0185089111328125, 0.021480560302734375, 0.020153045654296875, 0.0177154541015625, 0.01731109619140625, 0.02032470703125, 0.0159149169921875, 0.020572662353515625, 0.015254974365234375, 0.021759033203125, 0.018123626708984375, 0.020702362060546875, 0.018505096435546875, 0.024509429931640625, 0.015224456787109375, 0.02521514892578125, 0.020473480224609375, 0.01847076416015625], "selected_pred_class_dist": [[0.9788627624511719, 0.015003204345703125, 0.006134033203125], [0.9829902648925781, 0.012500762939453125, 0.00450897216796875], [0.9834785461425781, 0.011920928955078125, 0.00460052490234375], [0.9775733947753906, 0.01517486572265625, 0.007251739501953125], [0.9819602966308594, 0.0127105712890625, 0.005329132080078125], [0.9812736511230469, 0.01290130615234375, 0.005825042724609375], [0.9800987243652344, 0.012264251708984375, 0.00763702392578125], [0.9814414978027344, 0.01526641845703125, 0.003292083740234375], [0.978363037109375, 0.015026092529296875, 0.006610870361328125], [0.9820938110351562, 0.010833740234375, 0.00707244873046875], [0.9798698425292969, 0.014965057373046875, 0.00516510009765625], [0.9853706359863281, 0.010623931884765625, 0.00400543212890625], [0.9779167175292969, 0.015411376953125, 0.006671905517578125], [0.9794883728027344, 0.015331268310546875, 0.00518035888671875], [0.9813156127929688, 0.013500213623046875, 0.005184173583984375], [0.9806251525878906, 0.0140228271484375, 0.005352020263671875], [0.9806976318359375, 0.0146636962890625, 0.004638671875], [0.9800605773925781, 0.015254974365234375, 0.0046844482421875], [0.9811553955078125, 0.014312744140625, 0.0045318603515625], [0.9847259521484375, 0.006153106689453125, 0.009120941162109375], [0.9809646606445312, 0.014095306396484375, 0.004940032958984375], [0.9803543090820312, 0.0160064697265625, 0.00363922119140625], [0.9795989990234375, 0.01519012451171875, 0.00521087646484375], [0.9796791076660156, 0.015583038330078125, 0.00473785400390625], [0.9812393188476562, 0.01422882080078125, 0.0045318603515625], [0.9747657775878906, 0.013370513916015625, 0.01186370849609375], [0.9827308654785156, 0.011623382568359375, 0.005645751953125], [0.9897994995117188, 0.00727081298828125, 0.0029296875], [0.9805374145507812, 0.0153350830078125, 0.00412750244140625], [0.9811820983886719, 0.0148773193359375, 0.003940582275390625], [0.9814910888671875, 0.01427459716796875, 0.00423431396484375], [0.9785194396972656, 0.01601409912109375, 0.005466461181640625], [0.9798469543457031, 0.01505279541015625, 0.005100250244140625], [0.9822845458984375, 0.012615203857421875, 0.005100250244140625], [0.9826889038085938, 0.01270294189453125, 0.004608154296875], [0.97967529296875, 0.016139984130859375, 0.004184722900390625], [0.9840850830078125, 0.011241912841796875, 0.004673004150390625], [0.9794273376464844, 0.01424407958984375, 0.006328582763671875], [0.9847450256347656, 0.011089324951171875, 0.0041656494140625], [0.978240966796875, 0.013004302978515625, 0.008754730224609375], [0.9818763732910156, 0.013965606689453125, 0.00415802001953125], [0.9792976379394531, 0.0160980224609375, 0.004604339599609375], [0.9814949035644531, 0.013553619384765625, 0.00495147705078125], [0.9754905700683594, 0.01526641845703125, 0.009243011474609375], [0.9847755432128906, 0.01090240478515625, 0.004322052001953125], [0.9747848510742188, 0.017459869384765625, 0.007755279541015625], [0.9795265197753906, 0.014308929443359375, 0.00616455078125], [0.9815292358398438, 0.01334381103515625, 0.005126953125]], "candidate_count": 864, "candidate_scores_path": "/groups/echambe2/gmeng/MedAL-Agent/repo/code/runs/frozen_v5/candidate_scores/refuge__P5__s3000__r4.json", "predictions_path": "", "initial_labeled_path": "/groups/echambe2/gmeng/MedAL-Agent/repo/code/runs/frozen_v5/init_sets/refuge__s3000__n10.json", "initial_labeled_ids": [], "selection_diagnostics": {}, "training": {"num_iters": 1000, "batch_size": 12, "lr": 0.001, "image_size": 512, "aspect_preserve": true, "resolution_policy": "longside_pad32", "preproc_cache": {"pool": "hit", "val": "hit"}, "train_runtime_sec": 1742.3749272823334, "query_runtime_sec": 28.007402181625366, "iters": 3400, "stop_iter": 3400, "mean_loss": 0.13694063478806878, "last_loss": 0.02401803992688656, "stop_reason": "plateau", "hit_max_iters": false, "final_smooth_loss": 0.028382052723318337, "best_smooth_loss": 0.03189186524599791, "diverged": false, "loss_curve": [[1000, 0.12474842540919781], [1100, 0.11147595539689065], [1200, 0.10147518001496791], [1300, 0.08931123830378056], [1400, 0.08535323180258274], [1500, 0.07724748481065034], [1600, 0.06817258682101965], [1700, 0.060361582674086096], [1800, 0.05862512674182654], [1900, 0.05028266131877899], [2000, 0.04868769396096468], [2100, 0.04769420016556978], [2200, 0.04366388157010079], [2300, 0.04206538327038288], [2400, 0.040199470352381465], [2500, 0.038579069674015046], [2600, 0.03596775470301509], [2700, 0.035340294148772954], [2800, 0.03393031634390354], [2900, 0.03189186524599791], [3000, 0.031659082155674693], [3100, 0.03022604277357459], [3200, 0.02995452543720603], [3300, 0.034475384056568144], [3400, 0.028382052723318337]]}, "ckpt_id": "refuge__P5__s3000__r4", "ckpt_path": "", "ckpt_hash": "57c6d0c40ebaf16a27a05f4473f34cb5b3f3073cdb0459950654698b97d6dfee", "config_hash": "e840f429c53f252733967bfcca5a736d2ed0c080171d7ce6886508e2528e3140", "feature_cache_keys": {"task_unet": "task_unet_bottleneck@57c6d0c40eba"}, "sam_model_type": "", "sam_checkpoint": "", "metrics": {"primary_metric": "mean_dsc_fg_case_macro", "metric_version": "v3_case_macro", "eval_scope": "case_full_volume", "mean_dsc_fg_case_macro": 0.8590099579887531, "mean_dsc_fg": 0.8590099579887531, "mean_dsc_fg_pooled_diagnostic": 0.8631946560068603, "dsc_per_class_pooled": [0.9990529499112948, 0.8730548277420128, 0.8533344842717078], "dsc_per_class": [0.9990529499112948, 0.8730548277420128, 0.8533344842717078], "n_cases": 120, "n_eval": 120, "structure_detection_rate": 1.0, "missed_structure_rate": 0.0}, "runtime_sec": {"train": 1742.3749272823334, "eval": 2.4409265518188477, "select": 28.007402181625366}, "gpu_mem_mb": 9447.012352, "gpu_name": "Tesla V100-PCIE-32GB", "gpu_total_mem_mb": 34072.559616, "foundation": {}, "notes": ""}
