{"schema_version": "v3", "run_id": "refuge__P1__s3000", "round": 0, "dataset": "refuge", "modality": "fundus", "target": "optic_nerve_head", "dim": "2d", "query_unit": "image", "seed": 3000, "round_seed": 3000, "component_seeds": {"model_init_seed": 4268717614, "loader_seed": 3761024140, "query_seed": 1653928250, "dropout_seed": 3551934248}, "total_rounds": 7, "budget_denominator": {"full_train_N": 960, "requested_pool_cap": 5000, "actual_AL_pool_N": 960, "budget_plan": [10, 20, 39, 68, 96, 144, 192], "fraction_of_AL_pool": 0.2, "fraction_of_full_train": 0.2}, "policy_id": "P1", "policy_name": "EntropyFull", "method_version": "1.0", "is_ablation": false, "policy_config": {}, "cumulative_budget": 10, "incremental_query_count": 10, "labeled_count": 10, "labeled_ratio": 0.010416666666666666, "selected_ids": ["V0193", "T0035", "T0198", "T0389", "T0121", "V0005", "V0117", "V0189", "V0176", "T0306"], "selected_scores": [0.008272948674857616, 0.003822521772235632, 0.0037063658237457275, 0.003698201384395361, 0.0036467029713094234, 0.0035209464840590954, 0.0034617662895470858, 0.0034224798437207937, 0.003410845994949341, 0.003281795885413885], "selected_pred_fg_ratio": [0.037014007568359375, 0.0310516357421875, 0.0286407470703125, 0.03528594970703125, 0.022251129150390625, 0.033977508544921875, 0.030925750732421875, 0.029689788818359375, 0.0267181396484375, 0.034809112548828125], "selected_pred_class_dist": [[0.9629859924316406, 0.023761749267578125, 0.01325225830078125], [0.9689483642578125, 0.0189666748046875, 0.0120849609375], [0.9713592529296875, 0.01576995849609375, 0.01287078857421875], [0.9647140502929688, 0.02190399169921875, 0.0133819580078125], [0.9777488708496094, 0.0187530517578125, 0.003498077392578125], [0.9660224914550781, 0.021656036376953125, 0.01232147216796875], [0.9690742492675781, 0.0185699462890625, 0.012355804443359375], [0.9703102111816406, 0.01718902587890625, 0.012500762939453125], [0.9732818603515625, 0.018589019775390625, 0.008129119873046875], [0.9651908874511719, 0.022441864013671875, 0.01236724853515625]], "candidate_count": 950, "candidate_scores_path": "/groups/echambe2/gmeng/MedAL-Agent/repo/code/runs/frozen_v5/candidate_scores/refuge__P1__s3000__r0.json", "predictions_path": "", "initial_labeled_path": "/groups/echambe2/gmeng/MedAL-Agent/repo/code/runs/frozen_v5/init_sets/refuge__s3000__n10.json", "initial_labeled_ids": ["T0008", "T0143", "T0316", "V0272", "V0365", "n0025", "n0128", "n0191", "n0275", "n0333"], "selection_diagnostics": {}, "training": {"num_iters": 1000, "batch_size": 12, "lr": 0.001, "image_size": 512, "aspect_preserve": true, "resolution_policy": "longside_pad32", "preproc_cache": {"pool": "hit", "val": "hit"}, "train_runtime_sec": 1137.404865026474, "query_runtime_sec": 24.728591680526733, "iters": 2500, "stop_iter": 2500, "mean_loss": 0.12841658002287148, "last_loss": 0.010125958360731602, "stop_reason": "plateau", "hit_max_iters": false, "final_smooth_loss": 0.01024941297248006, "best_smooth_loss": 0.013183989059180022, "diverged": false, "loss_curve": [[1000, 0.029402162116020918], [1100, 0.026897531636059284], [1200, 0.023698864914476873], [1300, 0.02186729051172733], [1400, 0.02067216457799077], [1500, 0.018312569800764324], [1600, 0.016589431641623378], [1700, 0.015805191816762088], [1800, 0.015258662616834045], [1900, 0.01434253579005599], [2000, 0.013183989059180022], [2100, 0.012525649527087807], [2200, 0.01206049881875515], [2300, 0.010986979296430945], [2400, 0.011097920397296547], [2500, 0.01024941297248006]]}, "ckpt_id": "refuge__P1__s3000__r0", "ckpt_path": "", "ckpt_hash": "0691a5abd2e6701006530e2811d66420fb54b18a8918b51d162046f3dd4c0168", "config_hash": "e840f429c53f252733967bfcca5a736d2ed0c080171d7ce6886508e2528e3140", "feature_cache_keys": {}, "sam_model_type": "", "sam_checkpoint": "", "metrics": {"primary_metric": "mean_dsc_fg_case_macro", "metric_version": "v3_case_macro", "eval_scope": "case_full_volume", "mean_dsc_fg_case_macro": 0.7609702751929507, "mean_dsc_fg": 0.7609702751929507, "mean_dsc_fg_pooled_diagnostic": 0.749504069587229, "dsc_per_class_pooled": [0.9976396313989404, 0.769055630849768, 0.7299525083246902], "dsc_per_class": [0.9976396313989404, 0.769055630849768, 0.7299525083246902], "n_cases": 120, "n_eval": 120, "structure_detection_rate": 1.0, "missed_structure_rate": 0.0}, "runtime_sec": {"train": 1137.404865026474, "eval": 2.656796932220459, "select": 24.728591680526733}, "gpu_mem_mb": 8107.379712, "gpu_name": "Tesla V100-PCIE-32GB", "gpu_total_mem_mb": 34072.559616, "foundation": {}, "notes": ""}
{"schema_version": "v3", "run_id": "refuge__P1__s3000", "round": 1, "dataset": "refuge", "modality": "fundus", "target": "optic_nerve_head", "dim": "2d", "query_unit": "image", "seed": 3000, "round_seed": 3001, "component_seeds": {"model_init_seed": 1368497401, "loader_seed": 724338150, "query_seed": 2939650167, "dropout_seed": 1283938365}, "total_rounds": 7, "budget_denominator": {"full_train_N": 960, "requested_pool_cap": 5000, "actual_AL_pool_N": 960, "budget_plan": [10, 20, 39, 68, 96, 144, 192], "fraction_of_AL_pool": 0.2, "fraction_of_full_train": 0.2}, "policy_id": "P1", "policy_name": "EntropyFull", "method_version": "1.0", "is_ablation": false, "policy_config": {}, "cumulative_budget": 20, "incremental_query_count": 19, "labeled_count": 20, "labeled_ratio": 0.020833333333333332, "selected_ids": ["T0070", "V0242", "T0223", "n0309", "T0025", "T0119", "T0360", "g0005", "n0110", "V0213", "T0094", "n0348", "V0347", "n0302", "n0311", "V0351", "T0358", "T0080", "g0016"], "selected_scores": [0.004629186354577541, 0.0025611822493374348, 0.001870913547463715, 0.0016147292917594314, 0.0014216843992471695, 0.0013741363072767854, 0.0012906588381156325, 0.0012826032470911741, 0.0012457302073016763, 0.0011920572724193335, 0.0011815540492534637, 0.0011427656281739473, 0.0010548204882070422, 0.000983459292910993, 0.0009319648961536586, 0.0009210327407345176, 0.000920332910027355, 0.0008801608928479254, 0.0008786996477283537], "selected_pred_fg_ratio": [0.0126190185546875, 0.01589202880859375, 0.02581787109375, 0.01813507080078125, 0.017871856689453125, 0.02320098876953125, 0.026744842529296875, 0.01593780517578125, 0.012432098388671875, 0.014278411865234375, 0.0176544189453125, 0.020843505859375, 0.027252197265625, 0.01810455322265625, 0.01282501220703125, 0.017421722412109375, 0.02083587646484375, 0.020488739013671875, 0.01564788818359375], "selected_pred_class_dist": [[0.9873809814453125, 0.009765625, 0.0028533935546875], [0.9841079711914062, 0.0105743408203125, 0.00531768798828125], [0.97418212890625, 0.016635894775390625, 0.009181976318359375], [0.9818649291992188, 0.014232635498046875, 0.003902435302734375], [0.9821281433105469, 0.011531829833984375, 0.00634002685546875], [0.9767990112304688, 0.01557159423828125, 0.00762939453125], [0.9732551574707031, 0.022491455078125, 0.004253387451171875], [0.9840621948242188, 0.01189422607421875, 0.0040435791015625], [0.9875679016113281, 0.009307861328125, 0.003124237060546875], [0.9857215881347656, 0.0087127685546875, 0.005565643310546875], [0.9823455810546875, 0.015045166015625, 0.0026092529296875], [0.979156494140625, 0.014911651611328125, 0.005931854248046875], [0.972747802734375, 0.018360137939453125, 0.008892059326171875], [0.9818954467773438, 0.01216888427734375, 0.0059356689453125], [0.9871749877929688, 0.009464263916015625, 0.003360748291015625], [0.9825782775878906, 0.011333465576171875, 0.0060882568359375], [0.9791641235351562, 0.01718902587890625, 0.0036468505859375], [0.9795112609863281, 0.01355743408203125, 0.006931304931640625], [0.9843521118164062, 0.011859893798828125, 0.003787994384765625]], "candidate_count": 940, "candidate_scores_path": "/groups/echambe2/gmeng/MedAL-Agent/repo/code/runs/frozen_v5/candidate_scores/refuge__P1__s3000__r1.json", "predictions_path": "", "initial_labeled_path": "/groups/echambe2/gmeng/MedAL-Agent/repo/code/runs/frozen_v5/init_sets/refuge__s3000__n10.json", "initial_labeled_ids": [], "selection_diagnostics": {}, "training": {"num_iters": 1000, "batch_size": 12, "lr": 0.001, "image_size": 512, "aspect_preserve": true, "resolution_policy": "longside_pad32", "preproc_cache": {"pool": "hit", "val": "hit"}, "train_runtime_sec": 1216.4913687705994, "query_runtime_sec": 28.222787380218506, "iters": 2300, "stop_iter": 2300, "mean_loss": 0.09895775974829397, "last_loss": 0.008927074261009693, "stop_reason": "plateau", "hit_max_iters": false, "final_smooth_loss": 0.009671857063658536, "best_smooth_loss": 0.012717968253418803, "diverged": false, "loss_curve": [[1000, 0.022937323730438948], [1100, 0.02152217995375395], [1200, 0.019631081009283662], [1300, 0.017786967046558858], [1400, 0.01644226017408073], [1500, 0.01555772928521037], [1600, 0.014250765861943364], [1700, 0.013496047435328364], [1800, 0.012717968253418803], [1900, 0.012268558470532298], [2000, 0.011150425178930163], [2100, 0.010541654657572508], [2200, 0.010109686832875013], [2300, 0.009671857063658536]]}, "ckpt_id": "refuge__P1__s3000__r1", "ckpt_path": "", "ckpt_hash": "11d224893bb240410f78bb6db5e204c03d4072d2d82e3db93f975f5e4cb3aeb3", "config_hash": "e840f429c53f252733967bfcca5a736d2ed0c080171d7ce6886508e2528e3140", "feature_cache_keys": {}, "sam_model_type": "", "sam_checkpoint": "", "metrics": {"primary_metric": "mean_dsc_fg_case_macro", "metric_version": "v3_case_macro", "eval_scope": "case_full_volume", "mean_dsc_fg_case_macro": 0.8261515239927725, "mean_dsc_fg": 0.8261515239927725, "mean_dsc_fg_pooled_diagnostic": 0.821503836759487, "dsc_per_class_pooled": [0.9986587274082942, 0.839053627271483, 0.803954046247491], "dsc_per_class": [0.9986587274082942, 0.839053627271483, 0.803954046247491], "n_cases": 120, "n_eval": 120, "structure_detection_rate": 1.0, "missed_structure_rate": 0.0}, "runtime_sec": {"train": 1216.4913687705994, "eval": 2.655087471008301, "select": 28.222787380218506}, "gpu_mem_mb": 9442.588672, "gpu_name": "Tesla V100-PCIE-32GB", "gpu_total_mem_mb": 34072.559616, "foundation": {}, "notes": ""}
{"schema_version": "v3", "run_id": "refuge__P1__s3000", "round": 2, "dataset": "refuge", "modality": "fundus", "target": "optic_nerve_head", "dim": "2d", "query_unit": "image", "seed": 3000, "round_seed": 3002, "component_seeds": {"model_init_seed": 3745551808, "loader_seed": 2465835433, "query_seed": 2701088630, "dropout_seed": 1393056386}, "total_rounds": 7, "budget_denominator": {"full_train_N": 960, "requested_pool_cap": 5000, "actual_AL_pool_N": 960, "budget_plan": [10, 20, 39, 68, 96, 144, 192], "fraction_of_AL_pool": 0.2, "fraction_of_full_train": 0.2}, "policy_id": "P1", "policy_name": "EntropyFull", "method_version": "1.0", "is_ablation": false, "policy_config": {}, "cumulative_budget": 39, "incremental_query_count": 29, "labeled_count": 39, "labeled_ratio": 0.040625, "selected_ids": ["V0097", "n0298", "n0117", "T0149", "T0049", "V0332", "V0169", "T0215", "V0277", "T0064", "n0003", "V0143", "T0135", "g0014", "n0008", "T0036", "n0116", "n0088", "V0138", "g0006", "T0107", "n0214", "T0188", "g0035", "T0129", "T0120", "T0023", "T0051", "T0060"], "selected_scores": [0.005822143517434597, 0.002885993104428053, 0.001827854197472334, 0.0015305859269574285, 0.0014882563846185803, 0.0014091142220422626, 0.0013292510993778706, 0.0013007901143282652, 0.0012509624939411879, 0.001148038194514811, 0.0011242255568504333, 0.0010483715450391173, 0.001031352556310594, 0.0010173813207075, 0.0010009186808019876, 0.0009922184981405735, 0.0009862255537882447, 0.0009830996859818697, 0.0009813793003559113, 0.0009686318226158619, 0.0009542693733237684, 0.0009459420689381659, 0.0009306431165896356, 0.0009249836439266801, 0.0009025181061588228, 0.0008989583002403378, 0.0008901499677449465, 0.0008900028769858181, 0.0008849421865306795], "selected_pred_fg_ratio": [0.014965057373046875, 0.012577056884765625, 0.019252777099609375, 0.014255523681640625, 0.02044677734375, 0.019134521484375, 0.015838623046875, 0.01398468017578125, 0.0179595947265625, 0.01802825927734375, 0.01080322265625, 0.016239166259765625, 0.013935089111328125, 0.020050048828125, 0.018886566162109375, 0.019840240478515625, 0.015048980712890625, 0.016567230224609375, 0.013683319091796875, 0.024204254150390625, 0.017635345458984375, 0.021755218505859375, 0.01502227783203125, 0.017467498779296875, 0.028507232666015625, 0.01477813720703125, 0.0139312744140625, 0.019989013671875, 0.0150299072265625], "selected_pred_class_dist": [[0.9850349426269531, 0.0089111328125, 0.006053924560546875], [0.9874229431152344, 0.009693145751953125, 0.0028839111328125], [0.9807472229003906, 0.0164794921875, 0.002773284912109375], [0.9857444763183594, 0.009616851806640625, 0.004638671875], [0.97955322265625, 0.008457183837890625, 0.011989593505859375], [0.980865478515625, 0.01132965087890625, 0.00780487060546875], [0.984161376953125, 0.01222991943359375, 0.00360870361328125], [0.9860153198242188, 0.0098114013671875, 0.00417327880859375], [0.9820404052734375, 0.0091705322265625, 0.0087890625], [0.9819717407226562, 0.010791778564453125, 0.007236480712890625], [0.98919677734375, 0.00891876220703125, 0.00188446044921875], [0.9837608337402344, 0.012359619140625, 0.003879547119140625], [0.9860649108886719, 0.01113128662109375, 0.002803802490234375], [0.979949951171875, 0.01467132568359375, 0.00537872314453125], [0.9811134338378906, 0.014942169189453125, 0.00394439697265625], [0.9801597595214844, 0.014202117919921875, 0.00563812255859375], [0.9849510192871094, 0.012035369873046875, 0.00301361083984375], [0.9834327697753906, 0.012447357177734375, 0.004119873046875], [0.9863166809082031, 0.01168060302734375, 0.002002716064453125], [0.9757957458496094, 0.01612091064453125, 0.008083343505859375], [0.9823646545410156, 0.0131988525390625, 0.004436492919921875], [0.9782447814941406, 0.01534271240234375, 0.006412506103515625], [0.9849777221679688, 0.007465362548828125, 0.007556915283203125], [0.9825325012207031, 0.01251983642578125, 0.004947662353515625], [0.9714927673339844, 0.016998291015625, 0.011508941650390625], [0.9852218627929688, 0.00983428955078125, 0.00494384765625], [0.9860687255859375, 0.009441375732421875, 0.004489898681640625], [0.980010986328125, 0.0096893310546875, 0.0102996826171875], [0.9849700927734375, 0.01096343994140625, 0.00406646728515625]], "candidate_count": 921, "candidate_scores_path": "/groups/echambe2/gmeng/MedAL-Agent/repo/code/runs/frozen_v5/candidate_scores/refuge__P1__s3000__r2.json", "predictions_path": "", "initial_labeled_path": "/groups/echambe2/gmeng/MedAL-Agent/repo/code/runs/frozen_v5/init_sets/refuge__s3000__n10.json", "initial_labeled_ids": [], "selection_diagnostics": {}, "training": {"num_iters": 1000, "batch_size": 12, "lr": 0.001, "image_size": 512, "aspect_preserve": true, "resolution_policy": "longside_pad32", "preproc_cache": {"pool": "hit", "val": "hit"}, "train_runtime_sec": 1481.4898946285248, "query_runtime_sec": 31.090988159179688, "iters": 2800, "stop_iter": 2800, "mean_loss": 0.12273562790593133, "last_loss": 0.01605239138007164, "stop_reason": "plateau", "hit_max_iters": false, "final_smooth_loss": 0.017587520806118848, "best_smooth_loss": 0.02002516180276871, "diverged": false, "loss_curve": [[1000, 0.04528058245778084], [1100, 0.04100198570638895], [1200, 0.036713036466389896], [1300, 0.03474552763625979], [1400, 0.031225593257695437], [1500, 0.030461632199585437], [1600, 0.029362632930278777], [1700, 0.02749906651675701], [1800, 0.02571436494588852], [1900, 0.024530350621789695], [2000, 0.023533655926585198], [2100, 0.0228388350084424], [2200, 0.025890383385121823], [2300, 0.02002516180276871], [2400, 0.01888521181419492], [2500, 0.01786340355873108], [2600, 0.017980729630216956], [2700, 0.02545973506756127], [2800, 0.017587520806118848]]}, "ckpt_id": "refuge__P1__s3000__r2", "ckpt_path": "", "ckpt_hash": "757f4959ad4c0f206d60bf4bc2bdf84ffdde227494ca96e38cbdc30075b27331", "config_hash": "e840f429c53f252733967bfcca5a736d2ed0c080171d7ce6886508e2528e3140", "feature_cache_keys": {}, "sam_model_type": "", "sam_checkpoint": "", "metrics": {"primary_metric": "mean_dsc_fg_case_macro", "metric_version": "v3_case_macro", "eval_scope": "case_full_volume", "mean_dsc_fg_case_macro": 0.8388114740891077, "mean_dsc_fg": 0.8388114740891077, "mean_dsc_fg_pooled_diagnostic": 0.8369801243970404, "dsc_per_class_pooled": [0.9989041232785845, 0.8551413024902582, 0.8188189463038226], "dsc_per_class": [0.9989041232785845, 0.8551413024902582, 0.8188189463038226], "n_cases": 120, "n_eval": 120, "structure_detection_rate": 1.0, "missed_structure_rate": 0.0}, "runtime_sec": {"train": 1481.4898946285248, "eval": 2.6828696727752686, "select": 31.090988159179688}, "gpu_mem_mb": 9447.225344, "gpu_name": "Tesla V100-PCIE-32GB", "gpu_total_mem_mb": 34072.559616, "foundation": {}, "notes": ""}
{"schema_version": "v3", "run_id": "refuge__P1__s3000", "round": 3, "dataset": "refuge", "modality": "fundus", "target": "optic_nerve_head", "dim": "2d", "query_unit": "image", "seed": 3000, "round_seed": 3003, "component_seeds": {"model_init_seed": 3579842532, "loader_seed": 3462212509, "query_seed": 3091667733, "dropout_seed": 1977868587}, "total_rounds": 7, "budget_denominator": {"full_train_N": 960, "requested_pool_cap": 5000, "actual_AL_pool_N": 960, "budget_plan": [10, 20, 39, 68, 96, 144, 192], "fraction_of_AL_pool": 0.2, "fraction_of_full_train": 0.2}, "policy_id": "P1", "policy_name": "EntropyFull", "method_version": "1.0", "is_ablation": false, "policy_config": {}, "cumulative_budget": 68, "incremental_query_count": 28, "labeled_count": 68, "labeled_ratio": 0.07083333333333333, "selected_ids": ["V0295", "n0049", "n0263", "g0032", "T0397", "n0338", "n0245", "T0021", "n0254", "n0230", "n0199", "n0162", "T0206", "V0025", "T0346", "n0072", "n0262", "g0025", "n0163", "n0349", "n0084", "V0278", "V0205", "g0040", "g0038", "n0073", "g0028", "n0321"], "selected_scores": [0.001111085177399218, 0.0008058250532485545, 0.0007075104513205588, 0.0007018459145911038, 0.0006848284974694252, 0.0006839378038421273, 0.0006769247120246291, 0.000659438781440258, 0.0006574299186468124, 0.0006549233803525567, 0.0006512824329547584, 0.0006507888901978731, 0.0006250144797377288, 0.0006238927599042654, 0.0006214696913957596, 0.0006156730814836919, 0.0006082860636524856, 0.000606662651989609, 0.0006064116023480892, 0.0005955475498922169, 0.0005906326114200056, 0.0005848225555382669, 0.0005838279612362385, 0.0005803765961900353, 0.0005803569220006466, 0.0005768474075011909, 0.0005695580621249974, 0.0005623573670163751], "selected_pred_fg_ratio": [0.023479461669921875, 0.020008087158203125, 0.024440765380859375, 0.019084930419921875, 0.016414642333984375, 0.01950836181640625, 0.0211181640625, 0.02227020263671875, 0.0210723876953125, 0.0168914794921875, 0.0200653076171875, 0.023494720458984375, 0.02266693115234375, 0.022403717041015625, 0.021167755126953125, 0.020359039306640625, 0.023120880126953125, 0.018817901611328125, 0.02085113525390625, 0.02106475830078125, 0.015186309814453125, 0.015071868896484375, 0.024524688720703125, 0.017330169677734375, 0.019775390625, 0.021148681640625, 0.015666961669921875, 0.018169403076171875], "selected_pred_class_dist": [[0.9765205383300781, 0.017292022705078125, 0.00618743896484375], [0.9799919128417969, 0.0129241943359375, 0.007083892822265625], [0.9755592346191406, 0.015041351318359375, 0.0093994140625], [0.9809150695800781, 0.013671875, 0.005413055419921875], [0.9835853576660156, 0.01050567626953125, 0.005908966064453125], [0.9804916381835938, 0.013671875, 0.00583648681640625], [0.9788818359375, 0.013202667236328125, 0.007915496826171875], [0.9777297973632812, 0.01222991943359375, 0.010040283203125], [0.9789276123046875, 0.016887664794921875, 0.004184722900390625], [0.9831085205078125, 0.012691497802734375, 0.004199981689453125], [0.9799346923828125, 0.01323699951171875, 0.00682830810546875], [0.9765052795410156, 0.014923095703125, 0.008571624755859375], [0.9773330688476562, 0.015415191650390625, 0.007251739501953125], [0.9775962829589844, 0.016490936279296875, 0.00591278076171875], [0.9788322448730469, 0.010555267333984375, 0.01061248779296875], [0.9796409606933594, 0.01590728759765625, 0.004451751708984375], [0.9768791198730469, 0.015468597412109375, 0.00765228271484375], [0.9811820983886719, 0.011615753173828125, 0.0072021484375], [0.9791488647460938, 0.01491546630859375, 0.0059356689453125], [0.9789352416992188, 0.016132354736328125, 0.004932403564453125], [0.9848136901855469, 0.011356353759765625, 0.0038299560546875], [0.9849281311035156, 0.012973785400390625, 0.00209808349609375], [0.9754753112792969, 0.016429901123046875, 0.00809478759765625], [0.9826698303222656, 0.009181976318359375, 0.008148193359375], [0.980224609375, 0.01265716552734375, 0.00711822509765625], [0.978851318359375, 0.0142822265625, 0.006866455078125], [0.9843330383300781, 0.006988525390625, 0.008678436279296875], [0.9818305969238281, 0.01366424560546875, 0.004505157470703125]], "candidate_count": 892, "candidate_scores_path": "/groups/echambe2/gmeng/MedAL-Agent/repo/code/runs/frozen_v5/candidate_scores/refuge__P1__s3000__r3.json", "predictions_path": "", "initial_labeled_path": "/groups/echambe2/gmeng/MedAL-Agent/repo/code/runs/frozen_v5/init_sets/refuge__s3000__n10.json", "initial_labeled_ids": [], "selection_diagnostics": {}, "training": {"num_iters": 1000, "batch_size": 12, "lr": 0.001, "image_size": 512, "aspect_preserve": true, "resolution_policy": "longside_pad32", "preproc_cache": {"pool": "hit", "val": "hit"}, "train_runtime_sec": 1744.0931630134583, "query_runtime_sec": 23.538235902786255, "iters": 3300, "stop_iter": 3300, "mean_loss": 0.1438837797651914, "last_loss": 0.025847846642136574, "stop_reason": "plateau", "hit_max_iters": false, "final_smooth_loss": 0.02869071751832962, "best_smooth_loss": 0.03215777713805437, "diverged": false, "loss_curve": [[1000, 0.10551150813698769], [1100, 0.09633912160992622], [1200, 0.08474453270435334], [1300, 0.08094672575592994], [1400, 0.07083154369145632], [1500, 0.07101498011499643], [1600, 0.06490801129490137], [1700, 0.058527963124215605], [1800, 0.052378023117780684], [1900, 0.04805171873420477], [2000, 0.05082128927111626], [2100, 0.0431244983151555], [2200, 0.04224451422691345], [2300, 0.03977127466350794], [2400, 0.0371614302136004], [2500, 0.03808227328583598], [2600, 0.03491008725017309], [2700, 0.0344193578325212], [2800, 0.03215777713805437], [2900, 0.03248844588175416], [3000, 0.030400785505771636], [3100, 0.029329586159437895], [3200, 0.028663879558444023], [3300, 0.02869071751832962]]}, "ckpt_id": "refuge__P1__s3000__r3", "ckpt_path": "", "ckpt_hash": "221c9edcd1c93d82a5ff804587bce1f60751a96c07b3903a8d36872bfa5a51dc", "config_hash": "e840f429c53f252733967bfcca5a736d2ed0c080171d7ce6886508e2528e3140", "feature_cache_keys": {}, "sam_model_type": "", "sam_checkpoint": "", "metrics": {"primary_metric": "mean_dsc_fg_case_macro", "metric_version": "v3_case_macro", "eval_scope": "case_full_volume", "mean_dsc_fg_case_macro": 0.8606836275016823, "mean_dsc_fg": 0.8606836275016823, "mean_dsc_fg_pooled_diagnostic": 0.8616345258891953, "dsc_per_class_pooled": [0.9990376191948793, 0.8740740354590334, 0.8491950163193572], "dsc_per_class": [0.9990376191948793, 0.8740740354590334, 0.8491950163193572], "n_cases": 120, "n_eval": 120, "structure_detection_rate": 1.0, "missed_structure_rate": 0.0}, "runtime_sec": {"train": 1744.0931630134583, "eval": 2.521484375, "select": 23.538235902786255}, "gpu_mem_mb": 9445.455872, "gpu_name": "Tesla V100-PCIE-32GB", "gpu_total_mem_mb": 34072.559616, "foundation": {}, "notes": ""}
{"schema_version": "v3", "run_id": "refuge__P1__s3000", "round": 4, "dataset": "refuge", "modality": "fundus", "target": "optic_nerve_head", "dim": "2d", "query_unit": "image", "seed": 3000, "round_seed": 3004, "component_seeds": {"model_init_seed": 1298922563, "loader_seed": 4234259380, "query_seed": 3641520638, "dropout_seed": 3440374736}, "total_rounds": 7, "budget_denominator": {"full_train_N": 960, "requested_pool_cap": 5000, "actual_AL_pool_N": 960, "budget_plan": [10, 20, 39, 68, 96, 144, 192], "fraction_of_AL_pool": 0.2, "fraction_of_full_train": 0.2}, "policy_id": "P1", "policy_name": "EntropyFull", "method_version": "1.0", "is_ablation": false, "policy_config": {}, "cumulative_budget": 96, "incremental_query_count": 48, "labeled_count": 96, "labeled_ratio": 0.1, "selected_ids": ["n0234", "V0334", "g0002", "n0223", "V0039", "g0007", "T0294", "T0365", "g0031", "T0193", "n0328", "n0326", "T0310", "V0103", "V0319", "n0231", "n0252", "V0386", "T0177", "g0017", "n0304", "T0063", "V0098", "n0329", "n0278", "n0027", "n0132", "V0150", "n0022", "n0137", "T0138", "V0118", "n0147", "V0197", "n0069", "n0053", "n0102", "n0040", "n0026", "n0143", "n0260", "V0216", "n0320", "n0029", "n0337", "n0301", "n0099", "n0067"], "selected_scores": [0.0009874372044578195, 0.0008807132253423333, 0.0007477232720702887, 0.0007082917145453393, 0.0006548474193550646, 0.0006452387315221131, 0.0006309667369350791, 0.0006177022005431354, 0.0005954341031610966, 0.0005832361639477313, 0.0005823407554998994, 0.0005753529840148985, 0.0005718598258681595, 0.0005697475280612707, 0.000559995649382472, 0.0005529497284442186, 0.0005506607703864574, 0.0005491384654305875, 0.0005464928108267486, 0.0005452788900583982, 0.0005406797281466424, 0.0005377013003453612, 0.0005372341256588697, 0.0005362176452763379, 0.0005355341709218919, 0.0005307639949023724, 0.0005239250021986663, 0.0005204222397878766, 0.0005140205030329525, 0.0005130971549078822, 0.0005119089619256556, 0.0005116783431731164, 0.0005110650672577322, 0.0005090520717203617, 0.0005088536418043077, 0.0005052659544162452, 0.0005048371385782957, 0.0005047374288551509, 0.0005044560530222952, 0.0005036828806623816, 0.0005008683656342328, 0.0004995417548343539, 0.0004980271914973855, 0.0004975509946234524, 0.000494609703309834, 0.0004933856544084847, 0.0004918017657473683, 0.0004909615963697433], "selected_pred_fg_ratio": [0.022731781005859375, 0.015850067138671875, 0.014995574951171875, 0.01570892333984375, 0.022861480712890625, 0.0175018310546875, 0.017635345458984375, 0.02001953125, 0.013889312744140625, 0.018764495849609375, 0.012783050537109375, 0.016536712646484375, 0.02252197265625, 0.01690673828125, 0.01653289794921875, 0.019378662109375, 0.021305084228515625, 0.0173797607421875, 0.0189056396484375, 0.014606475830078125, 0.01973724365234375, 0.022159576416015625, 0.025043487548828125, 0.018726348876953125, 0.01732635498046875, 0.021881103515625, 0.020908355712890625, 0.017452239990234375, 0.020671844482421875, 0.016773223876953125, 0.0209197998046875, 0.023326873779296875, 0.015766143798828125, 0.01976776123046875, 0.018009185791015625, 0.017765045166015625, 0.019611358642578125, 0.017269134521484375, 0.018321990966796875, 0.019626617431640625, 0.019649505615234375, 0.0173797607421875, 0.0189971923828125, 0.0184173583984375, 0.01921844482421875, 0.01851654052734375, 0.017093658447265625, 0.016937255859375], "selected_pred_class_dist": [[0.9772682189941406, 0.0172119140625, 0.005519866943359375], [0.9841499328613281, 0.01291656494140625, 0.002933502197265625], [0.9850044250488281, 0.00540924072265625, 0.009586334228515625], [0.9842910766601562, 0.012653350830078125, 0.003055572509765625], [0.9771385192871094, 0.0179901123046875, 0.004871368408203125], [0.9824981689453125, 0.007907867431640625, 0.009593963623046875], [0.9823646545410156, 0.014255523681640625, 0.00337982177734375], [0.97998046875, 0.0143585205078125, 0.0056610107421875], [0.9861106872558594, 0.008174896240234375, 0.00571441650390625], [0.9812355041503906, 0.0132904052734375, 0.005474090576171875], [0.9872169494628906, 0.009632110595703125, 0.00315093994140625], [0.9834632873535156, 0.011981964111328125, 0.00455474853515625], [0.97747802734375, 0.0104827880859375, 0.0120391845703125], [0.98309326171875, 0.010284423828125, 0.006622314453125], [0.9834671020507812, 0.0106658935546875, 0.00586700439453125], [0.980621337890625, 0.012493133544921875, 0.006885528564453125], [0.9786949157714844, 0.015544891357421875, 0.00576019287109375], [0.9826202392578125, 0.01375579833984375, 0.00362396240234375], [0.9810943603515625, 0.01154327392578125, 0.00736236572265625], [0.9853935241699219, 0.008022308349609375, 0.00658416748046875], [0.9802627563476562, 0.0144195556640625, 0.00531768798828125], [0.9778404235839844, 0.01392364501953125, 0.008235931396484375], [0.9749565124511719, 0.014728546142578125, 0.01031494140625], [0.9812736511230469, 0.013370513916015625, 0.0053558349609375], [0.9826736450195312, 0.01222991943359375, 0.005096435546875], [0.978118896484375, 0.015350341796875, 0.00653076171875], [0.9790916442871094, 0.014682769775390625, 0.0062255859375], [0.9825477600097656, 0.01129150390625, 0.006160736083984375], [0.9793281555175781, 0.0141143798828125, 0.006557464599609375], [0.9832267761230469, 0.011707305908203125, 0.00506591796875], [0.9790802001953125, 0.01293182373046875, 0.00798797607421875], [0.9766731262207031, 0.012866973876953125, 0.01045989990234375], [0.9842338562011719, 0.01142120361328125, 0.004344940185546875], [0.9802322387695312, 0.0126495361328125, 0.00711822509765625], [0.9819908142089844, 0.013950347900390625, 0.004058837890625], [0.9822349548339844, 0.013347625732421875, 0.00441741943359375], [0.9803886413574219, 0.01528167724609375, 0.004329681396484375], [0.9827308654785156, 0.013111114501953125, 0.00415802001953125], [0.9816780090332031, 0.013523101806640625, 0.00479888916015625], [0.9803733825683594, 0.014316558837890625, 0.00531005859375], [0.9803504943847656, 0.013439178466796875, 0.0062103271484375], [0.9826202392578125, 0.011638641357421875, 0.005741119384765625], [0.9810028076171875, 0.0143585205078125, 0.004638671875], [0.9815826416015625, 0.01251220703125, 0.0059051513671875], [0.9807815551757812, 0.014430999755859375, 0.004787445068359375], [0.9814834594726562, 0.013698577880859375, 0.004817962646484375], [0.9829063415527344, 0.012165069580078125, 0.0049285888671875], [0.983062744140625, 0.01331329345703125, 0.00362396240234375]], "candidate_count": 864, "candidate_scores_path": "/groups/echambe2/gmeng/MedAL-Agent/repo/code/runs/frozen_v5/candidate_scores/refuge__P1__s3000__r4.json", "predictions_path": "", "initial_labeled_path": "/groups/echambe2/gmeng/MedAL-Agent/repo/code/runs/frozen_v5/init_sets/refuge__s3000__n10.json", "initial_labeled_ids": [], "selection_diagnostics": {}, "training": {"num_iters": 1000, "batch_size": 12, "lr": 0.001, "image_size": 512, "aspect_preserve": true, "resolution_policy": "longside_pad32", "preproc_cache": {"pool": "hit", "val": "hit"}, "train_runtime_sec": 1579.8339200019836, "query_runtime_sec": 20.136937856674194, "iters": 3000, "stop_iter": 3000, "mean_loss": 0.14011573643734057, "last_loss": 0.0315985344350338, "stop_reason": "plateau", "hit_max_iters": false, "final_smooth_loss": 0.02798554629087448, "best_smooth_loss": 0.032808081079274416, "diverged": false, "loss_curve": [[1000, 0.102833718881011], [1100, 0.0898344488441944], [1200, 0.09110282480716705], [1300, 0.0746592852845788], [1400, 0.0660575221478939], [1500, 0.06311450216919184], [1600, 0.058124740533530714], [1700, 0.05215011019259691], [1800, 0.04834853369742632], [1900, 0.04586894877254963], [2000, 0.042655489444732665], [2100, 0.039612344391644], [2200, 0.03746500371024013], [2300, 0.036506016198545696], [2400, 0.03486239612102508], [2500, 0.032808081079274416], [2600, 0.03254867434501648], [2700, 0.02976630149409175], [2800, 0.029228661954402924], [2900, 0.028208781629800797], [3000, 0.02798554629087448]]}, "ckpt_id": "refuge__P1__s3000__r4", "ckpt_path": "", "ckpt_hash": "a7e1ddb73b6e84b0c25035fd4876e93147f9342688da400bb6059d53cdab914c", "config_hash": "e840f429c53f252733967bfcca5a736d2ed0c080171d7ce6886508e2528e3140", "feature_cache_keys": {}, "sam_model_type": "", "sam_checkpoint": "", "metrics": {"primary_metric": "mean_dsc_fg_case_macro", "metric_version": "v3_case_macro", "eval_scope": "case_full_volume", "mean_dsc_fg_case_macro": 0.8615607322589315, "mean_dsc_fg": 0.8615607322589315, "mean_dsc_fg_pooled_diagnostic": 0.865006116007845, "dsc_per_class_pooled": [0.999053958952726, 0.873617907271545, 0.8563943247441452], "dsc_per_class": [0.999053958952726, 0.873617907271545, 0.8563943247441452], "n_cases": 120, "n_eval": 120, "structure_detection_rate": 1.0, "missed_structure_rate": 0.0}, "runtime_sec": {"train": 1579.8339200019836, "eval": 2.5124945640563965, "select": 20.136937856674194}, "gpu_mem_mb": 9447.012352, "gpu_name": "Tesla V100-PCIE-32GB", "gpu_total_mem_mb": 34072.559616, "foundation": {}, "notes": ""}
