{"schema_version": "v3", "run_id": "refuge__P5__s1000", "round": 0, "dataset": "refuge", "modality": "fundus", "target": "optic_nerve_head", "dim": "2d", "query_unit": "image", "seed": 1000, "round_seed": 1000, "component_seeds": {"model_init_seed": 2989689681, "loader_seed": 4191542321, "query_seed": 2529548519, "dropout_seed": 3619692248}, "total_rounds": 7, "budget_denominator": {"full_train_N": 960, "requested_pool_cap": 5000, "actual_AL_pool_N": 960, "budget_plan": [10, 20, 39, 68, 96, 144, 192], "fraction_of_AL_pool": 0.2, "fraction_of_full_train": 0.2}, "policy_id": "P5", "policy_name": "EntropyCoreSet", "method_version": "1.0", "is_ablation": false, "policy_config": {}, "cumulative_budget": 10, "incremental_query_count": 10, "labeled_count": 10, "labeled_ratio": 0.010416666666666666, "selected_ids": ["n0298", "T0371", "n0354", "T0237", "T0094", "V0399", "V0193", "n0231", "n0046", "n0071"], "selected_scores": [0.0017888817237690091, 0.008088355883955956, 0.0016954409657046199, 0.0009137244778685272, 0.0009166035451926291, 0.0009275148622691631, 0.013711268082261086, 0.0011070879409089684, 0.0041404240764677525, 0.0016655930085107684], "selected_pred_fg_ratio": [0.014827728271484375, 0.033985137939453125, 0.024929046630859375, 0.015995025634765625, 0.014865875244140625, 0.019229888916015625, 0.041851043701171875, 0.019489288330078125, 0.018199920654296875, 0.0223388671875], "selected_pred_class_dist": [[0.9851722717285156, 0.010440826416015625, 0.00438690185546875], [0.9660148620605469, 0.01324462890625, 0.020740509033203125], [0.9750709533691406, 0.019733428955078125, 0.00519561767578125], [0.9840049743652344, 0.0137786865234375, 0.002216339111328125], [0.9851341247558594, 0.010753631591796875, 0.00411224365234375], [0.9807701110839844, 0.01346588134765625, 0.005764007568359375], [0.9581489562988281, 0.01454925537109375, 0.027301788330078125], [0.9805107116699219, 0.013393402099609375, 0.00609588623046875], [0.9818000793457031, 0.00914764404296875, 0.009052276611328125], [0.9776611328125, 0.016815185546875, 0.005523681640625]], "candidate_count": 950, "candidate_scores_path": "/groups/echambe2/gmeng/MedAL-Agent/repo/code/runs/frozen_v5/candidate_scores/refuge__P5__s1000__r0.json", "predictions_path": "", "initial_labeled_path": "/groups/echambe2/gmeng/MedAL-Agent/repo/code/runs/frozen_v5/init_sets/refuge__s1000__n10.json", "initial_labeled_ids": ["T0133", "T0195", "T0277", "T0316", "T0350", "V0050", "V0103", "g0039", "n0084", "n0163"], "selection_diagnostics": {}, "training": {"num_iters": 1000, "batch_size": 12, "lr": 0.001, "image_size": 512, "aspect_preserve": true, "resolution_policy": "longside_pad32", "preproc_cache": {"pool": "hit", "val": "hit"}, "train_runtime_sec": 961.1272075176239, "query_runtime_sec": 31.237155199050903, "iters": 2100, "stop_iter": 2100, "mean_loss": 0.12335474162894701, "last_loss": 0.014031711965799332, "stop_reason": "plateau", "hit_max_iters": false, "final_smooth_loss": 0.0154589500464499, "best_smooth_loss": 0.017934735985472797, "diverged": false, "loss_curve": [[1000, 0.029212776087224484], [1100, 0.025786920320242643], [1200, 0.02386704893782735], [1300, 0.022393152862787247], [1400, 0.021684448095038535], [1500, 0.02019639373756945], [1600, 0.017934735985472797], [1700, 0.01812382028438151], [1800, 0.01647783878259361], [1900, 0.01712272433564067], [2000, 0.014518418703228236], [2100, 0.0154589500464499]]}, "ckpt_id": "refuge__P5__s1000__r0", "ckpt_path": "", "ckpt_hash": "b8b1a87778656e2f4b025db14965078e2016c9e2d542775d053e7003cf990b59", "config_hash": "e840f429c53f252733967bfcca5a736d2ed0c080171d7ce6886508e2528e3140", "feature_cache_keys": {"task_unet": "task_unet_bottleneck@b8b1a8777865"}, "sam_model_type": "", "sam_checkpoint": "", "metrics": {"primary_metric": "mean_dsc_fg_case_macro", "metric_version": "v3_case_macro", "eval_scope": "case_full_volume", "mean_dsc_fg_case_macro": 0.8033045483614689, "mean_dsc_fg": 0.8033045483614689, "mean_dsc_fg_pooled_diagnostic": 0.793782844161407, "dsc_per_class_pooled": [0.998171078050209, 0.8036266336102313, 0.7839390547125825], "dsc_per_class": [0.998171078050209, 0.8036266336102313, 0.7839390547125825], "n_cases": 120, "n_eval": 120, "structure_detection_rate": 1.0, "missed_structure_rate": 0.0}, "runtime_sec": {"train": 961.1272075176239, "eval": 2.68806791305542, "select": 31.237155199050903}, "gpu_mem_mb": 8107.379712, "gpu_name": "Tesla V100-PCIE-32GB", "gpu_total_mem_mb": 34072.559616, "foundation": {}, "notes": ""}
{"schema_version": "v3", "run_id": "refuge__P5__s1000", "round": 1, "dataset": "refuge", "modality": "fundus", "target": "optic_nerve_head", "dim": "2d", "query_unit": "image", "seed": 1000, "round_seed": 1001, "component_seeds": {"model_init_seed": 1028625171, "loader_seed": 316625031, "query_seed": 253434028, "dropout_seed": 3317428529}, "total_rounds": 7, "budget_denominator": {"full_train_N": 960, "requested_pool_cap": 5000, "actual_AL_pool_N": 960, "budget_plan": [10, 20, 39, 68, 96, 144, 192], "fraction_of_AL_pool": 0.2, "fraction_of_full_train": 0.2}, "policy_id": "P5", "policy_name": "EntropyCoreSet", "method_version": "1.0", "is_ablation": false, "policy_config": {}, "cumulative_budget": 20, "incremental_query_count": 19, "labeled_count": 20, "labeled_ratio": 0.020833333333333332, "selected_ids": ["n0073", "g0026", "g0001", "n0333", "T0217", "n0234", "T0157", "T0121", "g0030", "n0072", "n0217", "T0049", "V0017", "g0002", "g0017", "g0008", "n0237", "n0001", "V0205"], "selected_scores": [0.000514912826474756, 0.0004267781332600862, 0.00042066656169481575, 0.00045593545655719936, 0.0005468855961225927, 0.0006635976606048644, 0.0011932440102100372, 0.00041169620817527175, 0.00045489094918593764, 0.0004042112559545785, 0.00041355800931341946, 0.0005256523145362735, 0.0004536435299087316, 0.0009825382148846984, 0.0006203284719958901, 0.00040248301229439676, 0.0004092703456990421, 0.00041318891453556716, 0.00047921898658387363], "selected_pred_fg_ratio": [0.021991729736328125, 0.020160675048828125, 0.02053070068359375, 0.01486968994140625, 0.022251129150390625, 0.02303314208984375, 0.020961761474609375, 0.01624298095703125, 0.015979766845703125, 0.0214385986328125, 0.0186309814453125, 0.02042388916015625, 0.02388763427734375, 0.017578125, 0.011260986328125, 0.020404815673828125, 0.02214813232421875, 0.023166656494140625, 0.021289825439453125], "selected_pred_class_dist": [[0.9780082702636719, 0.016864776611328125, 0.005126953125], [0.9798393249511719, 0.015277862548828125, 0.0048828125], [0.9794692993164062, 0.014789581298828125, 0.005741119384765625], [0.9851303100585938, 0.0117950439453125, 0.00307464599609375], [0.9777488708496094, 0.016132354736328125, 0.0061187744140625], [0.9769668579101562, 0.018039703369140625, 0.004993438720703125], [0.9790382385253906, 0.01746368408203125, 0.003498077392578125], [0.9837570190429688, 0.011989593505859375, 0.004253387451171875], [0.9840202331542969, 0.01103973388671875, 0.004940032958984375], [0.9785614013671875, 0.015583038330078125, 0.005855560302734375], [0.9813690185546875, 0.014125823974609375, 0.004505157470703125], [0.9795761108398438, 0.014556884765625, 0.00586700439453125], [0.9761123657226562, 0.0172882080078125, 0.00659942626953125], [0.982421875, 0.0124359130859375, 0.0051422119140625], [0.988739013671875, 0.008205413818359375, 0.003055572509765625], [0.9795951843261719, 0.01566314697265625, 0.004741668701171875], [0.9778518676757812, 0.017566680908203125, 0.004581451416015625], [0.9768333435058594, 0.018463134765625, 0.004703521728515625], [0.9787101745605469, 0.017337799072265625, 0.0039520263671875]], "candidate_count": 940, "candidate_scores_path": "/groups/echambe2/gmeng/MedAL-Agent/repo/code/runs/frozen_v5/candidate_scores/refuge__P5__s1000__r1.json", "predictions_path": "", "initial_labeled_path": "/groups/echambe2/gmeng/MedAL-Agent/repo/code/runs/frozen_v5/init_sets/refuge__s1000__n10.json", "initial_labeled_ids": [], "selection_diagnostics": {}, "training": {"num_iters": 1000, "batch_size": 12, "lr": 0.001, "image_size": 512, "aspect_preserve": true, "resolution_policy": "longside_pad32", "preproc_cache": {"pool": "hit", "val": "hit"}, "train_runtime_sec": 1166.7039988040924, "query_runtime_sec": 29.762980699539185, "iters": 2200, "stop_iter": 2200, "mean_loss": 0.11137994452548976, "last_loss": 0.014223473146557808, "stop_reason": "plateau", "hit_max_iters": false, "final_smooth_loss": 0.014500512722879649, "best_smooth_loss": 0.01805126594379544, "diverged": false, "loss_curve": [[1000, 0.029331892356276514], [1100, 0.026862150337547065], [1200, 0.02522726118564606], [1300, 0.023927964605391025], [1400, 0.020970890242606403], [1500, 0.020632364302873612], [1600, 0.01949677787721157], [1700, 0.01805126594379544], [1800, 0.017025727005675437], [1900, 0.016481601195409895], [2000, 0.014791818857192994], [2100, 0.01478163754567504], [2200, 0.014500512722879649]]}, "ckpt_id": "refuge__P5__s1000__r1", "ckpt_path": "", "ckpt_hash": "58ed4b505649bd2bd8dbb013e1b136d9324755e7d009624d45bcb4b6fa29a74a", "config_hash": "e840f429c53f252733967bfcca5a736d2ed0c080171d7ce6886508e2528e3140", "feature_cache_keys": {"task_unet": "task_unet_bottleneck@58ed4b505649"}, "sam_model_type": "", "sam_checkpoint": "", "metrics": {"primary_metric": "mean_dsc_fg_case_macro", "metric_version": "v3_case_macro", "eval_scope": "case_full_volume", "mean_dsc_fg_case_macro": 0.8289894102091137, "mean_dsc_fg": 0.8289894102091137, "mean_dsc_fg_pooled_diagnostic": 0.8284174270830086, "dsc_per_class_pooled": [0.9988168611049967, 0.847007488827153, 0.8098273653388641], "dsc_per_class": [0.9988168611049967, 0.847007488827153, 0.8098273653388641], "n_cases": 120, "n_eval": 120, "structure_detection_rate": 1.0, "missed_structure_rate": 0.0}, "runtime_sec": {"train": 1166.7039988040924, "eval": 2.6535897254943848, "select": 29.762980699539185}, "gpu_mem_mb": 9442.588672, "gpu_name": "Tesla V100-PCIE-32GB", "gpu_total_mem_mb": 34072.559616, "foundation": {}, "notes": ""}
{"schema_version": "v3", "run_id": "refuge__P5__s1000", "round": 2, "dataset": "refuge", "modality": "fundus", "target": "optic_nerve_head", "dim": "2d", "query_unit": "image", "seed": 1000, "round_seed": 1002, "component_seeds": {"model_init_seed": 265999627, "loader_seed": 1465654863, "query_seed": 2544461518, "dropout_seed": 3552612840}, "total_rounds": 7, "budget_denominator": {"full_train_N": 960, "requested_pool_cap": 5000, "actual_AL_pool_N": 960, "budget_plan": [10, 20, 39, 68, 96, 144, 192], "fraction_of_AL_pool": 0.2, "fraction_of_full_train": 0.2}, "policy_id": "P5", "policy_name": "EntropyCoreSet", "method_version": "1.0", "is_ablation": false, "policy_config": {}, "cumulative_budget": 39, "incremental_query_count": 29, "labeled_count": 39, "labeled_ratio": 0.040625, "selected_ids": ["g0006", "g0038", "g0003", "n0236", "n0322", "n0116", "n0153", "V0270", "n0338", "n0278", "T0069", "T0306", "n0056", "g0023", "V0041", "g0018", "n0030", "n0271", "V0182", "V0242", "T0189", "T0387", "T0070", "T0360", "n0009", "n0105", "n0008", "g0014", "n0348"], "selected_scores": [0.0008188669453375041, 0.0005709889810532331, 0.0004950198926962912, 0.0006355562945827842, 0.0006722236284986138, 0.0004666980530600995, 0.00046194394235499203, 0.000718182825949043, 0.00047401210758835077, 0.0006182864890433848, 0.00044686358887702227, 0.0005352140869945288, 0.00043337131501175463, 0.0004715253890026361, 0.00045839231461286545, 0.00044030111166648567, 0.00045080966083332896, 0.0005784145905636251, 0.0008085969602689147, 0.0011973977088928223, 0.0005711046978831291, 0.00044515455374494195, 0.0005804093088954687, 0.0004914613091386855, 0.0004417165764607489, 0.0004453434085007757, 0.0005701555637642741, 0.0005646055215038359, 0.0008529567276127636], "selected_pred_fg_ratio": [0.0247650146484375, 0.017353057861328125, 0.012920379638671875, 0.014392852783203125, 0.013950347900390625, 0.01398468017578125, 0.017520904541015625, 0.0179443359375, 0.02118682861328125, 0.01740264892578125, 0.020694732666015625, 0.01753997802734375, 0.018138885498046875, 0.02184295654296875, 0.019794464111328125, 0.015323638916015625, 0.017978668212890625, 0.016796112060546875, 0.010807037353515625, 0.02228546142578125, 0.01750946044921875, 0.02237701416015625, 0.01877593994140625, 0.01981353759765625, 0.019195556640625, 0.019176483154296875, 0.01595306396484375, 0.019115447998046875, 0.024173736572265625], "selected_pred_class_dist": [[0.9752349853515625, 0.016483306884765625, 0.008281707763671875], [0.9826469421386719, 0.01136016845703125, 0.005992889404296875], [0.9870796203613281, 0.007221221923828125, 0.00569915771484375], [0.9856071472167969, 0.00914764404296875, 0.005245208740234375], [0.9860496520996094, 0.010814666748046875, 0.00313568115234375], [0.9860153198242188, 0.011165618896484375, 0.002819061279296875], [0.9824790954589844, 0.012096405029296875, 0.00542449951171875], [0.9820556640625, 0.0135955810546875, 0.0043487548828125], [0.9788131713867188, 0.015575408935546875, 0.005611419677734375], [0.9825973510742188, 0.01183319091796875, 0.0055694580078125], [0.9793052673339844, 0.015987396240234375, 0.00470733642578125], [0.9824600219726562, 0.01329803466796875, 0.004241943359375], [0.9818611145019531, 0.01393890380859375, 0.004199981689453125], [0.9781570434570312, 0.015735626220703125, 0.006107330322265625], [0.9802055358886719, 0.013057708740234375, 0.00673675537109375], [0.9846763610839844, 0.007457733154296875, 0.00786590576171875], [0.9820213317871094, 0.0120391845703125, 0.005939483642578125], [0.9832038879394531, 0.01079559326171875, 0.006000518798828125], [0.9891929626464844, 0.007762908935546875, 0.00304412841796875], [0.9777145385742188, 0.016265869140625, 0.00601959228515625], [0.9824905395507812, 0.013713836669921875, 0.003795623779296875], [0.9776229858398438, 0.016933441162109375, 0.005443572998046875], [0.9812240600585938, 0.015506744384765625, 0.003269195556640625], [0.9801864624023438, 0.0133514404296875, 0.00646209716796875], [0.980804443359375, 0.014263153076171875, 0.004932403564453125], [0.9808235168457031, 0.014804840087890625, 0.00437164306640625], [0.9840469360351562, 0.01226043701171875, 0.003692626953125], [0.9808845520019531, 0.010540008544921875, 0.008575439453125], [0.9758262634277344, 0.0182647705078125, 0.005908966064453125]], "candidate_count": 921, "candidate_scores_path": "/groups/echambe2/gmeng/MedAL-Agent/repo/code/runs/frozen_v5/candidate_scores/refuge__P5__s1000__r2.json", "predictions_path": "", "initial_labeled_path": "/groups/echambe2/gmeng/MedAL-Agent/repo/code/runs/frozen_v5/init_sets/refuge__s1000__n10.json", "initial_labeled_ids": [], "selection_diagnostics": {}, "training": {"num_iters": 1000, "batch_size": 12, "lr": 0.001, "image_size": 512, "aspect_preserve": true, "resolution_policy": "longside_pad32", "preproc_cache": {"pool": "hit", "val": "hit"}, "train_runtime_sec": 1478.609453201294, "query_runtime_sec": 30.34869956970215, "iters": 2800, "stop_iter": 2800, "mean_loss": 0.13319983448101474, "last_loss": 0.0239030160009861, "stop_reason": "plateau", "hit_max_iters": false, "final_smooth_loss": 0.021980604957789182, "best_smooth_loss": 0.026469434555619956, "diverged": false, "loss_curve": [[1000, 0.0626356540992856], [1100, 0.055188851207494734], [1200, 0.051594573967158795], [1300, 0.04531252525746823], [1400, 0.04202490463852882], [1500, 0.03881628822535276], [1600, 0.03654868181794882], [1700, 0.03475571909919381], [1800, 0.03305357260629535], [1900, 0.030969598330557346], [2000, 0.030103080067783596], [2100, 0.028681322932243347], [2200, 0.02831121688708663], [2300, 0.026469434555619956], [2400, 0.025197071116417648], [2500, 0.02447418013587594], [2600, 0.023564292266964913], [2700, 0.023869885485619306], [2800, 0.021980604957789182]]}, "ckpt_id": "refuge__P5__s1000__r2", "ckpt_path": "", "ckpt_hash": "c16a451bbd9ad4959fe5b716ee677db8e692bbeb2cb239ace537aeef5a9d265f", "config_hash": "e840f429c53f252733967bfcca5a736d2ed0c080171d7ce6886508e2528e3140", "feature_cache_keys": {"task_unet": "task_unet_bottleneck@c16a451bbd9a"}, "sam_model_type": "", "sam_checkpoint": "", "metrics": {"primary_metric": "mean_dsc_fg_case_macro", "metric_version": "v3_case_macro", "eval_scope": "case_full_volume", "mean_dsc_fg_case_macro": 0.8437873522492064, "mean_dsc_fg": 0.8437873522492064, "mean_dsc_fg_pooled_diagnostic": 0.844256681356843, "dsc_per_class_pooled": [0.9989767629872287, 0.8617872915325742, 0.8267260711811117], "dsc_per_class": [0.9989767629872287, 0.8617872915325742, 0.8267260711811117], "n_cases": 120, "n_eval": 120, "structure_detection_rate": 1.0, "missed_structure_rate": 0.0}, "runtime_sec": {"train": 1478.609453201294, "eval": 2.5490097999572754, "select": 30.34869956970215}, "gpu_mem_mb": 9447.225344, "gpu_name": "Tesla V100-PCIE-32GB", "gpu_total_mem_mb": 34072.559616, "foundation": {}, "notes": ""}
{"schema_version": "v3", "run_id": "refuge__P5__s1000", "round": 3, "dataset": "refuge", "modality": "fundus", "target": "optic_nerve_head", "dim": "2d", "query_unit": "image", "seed": 1000, "round_seed": 1003, "component_seeds": {"model_init_seed": 3831074496, "loader_seed": 3670334330, "query_seed": 47901082, "dropout_seed": 2333647153}, "total_rounds": 7, "budget_denominator": {"full_train_N": 960, "requested_pool_cap": 5000, "actual_AL_pool_N": 960, "budget_plan": [10, 20, 39, 68, 96, 144, 192], "fraction_of_AL_pool": 0.2, "fraction_of_full_train": 0.2}, "policy_id": "P5", "policy_name": "EntropyCoreSet", "method_version": "1.0", "is_ablation": false, "policy_config": {}, "cumulative_budget": 68, "incremental_query_count": 28, "labeled_count": 68, "labeled_ratio": 0.07083333333333333, "selected_ids": ["V0342", "n0321", "n0285", "T0161", "n0119", "V0098", "n0255", "n0230", "n0110", "n0254", "n0316", "g0034", "n0198", "T0059", "n0224", "V0044", "n0311", "n0069", "n0175", "n0245", "n0143", "T0394", "n0233", "V0312", "T0177", "n0355", "T0006", "n0102"], "selected_scores": [0.000415547052398324, 0.0004458457406144589, 0.00040052621625363827, 0.0004321166197769344, 0.0004469577397685498, 0.00048464088467881083, 0.00040369751513935626, 0.000402846751967445, 0.0007946345722302794, 0.0004369652597233653, 0.00041535301716066897, 0.0005199965089559555, 0.00041180779226124287, 0.00047661137068644166, 0.000414389738580212, 0.0004058009071741253, 0.0007918754126876593, 0.00042363451211713254, 0.0004431749403011054, 0.00043221781379543245, 0.0004647414607461542, 0.0004246511962264776, 0.00041079954826273024, 0.00041551535832695663, 0.0004188573802821338, 0.00041308996151201427, 0.0005620200536213815, 0.00040425994666293263], "selected_pred_fg_ratio": [0.01988983154296875, 0.02019500732421875, 0.018505096435546875, 0.022426605224609375, 0.022006988525390625, 0.024658203125, 0.020565032958984375, 0.016796112060546875, 0.00848388671875, 0.019062042236328125, 0.016357421875, 0.01776123046875, 0.02002716064453125, 0.0186004638671875, 0.019695281982421875, 0.019802093505859375, 0.011989593505859375, 0.01654815673828125, 0.0134429931640625, 0.021465301513671875, 0.018405914306640625, 0.02213287353515625, 0.0203704833984375, 0.020336151123046875, 0.02147674560546875, 0.019710540771484375, 0.020298004150390625, 0.01653289794921875], "selected_pred_class_dist": [[0.9801101684570312, 0.010433197021484375, 0.009456634521484375], [0.9798049926757812, 0.014583587646484375, 0.005611419677734375], [0.9814949035644531, 0.0137786865234375, 0.004726409912109375], [0.9775733947753906, 0.016643524169921875, 0.0057830810546875], [0.9779930114746094, 0.0155487060546875, 0.006458282470703125], [0.975341796875, 0.016124725341796875, 0.008533477783203125], [0.9794349670410156, 0.014556884765625, 0.006008148193359375], [0.9832038879394531, 0.011196136474609375, 0.0055999755859375], [0.99151611328125, 0.00543212890625, 0.0030517578125], [0.9809379577636719, 0.013427734375, 0.005634307861328125], [0.983642578125, 0.0126800537109375, 0.0036773681640625], [0.98223876953125, 0.00726318359375, 0.010498046875], [0.9799728393554688, 0.013332366943359375, 0.006694793701171875], [0.9813995361328125, 0.012187957763671875, 0.006412506103515625], [0.9803047180175781, 0.015026092529296875, 0.004669189453125], [0.9801979064941406, 0.013179779052734375, 0.006622314453125], [0.9880104064941406, 0.009059906005859375, 0.0029296875], [0.9834518432617188, 0.011989593505859375, 0.004558563232421875], [0.9865570068359375, 0.009212493896484375, 0.004230499267578125], [0.9785346984863281, 0.015041351318359375, 0.0064239501953125], [0.9815940856933594, 0.012340545654296875, 0.00606536865234375], [0.9778671264648438, 0.0162506103515625, 0.00588226318359375], [0.9796295166015625, 0.0156402587890625, 0.004730224609375], [0.9796638488769531, 0.013057708740234375, 0.0072784423828125], [0.9785232543945312, 0.01328277587890625, 0.0081939697265625], [0.9802894592285156, 0.01349639892578125, 0.006214141845703125], [0.9797019958496094, 0.013324737548828125, 0.0069732666015625], [0.9834671020507812, 0.012195587158203125, 0.004337310791015625]], "candidate_count": 892, "candidate_scores_path": "/groups/echambe2/gmeng/MedAL-Agent/repo/code/runs/frozen_v5/candidate_scores/refuge__P5__s1000__r3.json", "predictions_path": "", "initial_labeled_path": "/groups/echambe2/gmeng/MedAL-Agent/repo/code/runs/frozen_v5/init_sets/refuge__s1000__n10.json", "initial_labeled_ids": [], "selection_diagnostics": {}, "training": {"num_iters": 1000, "batch_size": 12, "lr": 0.001, "image_size": 512, "aspect_preserve": true, "resolution_policy": "longside_pad32", "preproc_cache": {"pool": "hit", "val": "hit"}, "train_runtime_sec": 1535.5842914581299, "query_runtime_sec": 30.037105798721313, "iters": 2900, "stop_iter": 2900, "mean_loss": 0.12203507197956587, "last_loss": 0.03489380329847336, "stop_reason": "plateau", "hit_max_iters": false, "final_smooth_loss": 0.025232692919671534, "best_smooth_loss": 0.029448228143155574, "diverged": false, "loss_curve": [[1000, 0.07478837374597788], [1100, 0.06452854912728072], [1200, 0.06263547576963902], [1300, 0.05611248154193163], [1400, 0.04966706596314907], [1500, 0.04697775173932314], [1600, 0.04240795791149139], [1700, 0.039904028847813605], [1800, 0.039421408772468566], [1900, 0.039273340944200756], [2000, 0.034673485532402994], [2100, 0.03189770335331559], [2200, 0.0320102846249938], [2300, 0.03013165056705475], [2400, 0.029448228143155574], [2500, 0.02914996514096856], [2600, 0.02693638827651739], [2700, 0.026809912659227848], [2800, 0.02617967823520303], [2900, 0.025232692919671534]]}, "ckpt_id": "refuge__P5__s1000__r3", "ckpt_path": "", "ckpt_hash": "c320e5289d180be203f2fa6c1d132ccbee506baac98d7e1038c1ae1dd674679a", "config_hash": "e840f429c53f252733967bfcca5a736d2ed0c080171d7ce6886508e2528e3140", "feature_cache_keys": {"task_unet": "task_unet_bottleneck@c320e5289d18"}, "sam_model_type": "", "sam_checkpoint": "", "metrics": {"primary_metric": "mean_dsc_fg_case_macro", "metric_version": "v3_case_macro", "eval_scope": "case_full_volume", "mean_dsc_fg_case_macro": 0.8669881398623974, "mean_dsc_fg": 0.8669881398623974, "mean_dsc_fg_pooled_diagnostic": 0.8699707595897738, "dsc_per_class_pooled": [0.9990831058852588, 0.8781328821742292, 0.8618086370053183], "dsc_per_class": [0.9990831058852588, 0.8781328821742292, 0.8618086370053183], "n_cases": 120, "n_eval": 120, "structure_detection_rate": 1.0, "missed_structure_rate": 0.0}, "runtime_sec": {"train": 1535.5842914581299, "eval": 2.610948085784912, "select": 30.037105798721313}, "gpu_mem_mb": 9445.455872, "gpu_name": "Tesla V100-PCIE-32GB", "gpu_total_mem_mb": 34072.559616, "foundation": {}, "notes": ""}
{"schema_version": "v3", "run_id": "refuge__P5__s1000", "round": 4, "dataset": "refuge", "modality": "fundus", "target": "optic_nerve_head", "dim": "2d", "query_unit": "image", "seed": 1000, "round_seed": 1004, "component_seeds": {"model_init_seed": 1635232385, "loader_seed": 570107477, "query_seed": 4277118228, "dropout_seed": 1981512765}, "total_rounds": 7, "budget_denominator": {"full_train_N": 960, "requested_pool_cap": 5000, "actual_AL_pool_N": 960, "budget_plan": [10, 20, 39, 68, 96, 144, 192], "fraction_of_AL_pool": 0.2, "fraction_of_full_train": 0.2}, "policy_id": "P5", "policy_name": "EntropyCoreSet", "method_version": "1.0", "is_ablation": false, "policy_config": {}, "cumulative_budget": 96, "incremental_query_count": 48, "labeled_count": 96, "labeled_ratio": 0.1, "selected_ids": ["n0275", "n0356", "n0202", "T0298", "g0025", "n0273", "n0049", "n0329", "V0226", "n0160", "n0029", "T0370", "V0145", "n0261", "n0248", "g0032", "n0218", "n0222", "n0104", "n0041", "n0180", "n0299", "n0272", "T0022", "T0240", "n0207", "V0380", "T0263", "n0131", "T0358", "n0331", "n0325", "n0165", "g0019", "V0238", "n0039", "T0229", "n0305", "n0020", "V0025", "n0215", "T0025", "n0152", "T0039", "T0235", "n0053", "V0160", "T0090"], "selected_scores": [0.000437842623796314, 0.0004408440145198256, 0.00043318330426700413, 0.0004591250035446137, 0.0005929484032094479, 0.00046043458860367537, 0.0005499180988408625, 0.00046394614037126303, 0.0004768347425851971, 0.0004398540186230093, 0.0004814975254703313, 0.0004314491816330701, 0.00046246545389294624, 0.0004561325185932219, 0.00045038084499537945, 0.0004739673750009388, 0.0004593921476043761, 0.0004312977544032037, 0.000432103086495772, 0.0004475792229641229, 0.0004423389327712357, 0.0004437137977220118, 0.0004329288494773209, 0.0004551193560473621, 0.0004422793281264603, 0.00044384386274032295, 0.0005299064796417952, 0.0004885919624939561, 0.00045421678805723786, 0.0004553774488158524, 0.0004376533906906843, 0.0004963247338309884, 0.00047412197454832494, 0.0004346272617112845, 0.0004405671788845211, 0.0004524468968156725, 0.0004537695203907788, 0.00046036794083192945, 0.0004415042931213975, 0.00047462322982028127, 0.0004423592472448945, 0.0017777191242203116, 0.0004573688784148544, 0.0004458812763914466, 0.00043601205106824636, 0.0004341204767115414, 0.0005025092978030443, 0.000465208082459867], "selected_pred_fg_ratio": [0.0186920166015625, 0.02037811279296875, 0.017116546630859375, 0.0198974609375, 0.019969940185546875, 0.016376495361328125, 0.01971435546875, 0.018115997314453125, 0.01752471923828125, 0.0173492431640625, 0.017993927001953125, 0.019115447998046875, 0.021137237548828125, 0.019989013671875, 0.017177581787109375, 0.0188751220703125, 0.01525115966796875, 0.018402099609375, 0.0188446044921875, 0.018550872802734375, 0.0153656005859375, 0.01825714111328125, 0.01396942138671875, 0.019863128662109375, 0.01811981201171875, 0.016574859619140625, 0.01476287841796875, 0.020275115966796875, 0.017810821533203125, 0.017986297607421875, 0.017971038818359375, 0.017375946044921875, 0.01532745361328125, 0.016933441162109375, 0.0172119140625, 0.01930999755859375, 0.0193328857421875, 0.0178680419921875, 0.01625823974609375, 0.02252197265625, 0.018642425537109375, 0.011547088623046875, 0.018463134765625, 0.017505645751953125, 0.014286041259765625, 0.01630401611328125, 0.021595001220703125, 0.020633697509765625], "selected_pred_class_dist": [[0.9813079833984375, 0.013736724853515625, 0.004955291748046875], [0.9796218872070312, 0.015506744384765625, 0.004871368408203125], [0.9828834533691406, 0.011562347412109375, 0.00555419921875], [0.9801025390625, 0.0133819580078125, 0.0065155029296875], [0.9800300598144531, 0.0095062255859375, 0.010463714599609375], [0.9836235046386719, 0.0122528076171875, 0.004123687744140625], [0.98028564453125, 0.014858245849609375, 0.004856109619140625], [0.9818840026855469, 0.01305389404296875, 0.005062103271484375], [0.9824752807617188, 0.010112762451171875, 0.007411956787109375], [0.9826507568359375, 0.0138702392578125, 0.00347900390625], [0.9820060729980469, 0.012523651123046875, 0.00547027587890625], [0.9808845520019531, 0.0120391845703125, 0.007076263427734375], [0.9788627624511719, 0.01386260986328125, 0.007274627685546875], [0.980010986328125, 0.01436614990234375, 0.00562286376953125], [0.9828224182128906, 0.013530731201171875, 0.0036468505859375], [0.9811248779296875, 0.01294708251953125, 0.00592803955078125], [0.9847488403320312, 0.01068878173828125, 0.0045623779296875], [0.981597900390625, 0.014110565185546875, 0.004291534423828125], [0.9811553955078125, 0.013671875, 0.0051727294921875], [0.9814491271972656, 0.014553070068359375, 0.003997802734375], [0.9846343994140625, 0.011203765869140625, 0.004161834716796875], [0.9817428588867188, 0.014469146728515625, 0.003787994384765625], [0.9860305786132812, 0.01116943359375, 0.00279998779296875], [0.9801368713378906, 0.014537811279296875, 0.0053253173828125], [0.9818801879882812, 0.00861358642578125, 0.0095062255859375], [0.9834251403808594, 0.0114898681640625, 0.005084991455078125], [0.9852371215820312, 0.012332916259765625, 0.002429962158203125], [0.9797248840332031, 0.011760711669921875, 0.008514404296875], [0.9821891784667969, 0.014434814453125, 0.003376007080078125], [0.9820137023925781, 0.012798309326171875, 0.00518798828125], [0.9820289611816406, 0.013942718505859375, 0.0040283203125], [0.9826240539550781, 0.012729644775390625, 0.00464630126953125], [0.9846725463867188, 0.011684417724609375, 0.003643035888671875], [0.9830665588378906, 0.01157379150390625, 0.005359649658203125], [0.9827880859375, 0.013214111328125, 0.003997802734375], [0.9806900024414062, 0.01338958740234375, 0.00592041015625], [0.9806671142578125, 0.012493133544921875, 0.006839752197265625], [0.9821319580078125, 0.014186859130859375, 0.003681182861328125], [0.9837417602539062, 0.0116729736328125, 0.00458526611328125], [0.97747802734375, 0.01467132568359375, 0.00785064697265625], [0.9813575744628906, 0.013671875, 0.004970550537109375], [0.9884529113769531, 0.00757598876953125, 0.003971099853515625], [0.981536865234375, 0.014377593994140625, 0.004085540771484375], [0.9824943542480469, 0.013721466064453125, 0.0037841796875], [0.9857139587402344, 0.011730194091796875, 0.00255584716796875], [0.9836959838867188, 0.01247406005859375, 0.0038299560546875], [0.9784049987792969, 0.013874053955078125, 0.007720947265625], [0.9793663024902344, 0.015407562255859375, 0.00522613525390625]], "candidate_count": 864, "candidate_scores_path": "/groups/echambe2/gmeng/MedAL-Agent/repo/code/runs/frozen_v5/candidate_scores/refuge__P5__s1000__r4.json", "predictions_path": "", "initial_labeled_path": "/groups/echambe2/gmeng/MedAL-Agent/repo/code/runs/frozen_v5/init_sets/refuge__s1000__n10.json", "initial_labeled_ids": [], "selection_diagnostics": {}, "training": {"num_iters": 1000, "batch_size": 12, "lr": 0.001, "image_size": 512, "aspect_preserve": true, "resolution_policy": "longside_pad32", "preproc_cache": {"pool": "hit", "val": "hit"}, "train_runtime_sec": 1433.3118624687195, "query_runtime_sec": 28.812164783477783, "iters": 2700, "stop_iter": 2700, "mean_loss": 0.1569730212746395, "last_loss": 0.031987786293029785, "stop_reason": "plateau", "hit_max_iters": false, "final_smooth_loss": 0.0283901858702302, "best_smooth_loss": 0.033302056435495615, "diverged": false, "loss_curve": [[1000, 0.0908139280974865], [1100, 0.0821892610192299], [1200, 0.07250059854239226], [1300, 0.06457910988479852], [1400, 0.05927682552486658], [1500, 0.05348934486508369], [1600, 0.04994980651885271], [1700, 0.04700142413377762], [1800, 0.04483493324369192], [1900, 0.038652425520122054], [2000, 0.03693203739821911], [2100, 0.036277273986488584], [2200, 0.033302056435495615], [2300, 0.031583536714315415], [2400, 0.03139950705692172], [2500, 0.02970858447253704], [2600, 0.028950953390449286], [2700, 0.0283901858702302]]}, "ckpt_id": "refuge__P5__s1000__r4", "ckpt_path": "", "ckpt_hash": "70bdaa073fdfc2281578302ea27bc5945399a42962ae41221dbbf3a3dd23420b", "config_hash": "e840f429c53f252733967bfcca5a736d2ed0c080171d7ce6886508e2528e3140", "feature_cache_keys": {"task_unet": "task_unet_bottleneck@70bdaa073fdf"}, "sam_model_type": "", "sam_checkpoint": "", "metrics": {"primary_metric": "mean_dsc_fg_case_macro", "metric_version": "v3_case_macro", "eval_scope": "case_full_volume", "mean_dsc_fg_case_macro": 0.8727183452242689, "mean_dsc_fg": 0.8727183452242689, "mean_dsc_fg_pooled_diagnostic": 0.8783146725614452, "dsc_per_class_pooled": [0.9991432946857581, 0.8856001020036243, 0.8710292431192661], "dsc_per_class": [0.9991432946857581, 0.8856001020036243, 0.8710292431192661], "n_cases": 120, "n_eval": 120, "structure_detection_rate": 1.0, "missed_structure_rate": 0.0}, "runtime_sec": {"train": 1433.3118624687195, "eval": 2.5756592750549316, "select": 28.812164783477783}, "gpu_mem_mb": 9447.012352, "gpu_name": "Tesla V100-PCIE-32GB", "gpu_total_mem_mb": 34072.559616, "foundation": {}, "notes": ""}
